symbol,period,start_at,open,high,low,close
GRTUSDT,15,1652565600,0.1827,0.1837,0.1783,0.1796
GRTUSDT,15,1652566500,0.1796,0.1823,0.1793,0.1808
GRTUSDT,15,1652567400,0.1808,0.1822,0.1788,0.1822
GRTUSDT,15,1652568300,0.1822,0.1866,0.1808,0.1834
GRTUSDT,15,1652569200,0.1834,0.1858,0.1813,0.1835
GRTUSDT,15,1652570100,0.1835,0.1848,0.182,0.1843
GRTUSDT,15,1652571000,0.1843,0.1881,0.1827,0.1874
GRTUSDT,15,1652571900,0.1874,0.1958,0.1874,0.1924
GRTUSDT,15,1652572800,0.1924,0.1932,0.1862,0.1877
GRTUSDT,15,1652573700,0.1877,0.1942,0.1877,0.1926
GRTUSDT,15,1652574600,0.1926,0.1936,0.1888,0.1899
GRTUSDT,15,1652575500,0.1899,0.191,0.1886,0.1909
GRTUSDT,15,1652576400,0.1909,0.1912,0.1864,0.1889
GRTUSDT,15,1652577300,0.1889,0.1892,0.1864,0.1872
GRTUSDT,15,1652578200,0.1872,0.1906,0.1864,0.1897
GRTUSDT,15,1652579100,0.1897,0.1914,0.1886,0.1889
GRTUSDT,15,1652580000,0.1889,0.1938,0.1884,0.1887
GRTUSDT,15,1652580900,0.1887,0.1912,0.1869,0.1891
GRTUSDT,15,1652581800,0.1891,0.1895,0.1868,0.1878
GRTUSDT,15,1652582700,0.1878,0.1903,0.1874,0.1901
GRTUSDT,15,1652583600,0.1901,0.1918,0.1892,0.1893
GRTUSDT,15,1652584500,0.1893,0.201,0.188,0.1943
GRTUSDT,15,1652585400,0.1943,0.1984,0.1931,0.1976
GRTUSDT,15,1652586300,0.1976,0.2,0.1957,0.199
GRTUSDT,15,1652587200,0.199,0.2002,0.1959,0.1976
GRTUSDT,15,1652588100,0.1976,0.2015,0.1973,0.1975
GRTUSDT,15,1652589000,0.1975,0.1983,0.1943,0.1967
GRTUSDT,15,1652589900,0.1967,0.1973,0.1954,0.1959
GRTUSDT,15,1652590800,0.1959,0.1964,0.1935,0.196
GRTUSDT,15,1652591700,0.196,0.1969,0.195,0.1966
GRTUSDT,15,1652592600,0.1966,0.1988,0.1952,0.1982
GRTUSDT,15,1652593500,0.1982,0.2018,0.1978,0.2012
GRTUSDT,15,1652594400,0.2012,0.204,0.1983,0.1988
GRTUSDT,15,1652595300,0.1988,0.202,0.1979,0.2001
GRTUSDT,15,1652596200,0.2001,0.2002,0.1987,0.1999
GRTUSDT,15,1652597100,0.1999,0.2029,0.1997,0.202
GRTUSDT,15,1652598000,0.202,0.2038,0.2006,0.201
GRTUSDT,15,1652598900,0.201,0.2027,0.2,0.2005
GRTUSDT,15,1652599800,0.2005,0.2022,0.1995,0.2012
GRTUSDT,15,1652600700,0.2012,0.2021,0.1995,0.2012
GRTUSDT,15,1652601600,0.2012,0.2021,0.1997,0.1998
GRTUSDT,15,1652602500,0.1998,0.2008,0.197,0.1994
GRTUSDT,15,1652603400,0.1994,0.1994,0.1972,0.1978
GRTUSDT,15,1652604300,0.1978,0.1984,0.1954,0.1984
GRTUSDT,15,1652605200,0.1984,0.1997,0.1958,0.1963
GRTUSDT,15,1652606100,0.1963,0.1995,0.1962,0.1991
GRTUSDT,15,1652607000,0.1991,0.2015,0.1987,0.1991
GRTUSDT,15,1652607900,0.1991,0.1993,0.1973,0.1977
GRTUSDT,15,1652608800,0.1977,0.1987,0.1957,0.1962
GRTUSDT,15,1652609700,0.1962,0.1963,0.1937,0.1944
GRTUSDT,15,1652610600,0.1944,0.1975,0.1941,0.1971
GRTUSDT,15,1652611500,0.1971,0.1998,0.1964,0.199
GRTUSDT,15,1652612400,0.199,0.1996,0.1971,0.1977
GRTUSDT,15,1652613300,0.1977,0.199,0.1964,0.1981
GRTUSDT,15,1652614200,0.1981,0.21,0.1977,0.2001
GRTUSDT,15,1652615100,0.2001,0.2016,0.1953,0.196
GRTUSDT,15,1652616000,0.196,0.1978,0.1937,0.1939
GRTUSDT,15,1652616900,0.1939,0.1957,0.1898,0.1902
GRTUSDT,15,1652617800,0.1902,0.1939,0.1892,0.1932
GRTUSDT,15,1652618700,0.1932,0.1946,0.1913,0.1922
GRTUSDT,15,1652619600,0.1922,0.1941,0.1918,0.193
GRTUSDT,15,1652620500,0.193,0.1939,0.1896,0.1916
GRTUSDT,15,1652621400,0.1916,0.1939,0.1916,0.1924
GRTUSDT,15,1652622300,0.1924,0.1998,0.1921,0.1949
GRTUSDT,15,1652623200,0.1949,0.1963,0.1899,0.1949
GRTUSDT,15,1652624100,0.1949,0.196,0.1919,0.1945
GRTUSDT,15,1652625000,0.1945,0.1972,0.193,0.1962
GRTUSDT,15,1652625900,0.1962,0.1986,0.196,0.197
GRTUSDT,15,1652626800,0.197,0.2,0.1955,0.1991
GRTUSDT,15,1652627700,0.1991,0.1991,0.1968,0.1982
GRTUSDT,15,1652628600,0.1982,0.1982,0.1944,0.1951
GRTUSDT,15,1652629500,0.1951,0.1955,0.1929,0.1945
GRTUSDT,15,1652630400,0.1945,0.1966,0.1934,0.1941
GRTUSDT,15,1652631300,0.1941,0.1949,0.1937,0.1938
GRTUSDT,15,1652632200,0.1938,0.1978,0.1922,0.1963
GRTUSDT,15,1652633100,0.1963,0.197,0.1954,0.196
GRTUSDT,15,1652634000,0.196,0.1969,0.1952,0.1964
GRTUSDT,15,1652634900,0.1964,0.1968,0.1945,0.1949
GRTUSDT,15,1652635800,0.1949,0.195,0.191,0.1926
GRTUSDT,15,1652636700,0.1926,0.1926,0.1906,0.1911
GRTUSDT,15,1652637600,0.1911,0.1915,0.1903,0.1908
GRTUSDT,15,1652638500,0.1908,0.1916,0.1884,0.1891
GRTUSDT,15,1652639400,0.1891,0.1929,0.1884,0.1929
GRTUSDT,15,1652640300,0.1929,0.1932,0.1897,0.1905
GRTUSDT,15,1652641200,0.1905,0.1919,0.188,0.1885
GRTUSDT,15,1652642100,0.1885,0.1895,0.1884,0.189
GRTUSDT,15,1652643000,0.189,0.1907,0.1887,0.1901
GRTUSDT,15,1652643900,0.1901,0.1926,0.1901,0.1921
GRTUSDT,15,1652644800,0.1921,0.1974,0.1911,0.1953
GRTUSDT,15,1652645700,0.1953,0.1966,0.1937,0.1937
GRTUSDT,15,1652646600,0.1937,0.1948,0.1929,0.1938
GRTUSDT,15,1652647500,0.1938,0.1964,0.1934,0.1958
GRTUSDT,15,1652648400,0.1958,0.1972,0.1949,0.1956
GRTUSDT,15,1652649300,0.1956,0.1958,0.1938,0.1943
GRTUSDT,15,1652650200,0.1943,0.1961,0.1938,0.1956
GRTUSDT,15,1652651100,0.1956,0.1967,0.1951,0.1966
GRTUSDT,15,1669935600,0.06434,0.0645,0.06432,0.0645
GRTUSDT,15,1669935600,0.06434,0.06455,0.06432,0.06445
GRTUSDT,1,1669935600,0.06434,0.0645,0.06432,0.0645
GRTUSDT,1,1669935660,0.0645,0.06455,0.06447,0.06455
GRTUSDT,1,1669935720,0.06455,0.06455,0.06452,0.06455
GRTUSDT,1,1669935780,0.06455,0.06455,0.06445,0.06445
GRTUSDT,1,1669935840,0.06445,0.06446,0.06445,0.06445
GRTUSDT,1,1669935900,0.06445,0.06446,0.06445,0.06446
