symbol,period,start_at,open,high,low,close
ICXUSDT,15,1652565600,0.3788,0.381,0.3772,0.3801
ICXUSDT,15,1652566500,0.3801,0.3808,0.3772,0.3772
ICXUSDT,15,1652567400,0.3772,0.3779,0.3724,0.375
ICXUSDT,15,1652568300,0.375,0.385,0.375,0.3827
ICXUSDT,15,1652569200,0.3827,0.3855,0.3805,0.3816
ICXUSDT,15,1652570100,0.3816,0.3843,0.3808,0.3842
ICXUSDT,15,1652571000,0.3842,0.3867,0.3818,0.386
ICXUSDT,15,1652571900,0.386,0.3876,0.3831,0.3844
ICXUSDT,15,1652572800,0.3844,0.3872,0.3793,0.3816
ICXUSDT,15,1652573700,0.3816,0.3919,0.3816,0.391
ICXUSDT,15,1652574600,0.391,0.3924,0.3844,0.3852
ICXUSDT,15,1652575500,0.3852,0.3867,0.3846,0.3862
ICXUSDT,15,1652576400,0.3862,0.3868,0.3814,0.3817
ICXUSDT,15,1652577300,0.3817,0.3832,0.3805,0.3809
ICXUSDT,15,1652578200,0.3809,0.3815,0.3786,0.3811
ICXUSDT,15,1652579100,0.3811,0.3841,0.3799,0.3831
ICXUSDT,15,1652580000,0.3831,0.386,0.3804,0.3805
ICXUSDT,15,1652580900,0.3805,0.3808,0.3781,0.3786
ICXUSDT,15,1652581800,0.3786,0.379,0.3757,0.376
ICXUSDT,15,1652582700,0.376,0.3796,0.3746,0.3791
ICXUSDT,15,1652583600,0.3791,0.3805,0.3777,0.3784
ICXUSDT,15,1652584500,0.3784,0.3787,0.3737,0.3739
ICXUSDT,15,1652585400,0.3739,0.3762,0.3725,0.3759
ICXUSDT,15,1652586300,0.3759,0.3775,0.3755,0.3771
ICXUSDT,15,1652587200,0.3771,0.3788,0.376,0.3785
ICXUSDT,15,1652588100,0.3785,0.3799,0.3779,0.3789
ICXUSDT,15,1652589000,0.3789,0.3798,0.3736,0.3751
ICXUSDT,15,1652589900,0.3751,0.377,0.3745,0.3758
ICXUSDT,15,1652590800,0.3758,0.3769,0.3726,0.3748
ICXUSDT,15,1652591700,0.3748,0.378,0.374,0.3778
ICXUSDT,15,1652592600,0.3778,0.382,0.3775,0.382
ICXUSDT,15,1652593500,0.382,0.386,0.382,0.3858
ICXUSDT,15,1652594400,0.3858,0.3888,0.3851,0.3859
ICXUSDT,15,1652595300,0.3859,0.3882,0.3842,0.3881
ICXUSDT,15,1652596200,0.3881,0.3881,0.3869,0.3878
ICXUSDT,15,1652597100,0.3878,0.392,0.3866,0.3919
ICXUSDT,15,1652598000,0.3919,0.3949,0.3908,0.3919
ICXUSDT,15,1652598900,0.3919,0.3929,0.3887,0.3892
ICXUSDT,15,1652599800,0.3892,0.3892,0.3871,0.3879
ICXUSDT,15,1652600700,0.3879,0.3882,0.3819,0.3822
ICXUSDT,15,1652601600,0.3822,0.3824,0.3808,0.381
ICXUSDT,15,1652602500,0.381,0.3837,0.3801,0.3828
ICXUSDT,15,1652603400,0.3828,0.3847,0.3811,0.3832
ICXUSDT,15,1652604300,0.3832,0.3834,0.38,0.3805
ICXUSDT,15,1652605200,0.3805,0.3818,0.3792,0.3795
ICXUSDT,15,1652606100,0.3795,0.3838,0.379,0.3822
ICXUSDT,15,1652607000,0.3822,0.3831,0.3819,0.3829
ICXUSDT,15,1652607900,0.3829,0.3848,0.3829,0.3847
ICXUSDT,15,1652608800,0.3847,0.3847,0.379,0.3797
ICXUSDT,15,1652609700,0.3797,0.3805,0.3789,0.3803
ICXUSDT,15,1652610600,0.3803,0.3805,0.3784,0.38
ICXUSDT,15,1652611500,0.38,0.3859,0.3797,0.3859
ICXUSDT,15,1652612400,0.3859,0.388,0.3851,0.3878
ICXUSDT,15,1652613300,0.3878,0.3898,0.3853,0.3892
ICXUSDT,15,1652614200,0.3892,0.3926,0.3886,0.3919
ICXUSDT,15,1652615100,0.3919,0.3982,0.3912,0.393
ICXUSDT,15,1652616000,0.393,0.3962,0.3929,0.3946
ICXUSDT,15,1652616900,0.3946,0.3962,0.3894,0.3894
ICXUSDT,15,1652617800,0.3894,0.3899,0.3857,0.3895
ICXUSDT,15,1652618700,0.3895,0.391,0.3887,0.3904
ICXUSDT,15,1652619600,0.3904,0.3927,0.3892,0.3926
ICXUSDT,15,1652620500,0.3926,0.3931,0.388,0.388
ICXUSDT,15,1652621400,0.388,0.3883,0.3856,0.3856
ICXUSDT,15,1652622300,0.3856,0.3858,0.3845,0.3849
ICXUSDT,15,1652623200,0.3849,0.3861,0.3797,0.3806
ICXUSDT,15,1652624100,0.3806,0.381,0.3747,0.3769
ICXUSDT,15,1652625000,0.3769,0.3811,0.3753,0.3811
ICXUSDT,15,1652625900,0.3811,0.3835,0.3806,0.3822
ICXUSDT,15,1652626800,0.3822,0.3892,0.3822,0.3884
ICXUSDT,15,1652627700,0.3884,0.3887,0.3859,0.387
ICXUSDT,15,1652628600,0.387,0.387,0.3818,0.382
ICXUSDT,15,1652629500,0.382,0.3831,0.38,0.3827
ICXUSDT,15,1652630400,0.3827,0.3856,0.3814,0.3828
ICXUSDT,15,1652631300,0.3828,0.3857,0.3826,0.3857
ICXUSDT,15,1652632200,0.3857,0.3893,0.385,0.3889
ICXUSDT,15,1652633100,0.3889,0.3889,0.3864,0.3879
ICXUSDT,15,1652634000,0.3879,0.3887,0.3869,0.3877
ICXUSDT,15,1652634900,0.3877,0.3889,0.3869,0.3873
ICXUSDT,15,1652635800,0.3873,0.3873,0.3846,0.3846
ICXUSDT,15,1652636700,0.3846,0.3846,0.3815,0.382
ICXUSDT,15,1652637600,0.382,0.3825,0.3808,0.3818
ICXUSDT,15,1652638500,0.3818,0.3845,0.3816,0.3839
ICXUSDT,15,1652639400,0.3839,0.3876,0.3838,0.3875
ICXUSDT,15,1652640300,0.3875,0.3878,0.3835,0.3839
ICXUSDT,15,1652641200,0.3839,0.3857,0.3833,0.3847
ICXUSDT,15,1652642100,0.3847,0.3859,0.3841,0.3841
ICXUSDT,15,1652643000,0.3841,0.3879,0.3841,0.3878
ICXUSDT,15,1652643900,0.3878,0.3915,0.3878,0.3908
ICXUSDT,15,1652644800,0.3908,0.4002,0.3908,0.3988
ICXUSDT,15,1652645700,0.3988,0.4026,0.3979,0.3992
ICXUSDT,15,1652646600,0.3992,0.4007,0.3977,0.3997
ICXUSDT,15,1652647500,0.3997,0.4062,0.3991,0.4058
ICXUSDT,15,1652648400,0.4058,0.4069,0.4039,0.4057
ICXUSDT,15,1652649300,0.4057,0.4057,0.4035,0.4048
ICXUSDT,15,1652650200,0.4048,0.4056,0.4019,0.405
ICXUSDT,15,1652651100,0.405,0.4077,0.4044,0.4077
ICXUSDT,15,1669935600,0.1905,0.1906,0.1904,0.1904
ICXUSDT,15,1669935600,0.1905,0.1906,0.1902,0.1902
ICXUSDT,1,1669935600,0.1905,0.1906,0.1905,0.1905
ICXUSDT,1,1669935660,0.1905,0.1905,0.1902,0.1903
ICXUSDT,1,1669935720,0.1903,0.1903,0.1903,0.1903
ICXUSDT,1,1669935780,0.1903,0.1903,0.1903,0.1903
ICXUSDT,1,1669935840,0.1903,0.1903,0.1902,0.1902
ICXUSDT,1,1669935900,0.1902,0.1902,0.1902,0.1902
