symbol,period,start_at,open,high,low,close
CHZUSDT,15,1652652000,0.12251,0.12388,0.1225,0.12323
CHZUSDT,15,1652652900,0.12323,0.12423,0.12308,0.12381
CHZUSDT,15,1652653800,0.12381,0.12428,0.1237,0.12411
CHZUSDT,15,1652654700,0.12411,0.12463,0.12339,0.12339
CHZUSDT,15,1652655600,0.12339,0.12361,0.12318,0.12318
CHZUSDT,15,1652656500,0.12318,0.12396,0.12317,0.12371
CHZUSDT,15,1652657400,0.12371,0.12486,0.12358,0.12484
CHZUSDT,15,1652658300,0.12484,0.12591,0.12457,0.12588
CHZUSDT,15,1652659200,0.12588,0.12589,0.12311,0.12311
CHZUSDT,15,1652660100,0.12311,0.12311,0.12182,0.12239
CHZUSDT,15,1652661000,0.12239,0.1224,0.1197,0.12017
CHZUSDT,15,1652661900,0.12017,0.12085,0.12015,0.12075
CHZUSDT,15,1652662800,0.12075,0.12114,0.11958,0.12018
CHZUSDT,15,1652663700,0.12018,0.12042,0.1195,0.11985
CHZUSDT,15,1652664600,0.11985,0.11986,0.11871,0.11917
CHZUSDT,15,1652665500,0.11917,0.12021,0.11874,0.12021
CHZUSDT,15,1652666400,0.12021,0.12028,0.11838,0.1189
CHZUSDT,15,1652667300,0.1189,0.11983,0.1189,0.1198
CHZUSDT,15,1652668200,0.1198,0.12127,0.11977,0.1211
CHZUSDT,15,1652669100,0.1211,0.1212,0.12044,0.12113
CHZUSDT,15,1652670000,0.12113,0.12125,0.11965,0.11995
CHZUSDT,15,1652670900,0.11995,0.12,0.11892,0.11902
CHZUSDT,15,1652671800,0.11902,0.11941,0.11884,0.11892
CHZUSDT,15,1652672700,0.11892,0.11942,0.1186,0.11938
CHZUSDT,15,1652673600,0.11938,0.11939,0.11709,0.11759
CHZUSDT,15,1652674500,0.11759,0.11877,0.11749,0.11868
CHZUSDT,15,1652675400,0.11868,0.11898,0.11769,0.11897
CHZUSDT,15,1652676300,0.11897,0.11917,0.1187,0.11898
CHZUSDT,15,1652677200,0.11898,0.11939,0.11839,0.11937
CHZUSDT,15,1652678100,0.11937,0.11961,0.11931,0.11952
CHZUSDT,15,1652679000,0.11952,0.11953,0.11906,0.11918
CHZUSDT,15,1652679900,0.11918,0.11937,0.11785,0.11812
CHZUSDT,15,1652680800,0.11812,0.11812,0.11584,0.11598
CHZUSDT,15,1652681700,0.11598,0.11602,0.11365,0.11444
CHZUSDT,15,1652682600,0.11444,0.11444,0.11239,0.11359
CHZUSDT,15,1652683500,0.11359,0.11361,0.11186,0.11215
CHZUSDT,15,1652684400,0.11215,0.11215,0.11093,0.11122
CHZUSDT,15,1652685300,0.11122,0.11206,0.1109,0.11198
CHZUSDT,15,1652686200,0.11198,0.11261,0.1118,0.11243
CHZUSDT,15,1652687100,0.11243,0.11311,0.1122,0.11281
CHZUSDT,15,1652688000,0.11281,0.11347,0.11266,0.11312
CHZUSDT,15,1652688900,0.11312,0.11438,0.11311,0.11365
CHZUSDT,15,1652689800,0.11365,0.11465,0.11354,0.11465
CHZUSDT,15,1652690700,0.11465,0.11478,0.11439,0.1145
CHZUSDT,15,1652691600,0.1145,0.1145,0.11304,0.11348
CHZUSDT,15,1652692500,0.11348,0.11361,0.11187,0.11221
CHZUSDT,15,1652693400,0.11221,0.11337,0.11221,0.1126
CHZUSDT,15,1652694300,0.1126,0.11411,0.1126,0.113
CHZUSDT,15,1652695200,0.113,0.11455,0.11171,0.11399
CHZUSDT,15,1652696100,0.11399,0.1148,0.11389,0.11404
CHZUSDT,15,1652697000,0.11404,0.1153,0.11397,0.11512
CHZUSDT,15,1652697900,0.11512,0.11668,0.11512,0.11658
CHZUSDT,15,1652698800,0.11658,0.11658,0.1156,0.11568
CHZUSDT,15,1652699700,0.11568,0.11571,0.11475,0.11529
CHZUSDT,15,1652700600,0.11529,0.11541,0.11425,0.11467
CHZUSDT,15,1652701500,0.11467,0.11478,0.1139,0.11437
CHZUSDT,15,1652702400,0.11437,0.11437,0.11258,0.11366
CHZUSDT,15,1652703300,0.11366,0.11594,0.113,0.1157
CHZUSDT,15,1652704200,0.1157,0.11692,0.11454,0.11508
CHZUSDT,15,1652705100,0.11508,0.11517,0.11425,0.11463
CHZUSDT,15,1652706000,0.11463,0.11554,0.11426,0.11471
CHZUSDT,15,1652706900,0.11471,0.11473,0.11374,0.11429
CHZUSDT,15,1652707800,0.11429,0.11531,0.1132,0.11426
CHZUSDT,15,1652708700,0.11426,0.11464,0.11269,0.11398
CHZUSDT,15,1652709600,0.11398,0.11509,0.11324,0.11442
CHZUSDT,15,1652710500,0.11442,0.11552,0.11442,0.11548
CHZUSDT,15,1652711400,0.11548,0.1157,0.11411,0.1143
CHZUSDT,15,1652712300,0.1143,0.1143,0.11348,0.11359
CHZUSDT,15,1652713200,0.11359,0.11439,0.11336,0.11368
CHZUSDT,15,1652714100,0.11368,0.1144,0.11365,0.11391
CHZUSDT,15,1652715000,0.11391,0.11401,0.11185,0.11238
CHZUSDT,15,1652715900,0.11238,0.11456,0.11237,0.11421
CHZUSDT,15,1652716800,0.11421,0.11506,0.11357,0.11401
CHZUSDT,15,1652717700,0.11401,0.11473,0.11367,0.11418
CHZUSDT,15,1652718600,0.11418,0.11492,0.11331,0.11352
CHZUSDT,15,1652719500,0.11352,0.11352,0.11296,0.11332
CHZUSDT,15,1652720400,0.11332,0.11434,0.11308,0.1141
CHZUSDT,15,1652721300,0.1141,0.11471,0.11349,0.11447
CHZUSDT,15,1652722200,0.11447,0.11483,0.11439,0.11475
CHZUSDT,15,1652723100,0.11475,0.11481,0.11431,0.11467
CHZUSDT,15,1652724000,0.11467,0.1155,0.11442,0.11537
CHZUSDT,15,1652724900,0.11537,0.11553,0.11508,0.11552
CHZUSDT,15,1652725800,0.11552,0.11596,0.11529,0.11548
CHZUSDT,15,1652726700,0.11548,0.11585,0.11509,0.11585
CHZUSDT,15,1652727600,0.11585,0.11608,0.11519,0.11527
CHZUSDT,15,1652728500,0.11527,0.1153,0.11472,0.11474
CHZUSDT,15,1652729400,0.11474,0.11477,0.11447,0.1146
CHZUSDT,15,1652730300,0.1146,0.11532,0.1137,0.11419
CHZUSDT,15,1652731200,0.11419,0.11493,0.11411,0.11481
CHZUSDT,15,1652732100,0.11481,0.1153,0.11467,0.11498
CHZUSDT,15,1652733000,0.11498,0.11517,0.11473,0.11509
CHZUSDT,15,1652733900,0.11509,0.11549,0.11509,0.11525
CHZUSDT,15,1652734800,0.11525,0.11621,0.1151,0.11581
CHZUSDT,15,1652735700,0.11581,0.11598,0.11558,0.11561
CHZUSDT,15,1652736600,0.11561,0.11594,0.11552,0.11594
CHZUSDT,15,1652737500,0.11594,0.11604,0.11517,0.11586
