symbol,period,start_at,open,high,low,close
LOOKSUSDT,15,1652565600,0.648,0.651,0.642,0.646
LOOKSUSDT,15,1652566500,0.646,0.654,0.645,0.649
LOOKSUSDT,15,1652567400,0.649,0.65,0.643,0.645
LOOKSUSDT,15,1652568300,0.645,0.674,0.645,0.667
LOOKSUSDT,15,1652569200,0.667,0.676,0.659,0.66
LOOKSUSDT,15,1652570100,0.66,0.663,0.648,0.651
LOOKSUSDT,15,1652571000,0.651,0.651,0.636,0.645
LOOKSUSDT,15,1652571900,0.645,0.655,0.639,0.653
LOOKSUSDT,15,1652572800,0.653,0.661,0.649,0.658
LOOKSUSDT,15,1652573700,0.658,0.68,0.658,0.666
LOOKSUSDT,15,1652574600,0.666,0.667,0.656,0.661
LOOKSUSDT,15,1652575500,0.661,0.662,0.65,0.654
LOOKSUSDT,15,1652576400,0.654,0.656,0.64,0.645
LOOKSUSDT,15,1652577300,0.645,0.651,0.644,0.647
LOOKSUSDT,15,1652578200,0.647,0.653,0.646,0.651
LOOKSUSDT,15,1652579100,0.651,0.662,0.651,0.654
LOOKSUSDT,15,1652580000,0.654,0.666,0.636,0.639
LOOKSUSDT,15,1652580900,0.639,0.645,0.63,0.633
LOOKSUSDT,15,1652581800,0.633,0.635,0.624,0.626
LOOKSUSDT,15,1652582700,0.626,0.639,0.625,0.636
LOOKSUSDT,15,1652583600,0.636,0.639,0.628,0.63
LOOKSUSDT,15,1652584500,0.63,0.63,0.614,0.618
LOOKSUSDT,15,1652585400,0.618,0.632,0.614,0.63
LOOKSUSDT,15,1652586300,0.63,0.636,0.629,0.636
LOOKSUSDT,15,1652587200,0.636,0.64,0.63,0.637
LOOKSUSDT,15,1652588100,0.637,0.639,0.633,0.635
LOOKSUSDT,15,1652589000,0.635,0.638,0.625,0.628
LOOKSUSDT,15,1652589900,0.628,0.632,0.623,0.626
LOOKSUSDT,15,1652590800,0.626,0.627,0.617,0.625
LOOKSUSDT,15,1652591700,0.625,0.631,0.607,0.613
LOOKSUSDT,15,1652592600,0.613,0.619,0.611,0.618
LOOKSUSDT,15,1652593500,0.618,0.625,0.617,0.624
LOOKSUSDT,15,1652594400,0.624,0.631,0.617,0.617
LOOKSUSDT,15,1652595300,0.617,0.631,0.616,0.629
LOOKSUSDT,15,1652596200,0.629,0.631,0.623,0.626
LOOKSUSDT,15,1652597100,0.626,0.636,0.622,0.631
LOOKSUSDT,15,1652598000,0.631,0.644,0.63,0.64
LOOKSUSDT,15,1652598900,0.64,0.645,0.637,0.639
LOOKSUSDT,15,1652599800,0.639,0.64,0.634,0.635
LOOKSUSDT,15,1652600700,0.635,0.635,0.629,0.633
LOOKSUSDT,15,1652601600,0.633,0.635,0.626,0.626
LOOKSUSDT,15,1652602500,0.626,0.632,0.621,0.628
LOOKSUSDT,15,1652603400,0.628,0.631,0.622,0.626
LOOKSUSDT,15,1652604300,0.626,0.627,0.614,0.62
LOOKSUSDT,15,1652605200,0.62,0.625,0.613,0.613
LOOKSUSDT,15,1652606100,0.613,0.624,0.613,0.621
LOOKSUSDT,15,1652607000,0.621,0.624,0.618,0.622
LOOKSUSDT,15,1652607900,0.622,0.623,0.616,0.62
LOOKSUSDT,15,1652608800,0.62,0.621,0.61,0.618
LOOKSUSDT,15,1652609700,0.618,0.62,0.615,0.618
LOOKSUSDT,15,1652610600,0.618,0.619,0.614,0.619
LOOKSUSDT,15,1652611500,0.619,0.633,0.617,0.63
LOOKSUSDT,15,1652612400,0.63,0.636,0.628,0.634
LOOKSUSDT,15,1652613300,0.634,0.635,0.624,0.634
LOOKSUSDT,15,1652614200,0.634,0.649,0.633,0.646
LOOKSUSDT,15,1652615100,0.646,0.654,0.644,0.652
LOOKSUSDT,15,1652616000,0.652,0.663,0.648,0.661
LOOKSUSDT,15,1652616900,0.661,0.666,0.655,0.657
LOOKSUSDT,15,1652617800,0.657,0.658,0.642,0.65
LOOKSUSDT,15,1652618700,0.65,0.65,0.636,0.641
LOOKSUSDT,15,1652619600,0.641,0.645,0.637,0.644
LOOKSUSDT,15,1652620500,0.644,0.648,0.639,0.641
LOOKSUSDT,15,1652621400,0.641,0.641,0.626,0.628
LOOKSUSDT,15,1652622300,0.628,0.635,0.628,0.632
LOOKSUSDT,15,1652623200,0.632,0.632,0.622,0.624
LOOKSUSDT,15,1652624100,0.624,0.626,0.614,0.617
LOOKSUSDT,15,1652625000,0.617,0.624,0.615,0.623
LOOKSUSDT,15,1652625900,0.623,0.628,0.622,0.626
LOOKSUSDT,15,1652626800,0.626,0.639,0.626,0.637
LOOKSUSDT,15,1652627700,0.637,0.637,0.614,0.62
LOOKSUSDT,15,1652628600,0.62,0.623,0.612,0.62
LOOKSUSDT,15,1652629500,0.62,0.635,0.62,0.635
LOOKSUSDT,15,1652630400,0.635,0.643,0.63,0.636
LOOKSUSDT,15,1652631300,0.636,0.644,0.636,0.644
LOOKSUSDT,15,1652632200,0.644,0.652,0.639,0.651
LOOKSUSDT,15,1652633100,0.651,0.656,0.646,0.656
LOOKSUSDT,15,1652634000,0.656,0.658,0.648,0.657
LOOKSUSDT,15,1652634900,0.657,0.662,0.657,0.66
LOOKSUSDT,15,1652635800,0.66,0.661,0.646,0.647
LOOKSUSDT,15,1652636700,0.647,0.65,0.645,0.647
LOOKSUSDT,15,1652637600,0.647,0.658,0.647,0.657
LOOKSUSDT,15,1652638500,0.657,0.662,0.655,0.66
LOOKSUSDT,15,1652639400,0.66,0.671,0.656,0.671
LOOKSUSDT,15,1652640300,0.671,0.674,0.665,0.672
LOOKSUSDT,15,1652641200,0.672,0.676,0.668,0.674
LOOKSUSDT,15,1652642100,0.674,0.679,0.658,0.659
LOOKSUSDT,15,1652643000,0.659,0.66,0.656,0.658
LOOKSUSDT,15,1652643900,0.658,0.68,0.658,0.679
LOOKSUSDT,15,1652644800,0.679,0.702,0.679,0.693
LOOKSUSDT,15,1652645700,0.693,0.712,0.685,0.709
LOOKSUSDT,15,1652646600,0.709,0.709,0.692,0.693
LOOKSUSDT,15,1652647500,0.693,0.704,0.693,0.704
LOOKSUSDT,15,1652648400,0.704,0.708,0.699,0.699
LOOKSUSDT,15,1652649300,0.699,0.7,0.693,0.696
LOOKSUSDT,15,1652650200,0.696,0.697,0.684,0.696
LOOKSUSDT,15,1652651100,0.696,0.707,0.696,0.704
LOOKSUSDT,15,1669935600,0.14161,0.14163,0.1415,0.1416
LOOKSUSDT,15,1669935600,0.14161,0.14163,0.14137,0.14139
LOOKSUSDT,1,1669935600,0.14161,0.14163,0.14156,0.14156
LOOKSUSDT,1,1669935660,0.14156,0.1416,0.14145,0.14145
LOOKSUSDT,1,1669935720,0.14145,0.14153,0.1414,0.1415
LOOKSUSDT,1,1669935780,0.1415,0.1415,0.14139,0.14139
LOOKSUSDT,1,1669935840,0.14139,0.14141,0.14137,0.1414
LOOKSUSDT,1,1669935900,0.1414,0.14142,0.14136,0.1414
