symbol,interval,open_time,open,high,low,close,volume,turnover
ADAUSD,15,1652565600,0.5284,0.5301,0.5248,0.5289,51974,98578.54369704
ADAUSD,15,1652566500,0.5289,0.5295,0.5252,0.5256,70897,134429.82602942
ADAUSD,15,1652567400,0.5256,0.5263,0.5226,0.5258,82603,157373.17633685
ADAUSD,15,1652568300,0.5258,0.541,0.5258,0.5362,120394,224685.00140233
ADAUSD,15,1652569200,0.5362,0.5377,0.5252,0.5267,193609,365153.14288354
ADAUSD,15,1652570100,0.5267,0.5327,0.5262,0.5321,72482,136954.21442122
ADAUSD,15,1652571000,0.5321,0.5369,0.5298,0.5369,46976,87920.95010048
ADAUSD,15,1652571900,0.5369,0.5406,0.5351,0.5362,153251,284785.08293328
ADAUSD,15,1652572800,0.5362,0.5371,0.5305,0.5311,180610,338967.0616533
ADAUSD,15,1652573700,0.5311,0.5401,0.5307,0.5378,51778,96381.47091706
ADAUSD,15,1652574600,0.5378,0.5404,0.5308,0.5309,64621,121067.44590676
ADAUSD,15,1652575500,0.5309,0.5311,0.527,0.5283,106462,201305.04953966
ADAUSD,15,1652576400,0.5283,0.5297,0.52,0.5242,343132,655745.695739
ADAUSD,15,1652577300,0.5242,0.5276,0.5223,0.5228,77405,147515.92260794
ADAUSD,15,1652578200,0.5228,0.5258,0.5217,0.5248,49655,94864.21859944
ADAUSD,15,1652579100,0.5248,0.5301,0.5248,0.5263,302902,573718.89959449
ADAUSD,15,1652580000,0.5263,0.5311,0.5205,0.5217,340253,649081.41451894
ADAUSD,15,1652580900,0.5217,0.5218,0.517,0.5185,289702,557342.77985371
ADAUSD,15,1652581800,0.5185,0.5206,0.5164,0.5171,53073,102373.88618421
ADAUSD,15,1652582700,0.5171,0.5201,0.5163,0.5197,79962,154072.45586823
ADAUSD,15,1652583600,0.5197,0.5214,0.5189,0.5191,23621,45404.87922009
ADAUSD,15,1652584500,0.5191,0.5202,0.5134,0.5144,192041,372924.32640673
ADAUSD,15,1652585400,0.5144,0.5184,0.5136,0.5172,68484,132869.64845909
ADAUSD,15,1652586300,0.5172,0.5196,0.5172,0.5188,156882,302642.18094976
ADAUSD,15,1652587200,0.5188,0.5223,0.5167,0.5223,101167,194352.0996225
ADAUSD,15,1652588100,0.5223,0.5245,0.5192,0.5207,276149,529482.36925566
ADAUSD,15,1652589000,0.5207,0.5211,0.5154,0.5168,135810,262248.40565647
ADAUSD,15,1652589900,0.5168,0.5197,0.5162,0.5184,40806,78753.20555101
ADAUSD,15,1652590800,0.5184,0.5193,0.5156,0.5187,37131,71741.91976168
ADAUSD,15,1652591700,0.5187,0.5219,0.5176,0.521,42943,82526.08965059
ADAUSD,15,1652592600,0.521,0.5272,0.5206,0.5272,150954,288283.92971687
ADAUSD,15,1652593500,0.5272,0.5318,0.5265,0.5291,78657,148718.27404922
ADAUSD,15,1652594400,0.5291,0.5329,0.5272,0.5274,64522,121591.22390612
ADAUSD,15,1652595300,0.5274,0.5317,0.5265,0.5302,119353,225586.94338391
ADAUSD,15,1652596200,0.5302,0.5306,0.5267,0.5273,94776,179402.61759866
ADAUSD,15,1652597100,0.5273,0.5387,0.5256,0.5385,65886,124068.07895641
ADAUSD,15,1652598000,0.5385,0.5461,0.5382,0.5423,286386,527107.95964145
ADAUSD,15,1652598900,0.5423,0.5423,0.5365,0.5365,53682,99538.17956967
ADAUSD,15,1652599800,0.5365,0.5382,0.5348,0.5371,47526,88672.61904198
ADAUSD,15,1652600700,0.5371,0.5373,0.5326,0.5337,29737,55668.47736974
ADAUSD,15,1652601600,0.5337,0.535,0.531,0.5312,45204,84818.01346705
ADAUSD,15,1652602500,0.5312,0.5353,0.5297,0.535,32983,61983.64273856
ADAUSD,15,1652603400,0.535,0.5378,0.5334,0.5376,31945,59686.25590363
ADAUSD,15,1652604300,0.5376,0.5376,0.5297,0.5314,70946,133270.39916215
ADAUSD,15,1652605200,0.5314,0.533,0.53,0.5314,16480,30991.71525815
ADAUSD,15,1652606100,0.5314,0.5393,0.5308,0.5389,63683,118696.61492389
ADAUSD,15,1652607000,0.5389,0.5474,0.538,0.5448,49228,90603.91663867
ADAUSD,15,1652607900,0.5448,0.5473,0.543,0.5433,73552,135111.49435778
ADAUSD,15,1652608800,0.5433,0.5434,0.5375,0.5382,54394,100770.34337007
ADAUSD,15,1652609700,0.5382,0.5402,0.5363,0.5401,32727,60823.53984441
ADAUSD,15,1652610600,0.5401,0.5402,0.5362,0.5368,26752,49706.08214132
ADAUSD,15,1652611500,0.5368,0.5453,0.5366,0.5453,107487,198553.91289693
ADAUSD,15,1652612400,0.5453,0.5465,0.543,0.5454,24002,44021.70685853
ADAUSD,15,1652613300,0.5454,0.5522,0.5432,0.5499,146056,266137.03267853
ADAUSD,15,1652614200,0.5499,0.5565,0.5484,0.5555,64351,116209.89334443
ADAUSD,15,1652615100,0.5555,0.562,0.5548,0.5594,75872,135884.69559133
ADAUSD,15,1652616000,0.5594,0.5649,0.5574,0.5627,55675,99015.03172622
ADAUSD,15,1652616900,0.5627,0.5668,0.5565,0.5565,126230,223811.39527316
ADAUSD,15,1652617800,0.5565,0.5575,0.5509,0.556,73363,132533.34528304
ADAUSD,15,1652618700,0.556,0.5588,0.5529,0.5556,53506,96381.2082778
ADAUSD,15,1652619600,0.5556,0.556,0.551,0.556,31811,57500.045462
ADAUSD,15,1652620500,0.556,0.5574,0.5484,0.5509,38667,70078.04161376
ADAUSD,15,1652621400,0.5509,0.5538,0.5487,0.5487,74264,134787.37404972
ADAUSD,15,1652622300,0.5487,0.552,0.5472,0.55,58100,105654.0717132
ADAUSD,15,1652623200,0.55,0.5528,0.5437,0.5468,211871,388185.7155213
ADAUSD,15,1652624100,0.5468,0.5496,0.5413,0.5439,337237,618368.09895034
ADAUSD,15,1652625000,0.5439,0.5515,0.5412,0.5501,147084,268931.10160749
ADAUSD,15,1652625900,0.5501,0.5531,0.5479,0.5497,85261,155022.49746907
ADAUSD,15,1652626800,0.5497,0.5582,0.5492,0.557,75817,136757.00919175
ADAUSD,15,1652627700,0.557,0.557,0.5508,0.5517,58835,106497.17633451
ADAUSD,15,1652628600,0.5517,0.5519,0.5455,0.5469,55693,101702.40323061
ADAUSD,15,1652629500,0.5469,0.5494,0.542,0.5459,50517,92685.82994086
ADAUSD,15,1652630400,0.5459,0.5496,0.5435,0.5458,47132,86151.28445793
ADAUSD,15,1652631300,0.5458,0.5506,0.5458,0.5503,55400,100922.69873872
ADAUSD,15,1652632200,0.5503,0.5579,0.5488,0.5575,65078,117816.5169973
ADAUSD,15,1652633100,0.5575,0.558,0.5538,0.5569,52729,94874.06925469
ADAUSD,15,1652634000,0.5569,0.561,0.5543,0.5608,86909,156000.87099537
ADAUSD,15,1652634900,0.5608,0.5618,0.5583,0.559,38921,69492.75869047
ADAUSD,15,1652635800,0.559,0.5592,0.553,0.5541,53571,96566.92325721
ADAUSD,15,1652636700,0.5541,0.5558,0.5518,0.5536,96688,174518.57908439
ADAUSD,15,1652637600,0.5536,0.558,0.5521,0.5574,62891,113228.75136145
ADAUSD,15,1652638500,0.5574,0.5613,0.5574,0.5581,69543,124244.55291245
ADAUSD,15,1652639400,0.5581,0.5756,0.5578,0.5754,198232,349118.38547441
ADAUSD,15,1652640300,0.5754,0.5761,0.5706,0.5729,69136,120658.53063711
ADAUSD,15,1652641200,0.5729,0.5731,0.5679,0.5697,46810,82058.1856884
ADAUSD,15,1652642100,0.5697,0.57,0.5668,0.5668,64651,113732.95168405
ADAUSD,15,1652643000,0.5668,0.5754,0.5668,0.5725,74657,130460.06364645
ADAUSD,15,1652643900,0.5725,0.58,0.5725,0.5788,82756,143450.50460822
ADAUSD,15,1652644800,0.5788,0.5805,0.5712,0.5783,153895,267276.09162906
ADAUSD,15,1652645700,0.5783,0.5819,0.5752,0.58,91727,158466.29876536
ADAUSD,15,1652646600,0.58,0.5844,0.5768,0.583,76337,131270.00053562
ADAUSD,15,1652647500,0.583,0.5902,0.581,0.5879,132085,225510.36581368
ADAUSD,15,1652648400,0.5879,0.5884,0.5832,0.5838,75227,128496.38704968
ADAUSD,15,1652649300,0.5838,0.584,0.581,0.5811,75544,129656.48869187
ADAUSD,15,1652650200,0.5811,0.5829,0.58,0.5812,39104,67262.49552752
ADAUSD,15,1652651100,0.5812,0.5833,0.5774,0.5831,69815,120399.48091309
