symbol,period,start_at,open,high,low,close
GTCUSDT,15,1652565600,2.406,2.445,2.406,2.441
GTCUSDT,15,1652566500,2.441,2.442,2.412,2.42
GTCUSDT,15,1652567400,2.42,2.424,2.391,2.392
GTCUSDT,15,1652568300,2.392,2.49,2.392,2.489
GTCUSDT,15,1652569200,2.489,2.503,2.465,2.468
GTCUSDT,15,1652570100,2.468,2.491,2.462,2.488
GTCUSDT,15,1652571000,2.488,2.56,2.485,2.56
GTCUSDT,15,1652571900,2.56,2.597,2.552,2.581
GTCUSDT,15,1652572800,2.581,2.584,2.528,2.538
GTCUSDT,15,1652573700,2.538,2.583,2.538,2.574
GTCUSDT,15,1652574600,2.574,2.579,2.532,2.545
GTCUSDT,15,1652575500,2.545,2.545,2.523,2.529
GTCUSDT,15,1652576400,2.529,2.534,2.505,2.507
GTCUSDT,15,1652577300,2.507,2.519,2.488,2.489
GTCUSDT,15,1652578200,2.489,2.503,2.477,2.499
GTCUSDT,15,1652579100,2.499,2.527,2.494,2.518
GTCUSDT,15,1652580000,2.518,2.549,2.499,2.502
GTCUSDT,15,1652580900,2.502,2.503,2.462,2.462
GTCUSDT,15,1652581800,2.462,2.468,2.443,2.444
GTCUSDT,15,1652582700,2.444,2.448,2.435,2.44
GTCUSDT,15,1652583600,2.44,2.448,2.424,2.425
GTCUSDT,15,1652584500,2.425,2.429,2.402,2.406
GTCUSDT,15,1652585400,2.406,2.431,2.402,2.43
GTCUSDT,15,1652586300,2.43,2.44,2.425,2.438
GTCUSDT,15,1652587200,2.438,2.471,2.431,2.464
GTCUSDT,15,1652588100,2.464,2.474,2.456,2.463
GTCUSDT,15,1652589000,2.463,2.465,2.412,2.429
GTCUSDT,15,1652589900,2.429,2.449,2.424,2.434
GTCUSDT,15,1652590800,2.434,2.439,2.423,2.432
GTCUSDT,15,1652591700,2.432,2.455,2.427,2.451
GTCUSDT,15,1652592600,2.451,2.494,2.449,2.494
GTCUSDT,15,1652593500,2.494,2.554,2.485,2.552
GTCUSDT,15,1652594400,2.552,2.557,2.54,2.547
GTCUSDT,15,1652595300,2.547,2.576,2.536,2.576
GTCUSDT,15,1652596200,2.576,2.578,2.554,2.556
GTCUSDT,15,1652597100,2.556,2.577,2.547,2.574
GTCUSDT,15,1652598000,2.574,2.595,2.574,2.589
GTCUSDT,15,1652598900,2.589,2.593,2.57,2.572
GTCUSDT,15,1652599800,2.572,2.575,2.564,2.568
GTCUSDT,15,1652600700,2.568,2.569,2.532,2.542
GTCUSDT,15,1652601600,2.542,2.546,2.507,2.507
GTCUSDT,15,1652602500,2.507,2.512,2.494,2.504
GTCUSDT,15,1652603400,2.504,2.512,2.491,2.501
GTCUSDT,15,1652604300,2.501,2.504,2.478,2.481
GTCUSDT,15,1652605200,2.481,2.493,2.481,2.487
GTCUSDT,15,1652606100,2.487,2.512,2.478,2.506
GTCUSDT,15,1652607000,2.506,2.515,2.505,2.515
GTCUSDT,15,1652607900,2.515,2.531,2.514,2.524
GTCUSDT,15,1652608800,2.524,2.525,2.485,2.488
GTCUSDT,15,1652609700,2.488,2.491,2.475,2.476
GTCUSDT,15,1652610600,2.476,2.494,2.474,2.491
GTCUSDT,15,1652611500,2.491,2.544,2.491,2.543
GTCUSDT,15,1652612400,2.543,2.547,2.525,2.545
GTCUSDT,15,1652613300,2.545,2.547,2.53,2.543
GTCUSDT,15,1652614200,2.543,2.583,2.541,2.565
GTCUSDT,15,1652615100,2.565,2.584,2.559,2.562
GTCUSDT,15,1652616000,2.562,2.579,2.561,2.564
GTCUSDT,15,1652616900,2.564,2.58,2.54,2.54
GTCUSDT,15,1652617800,2.54,2.543,2.516,2.542
GTCUSDT,15,1652618700,2.542,2.562,2.533,2.541
GTCUSDT,15,1652619600,2.541,2.541,2.517,2.532
GTCUSDT,15,1652620500,2.532,2.541,2.5,2.507
GTCUSDT,15,1652621400,2.507,2.508,2.466,2.476
GTCUSDT,15,1652622300,2.476,2.483,2.464,2.464
GTCUSDT,15,1652623200,2.464,2.479,2.435,2.446
GTCUSDT,15,1652624100,2.446,2.451,2.414,2.423
GTCUSDT,15,1652625000,2.423,2.442,2.413,2.434
GTCUSDT,15,1652625900,2.434,2.454,2.434,2.447
GTCUSDT,15,1652626800,2.447,2.536,2.446,2.532
GTCUSDT,15,1652627700,2.532,2.542,2.523,2.532
GTCUSDT,15,1652628600,2.532,2.537,2.465,2.482
GTCUSDT,15,1652629500,2.482,2.482,2.433,2.453
GTCUSDT,15,1652630400,2.453,2.471,2.445,2.452
GTCUSDT,15,1652631300,2.452,2.466,2.451,2.459
GTCUSDT,15,1652632200,2.459,2.503,2.455,2.503
GTCUSDT,15,1652633100,2.503,2.503,2.475,2.475
GTCUSDT,15,1652634000,2.475,2.488,2.471,2.486
GTCUSDT,15,1652634900,2.486,2.493,2.472,2.475
GTCUSDT,15,1652635800,2.475,2.478,2.413,2.413
GTCUSDT,15,1652636700,2.413,2.417,2.324,2.324
GTCUSDT,15,1652637600,2.324,2.347,2.306,2.318
GTCUSDT,15,1652638500,2.318,2.343,2.308,2.342
GTCUSDT,15,1652639400,2.342,2.371,2.341,2.371
GTCUSDT,15,1652640300,2.371,2.375,2.326,2.34
GTCUSDT,15,1652641200,2.34,2.35,2.331,2.344
GTCUSDT,15,1652642100,2.344,2.36,2.34,2.343
GTCUSDT,15,1652643000,2.343,2.369,2.337,2.369
GTCUSDT,15,1652643900,2.369,2.401,2.367,2.4
GTCUSDT,15,1652644800,2.4,2.427,2.373,2.423
GTCUSDT,15,1652645700,2.423,2.463,2.423,2.454
GTCUSDT,15,1652646600,2.454,2.461,2.438,2.457
GTCUSDT,15,1652647500,2.457,2.488,2.445,2.484
GTCUSDT,15,1652648400,2.484,2.485,2.453,2.456
GTCUSDT,15,1652649300,2.456,2.461,2.446,2.461
GTCUSDT,15,1652650200,2.461,2.468,2.456,2.462
GTCUSDT,15,1652651100,2.462,2.488,2.459,2.486
GTCUSDT,15,1669935600,1.858,1.869,1.858,1.867
GTCUSDT,15,1669935600,1.858,1.869,1.858,1.86
GTCUSDT,1,1669935600,1.858,1.869,1.858,1.868
GTCUSDT,1,1669935660,1.868,1.868,1.867,1.868
GTCUSDT,1,1669935720,1.868,1.869,1.866,1.866
GTCUSDT,1,1669935780,1.866,1.866,1.862,1.862
GTCUSDT,1,1669935840,1.862,1.862,1.86,1.86
GTCUSDT,1,1669935900,1.86,1.861,1.859,1.859
