symbol,period,start_at,open,high,low,close
DENTUSDT,15,1652565600,0.001007,0.001013,0.001001,0.001011
DENTUSDT,15,1652566500,0.001011,0.001013,0.001005,0.001007
DENTUSDT,15,1652567400,0.001007,0.001008,0.001003,0.001006
DENTUSDT,15,1652568300,0.001006,0.001035,0.001006,0.00103
DENTUSDT,15,1652569200,0.00103,0.001035,0.001028,0.001029
DENTUSDT,15,1652570100,0.001029,0.001042,0.001023,0.001042
DENTUSDT,15,1652571000,0.001042,0.001054,0.001038,0.001053
DENTUSDT,15,1652571900,0.001053,0.001067,0.00105,0.001058
DENTUSDT,15,1652572800,0.001058,0.001059,0.001038,0.001041
DENTUSDT,15,1652573700,0.001041,0.001068,0.001041,0.001066
DENTUSDT,15,1652574600,0.001066,0.001071,0.001053,0.001056
DENTUSDT,15,1652575500,0.001056,0.001056,0.001049,0.001052
DENTUSDT,15,1652576400,0.001052,0.001055,0.001038,0.001038
DENTUSDT,15,1652577300,0.001038,0.001043,0.001034,0.001034
DENTUSDT,15,1652578200,0.001034,0.001038,0.00103,0.001035
DENTUSDT,15,1652579100,0.001035,0.001039,0.001033,0.001034
DENTUSDT,15,1652580000,0.001034,0.001046,0.001023,0.001024
DENTUSDT,15,1652580900,0.001024,0.001026,0.001015,0.001018
DENTUSDT,15,1652581800,0.001018,0.001024,0.001014,0.001015
DENTUSDT,15,1652582700,0.001015,0.00102,0.001013,0.001019
DENTUSDT,15,1652583600,0.001019,0.001024,0.001014,0.001014
DENTUSDT,15,1652584500,0.001014,0.001014,0.001004,0.001005
DENTUSDT,15,1652585400,0.001005,0.001015,0.001004,0.001014
DENTUSDT,15,1652586300,0.001014,0.001016,0.001012,0.001016
DENTUSDT,15,1652587200,0.001016,0.001028,0.001013,0.001026
DENTUSDT,15,1652588100,0.001026,0.001026,0.001018,0.001019
DENTUSDT,15,1652589000,0.001019,0.00102,0.001004,0.00101
DENTUSDT,15,1652589900,0.00101,0.001018,0.001006,0.00101
DENTUSDT,15,1652590800,0.00101,0.001013,0.001001,0.001007
DENTUSDT,15,1652591700,0.001007,0.001017,0.001005,0.001015
DENTUSDT,15,1652592600,0.001015,0.001041,0.001015,0.00104
DENTUSDT,15,1652593500,0.00104,0.001049,0.001036,0.001045
DENTUSDT,15,1652594400,0.001045,0.001053,0.001045,0.001047
DENTUSDT,15,1652595300,0.001047,0.001054,0.001042,0.001052
DENTUSDT,15,1652596200,0.001052,0.001053,0.001048,0.001048
DENTUSDT,15,1652597100,0.001048,0.001059,0.001041,0.001058
DENTUSDT,15,1652598000,0.001058,0.001071,0.001054,0.001065
DENTUSDT,15,1652598900,0.001065,0.001066,0.001054,0.001054
DENTUSDT,15,1652599800,0.001054,0.001056,0.001049,0.001051
DENTUSDT,15,1652600700,0.001051,0.001051,0.001039,0.001044
DENTUSDT,15,1652601600,0.001044,0.001047,0.001031,0.001031
DENTUSDT,15,1652602500,0.001031,0.001035,0.001026,0.001032
DENTUSDT,15,1652603400,0.001032,0.001037,0.001026,0.001033
DENTUSDT,15,1652604300,0.001033,0.001034,0.001023,0.00103
DENTUSDT,15,1652605200,0.00103,0.001033,0.001026,0.001026
DENTUSDT,15,1652606100,0.001026,0.001047,0.001025,0.001042
DENTUSDT,15,1652607000,0.001042,0.001047,0.001042,0.001046
DENTUSDT,15,1652607900,0.001046,0.001048,0.001045,0.001048
DENTUSDT,15,1652608800,0.001048,0.00105,0.001042,0.001043
DENTUSDT,15,1652609700,0.001043,0.001048,0.001042,0.001048
DENTUSDT,15,1652610600,0.001048,0.001049,0.001042,0.001048
DENTUSDT,15,1652611500,0.001048,0.001067,0.001046,0.001067
DENTUSDT,15,1652612400,0.001067,0.00107,0.001064,0.001067
DENTUSDT,15,1652613300,0.001067,0.00107,0.001053,0.001068
DENTUSDT,15,1652614200,0.001068,0.001091,0.001067,0.00108
DENTUSDT,15,1652615100,0.00108,0.001097,0.001079,0.001085
DENTUSDT,15,1652616000,0.001085,0.001093,0.001085,0.001087
DENTUSDT,15,1652616900,0.001087,0.001095,0.001077,0.001078
DENTUSDT,15,1652617800,0.001078,0.001078,0.001062,0.001073
DENTUSDT,15,1652618700,0.001073,0.00108,0.001069,0.001072
DENTUSDT,15,1652619600,0.001072,0.001072,0.001062,0.001069
DENTUSDT,15,1652620500,0.001069,0.001072,0.001055,0.001058
DENTUSDT,15,1652621400,0.001058,0.001059,0.001051,0.001052
DENTUSDT,15,1652622300,0.001052,0.001053,0.001047,0.00105
DENTUSDT,15,1652623200,0.00105,0.001051,0.001037,0.001037
DENTUSDT,15,1652624100,0.001037,0.001042,0.001025,0.001029
DENTUSDT,15,1652625000,0.001029,0.00104,0.001024,0.001036
DENTUSDT,15,1652625900,0.001036,0.001045,0.001035,0.001044
DENTUSDT,15,1652626800,0.001044,0.001055,0.001042,0.001055
DENTUSDT,15,1652627700,0.001055,0.001056,0.001047,0.001048
DENTUSDT,15,1652628600,0.001048,0.001048,0.001036,0.001037
DENTUSDT,15,1652629500,0.001037,0.001039,0.001031,0.001037
DENTUSDT,15,1652630400,0.001037,0.001043,0.001033,0.00104
DENTUSDT,15,1652631300,0.00104,0.001046,0.00104,0.001044
DENTUSDT,15,1652632200,0.001044,0.001062,0.001042,0.00106
DENTUSDT,15,1652633100,0.00106,0.001065,0.001054,0.001065
DENTUSDT,15,1652634000,0.001065,0.001066,0.001054,0.001058
DENTUSDT,15,1652634900,0.001058,0.001061,0.001056,0.001057
DENTUSDT,15,1652635800,0.001057,0.001058,0.001043,0.001043
DENTUSDT,15,1652636700,0.001043,0.001046,0.00103,0.001032
DENTUSDT,15,1652637600,0.001032,0.001032,0.001004,0.001004
DENTUSDT,15,1652638500,0.001004,0.001006,0.000997,0.000997
DENTUSDT,15,1652639400,0.000997,0.000999,0.00098,0.00098
DENTUSDT,15,1652640300,0.00098,0.000981,0.000928,0.000944
DENTUSDT,15,1652641200,0.000944,0.000946,0.000924,0.000944
DENTUSDT,15,1652642100,0.000944,0.000977,0.000943,0.000966
DENTUSDT,15,1652643000,0.000966,0.000997,0.000966,0.000997
DENTUSDT,15,1652643900,0.000997,0.001004,0.000979,0.00099
DENTUSDT,15,1652644800,0.00099,0.001006,0.00097,0.001006
DENTUSDT,15,1652645700,0.001006,0.001034,0.000994,0.001033
DENTUSDT,15,1652646600,0.001033,0.001043,0.001017,0.001026
DENTUSDT,15,1652647500,0.001026,0.001037,0.00102,0.001033
DENTUSDT,15,1652648400,0.001033,0.001035,0.001026,0.001028
DENTUSDT,15,1652649300,0.001028,0.00103,0.001018,0.00102
DENTUSDT,15,1652650200,0.00102,0.001023,0.001019,0.00102
DENTUSDT,15,1652651100,0.00102,0.00103,0.00102,0.001028
DENTUSDT,15,1669935600,0.000707,0.000709,0.000707,0.000709
DENTUSDT,15,1669935600,0.000707,0.00071,0.000707,0.000709
DENTUSDT,1,1669935600,0.000707,0.000709,0.000707,0.000709
DENTUSDT,1,1669935660,0.000709,0.00071,0.000709,0.00071
DENTUSDT,1,1669935720,0.00071,0.00071,0.000709,0.00071
DENTUSDT,1,1669935780,0.00071,0.00071,0.000709,0.00071
DENTUSDT,1,1669935840,0.00071,0.00071,0.000709,0.000709
DENTUSDT,1,1669935900,0.000709,0.000709,0.000709,0.000709
