symbol,period,start_at,open,high,low,close
IOTXUSDT,15,1652565600,0.02957,0.02963,0.02945,0.02961
IOTXUSDT,15,1652566500,0.02961,0.02963,0.02945,0.02955
IOTXUSDT,15,1652567400,0.02955,0.02956,0.02944,0.02955
IOTXUSDT,15,1652568300,0.02955,0.03029,0.02955,0.0302
IOTXUSDT,15,1652569200,0.0302,0.03028,0.03003,0.03005
IOTXUSDT,15,1652570100,0.03005,0.03037,0.03005,0.03035
IOTXUSDT,15,1652571000,0.03035,0.03069,0.03025,0.03068
IOTXUSDT,15,1652571900,0.03068,0.03094,0.03057,0.03058
IOTXUSDT,15,1652572800,0.03058,0.03088,0.03026,0.03031
IOTXUSDT,15,1652573700,0.03031,0.03109,0.03031,0.03092
IOTXUSDT,15,1652574600,0.03092,0.03103,0.03053,0.03056
IOTXUSDT,15,1652575500,0.03056,0.03056,0.03032,0.03036
IOTXUSDT,15,1652576400,0.03036,0.03038,0.03013,0.03018
IOTXUSDT,15,1652577300,0.03018,0.03027,0.03006,0.03006
IOTXUSDT,15,1652578200,0.03006,0.03015,0.02998,0.03005
IOTXUSDT,15,1652579100,0.03005,0.03029,0.03004,0.03022
IOTXUSDT,15,1652580000,0.03022,0.03045,0.02995,0.02996
IOTXUSDT,15,1652580900,0.02996,0.02998,0.02969,0.0297
IOTXUSDT,15,1652581800,0.0297,0.02972,0.0295,0.02951
IOTXUSDT,15,1652582700,0.02951,0.02958,0.02939,0.02954
IOTXUSDT,15,1652583600,0.02954,0.02957,0.02931,0.02933
IOTXUSDT,15,1652584500,0.02933,0.02933,0.02919,0.02928
IOTXUSDT,15,1652585400,0.02928,0.02944,0.02917,0.02938
IOTXUSDT,15,1652586300,0.02938,0.02955,0.02936,0.02954
IOTXUSDT,15,1652587200,0.02954,0.0297,0.02941,0.02968
IOTXUSDT,15,1652588100,0.02968,0.02979,0.02962,0.02965
IOTXUSDT,15,1652589000,0.02965,0.02967,0.02937,0.02947
IOTXUSDT,15,1652589900,0.02947,0.02962,0.02942,0.0296
IOTXUSDT,15,1652590800,0.0296,0.02972,0.02949,0.02961
IOTXUSDT,15,1652591700,0.02961,0.02987,0.02954,0.02987
IOTXUSDT,15,1652592600,0.02987,0.03026,0.02985,0.03026
IOTXUSDT,15,1652593500,0.03026,0.0307,0.03024,0.03065
IOTXUSDT,15,1652594400,0.03065,0.03077,0.03051,0.03052
IOTXUSDT,15,1652595300,0.03052,0.03083,0.03049,0.03074
IOTXUSDT,15,1652596200,0.03074,0.03084,0.03064,0.03065
IOTXUSDT,15,1652597100,0.03065,0.03097,0.03062,0.03096
IOTXUSDT,15,1652598000,0.03096,0.03131,0.03096,0.03131
IOTXUSDT,15,1652598900,0.03131,0.03141,0.03106,0.03106
IOTXUSDT,15,1652599800,0.03106,0.03116,0.03094,0.03108
IOTXUSDT,15,1652600700,0.03108,0.03109,0.03071,0.03072
IOTXUSDT,15,1652601600,0.03072,0.03072,0.03036,0.03041
IOTXUSDT,15,1652602500,0.03041,0.03051,0.0303,0.03042
IOTXUSDT,15,1652603400,0.03042,0.0306,0.03041,0.03052
IOTXUSDT,15,1652604300,0.03052,0.03054,0.03019,0.03021
IOTXUSDT,15,1652605200,0.03021,0.03023,0.03007,0.03007
IOTXUSDT,15,1652606100,0.03007,0.03051,0.03006,0.03044
IOTXUSDT,15,1652607000,0.03044,0.03048,0.03037,0.03043
IOTXUSDT,15,1652607900,0.03043,0.03062,0.03042,0.03055
IOTXUSDT,15,1652608800,0.03055,0.03058,0.03031,0.03034
IOTXUSDT,15,1652609700,0.03034,0.03034,0.03025,0.0303
IOTXUSDT,15,1652610600,0.0303,0.03042,0.03023,0.03041
IOTXUSDT,15,1652611500,0.03041,0.03098,0.03041,0.03096
IOTXUSDT,15,1652612400,0.03096,0.03102,0.03089,0.03095
IOTXUSDT,15,1652613300,0.03095,0.0311,0.03086,0.03104
IOTXUSDT,15,1652614200,0.03104,0.03171,0.03101,0.03159
IOTXUSDT,15,1652615100,0.03159,0.03186,0.03155,0.03157
IOTXUSDT,15,1652616000,0.03157,0.03171,0.03138,0.03141
IOTXUSDT,15,1652616900,0.03141,0.0315,0.03114,0.03114
IOTXUSDT,15,1652617800,0.03114,0.03115,0.03087,0.03102
IOTXUSDT,15,1652618700,0.03102,0.03113,0.03087,0.03092
IOTXUSDT,15,1652619600,0.03092,0.031,0.03075,0.031
IOTXUSDT,15,1652620500,0.031,0.03113,0.03055,0.03064
IOTXUSDT,15,1652621400,0.03064,0.03064,0.03045,0.03049
IOTXUSDT,15,1652622300,0.03049,0.03053,0.03034,0.03038
IOTXUSDT,15,1652623200,0.03038,0.0304,0.03012,0.03019
IOTXUSDT,15,1652624100,0.03019,0.03025,0.03005,0.03012
IOTXUSDT,15,1652625000,0.03012,0.03037,0.02999,0.03029
IOTXUSDT,15,1652625900,0.03029,0.03048,0.03029,0.03043
IOTXUSDT,15,1652626800,0.03043,0.0308,0.03043,0.03078
IOTXUSDT,15,1652627700,0.03078,0.03078,0.03054,0.03054
IOTXUSDT,15,1652628600,0.03054,0.03055,0.0301,0.03015
IOTXUSDT,15,1652629500,0.03015,0.03019,0.02996,0.03009
IOTXUSDT,15,1652630400,0.03009,0.03035,0.03006,0.03029
IOTXUSDT,15,1652631300,0.03029,0.03045,0.03028,0.03044
IOTXUSDT,15,1652632200,0.03044,0.03094,0.03037,0.03092
IOTXUSDT,15,1652633100,0.03092,0.03104,0.03079,0.03096
IOTXUSDT,15,1652634000,0.03096,0.03109,0.03088,0.03108
IOTXUSDT,15,1652634900,0.03108,0.03123,0.03099,0.03104
IOTXUSDT,15,1652635800,0.03104,0.03105,0.0308,0.03081
IOTXUSDT,15,1652636700,0.03081,0.03081,0.03064,0.03072
IOTXUSDT,15,1652637600,0.03072,0.03094,0.03065,0.03084
IOTXUSDT,15,1652638500,0.03084,0.03119,0.03084,0.03114
IOTXUSDT,15,1652639400,0.03114,0.03149,0.03113,0.03148
IOTXUSDT,15,1652640300,0.03148,0.0315,0.03122,0.0313
IOTXUSDT,15,1652641200,0.0313,0.03147,0.0312,0.03135
IOTXUSDT,15,1652642100,0.03135,0.03157,0.03132,0.03133
IOTXUSDT,15,1652643000,0.03133,0.03155,0.03133,0.03147
IOTXUSDT,15,1652643900,0.03147,0.03166,0.03147,0.03165
IOTXUSDT,15,1652644800,0.03165,0.03232,0.03158,0.03232
IOTXUSDT,15,1652645700,0.03232,0.03254,0.03215,0.03245
IOTXUSDT,15,1652646600,0.03245,0.03246,0.03227,0.03241
IOTXUSDT,15,1652647500,0.03241,0.03274,0.03234,0.03271
IOTXUSDT,15,1652648400,0.03271,0.03277,0.03246,0.03252
IOTXUSDT,15,1652649300,0.03252,0.03252,0.03229,0.03237
IOTXUSDT,15,1652650200,0.03237,0.03237,0.03211,0.03227
IOTXUSDT,15,1652651100,0.03227,0.03254,0.03224,0.03253
IOTXUSDT,15,1669935600,0.02288,0.02292,0.02288,0.02292
IOTXUSDT,15,1669935600,0.02288,0.02293,0.02288,0.02291
IOTXUSDT,1,1669935600,0.02288,0.02292,0.02288,0.02292
IOTXUSDT,1,1669935660,0.02292,0.02293,0.02292,0.02293
IOTXUSDT,1,1669935720,0.02293,0.02293,0.02291,0.02291
IOTXUSDT,1,1669935780,0.02291,0.02291,0.0229,0.02291
IOTXUSDT,1,1669935840,0.02291,0.02291,0.02291,0.02291
IOTXUSDT,1,1669935900,0.02291,0.02291,0.02291,0.02291
