symbol,period,start_at,open,high,low,close
BNXUSDT,15,1652652000,134.1,135.5,134.09,135.17
BNXUSDT,15,1652652900,135.17,135.45,134.38,135.17
BNXUSDT,15,1652653800,135.17,135.18,134.0,134.46
BNXUSDT,15,1652654700,134.46,134.61,133.7,133.84
BNXUSDT,15,1652655600,133.84,134.34,133.64,134.11
BNXUSDT,15,1652656500,134.11,135.8,134.11,135.77
BNXUSDT,15,1652657400,135.77,136.06,135.18,135.43
BNXUSDT,15,1652658300,135.43,136.43,135.27,136.2
BNXUSDT,15,1652659200,136.2,136.51,134.43,134.43
BNXUSDT,15,1652660100,134.43,134.65,133.74,134.01
BNXUSDT,15,1652661000,134.01,134.08,133.7,133.95
BNXUSDT,15,1652661900,133.95,134.08,132.67,132.82
BNXUSDT,15,1652662800,132.82,133.7,132.51,133.55
BNXUSDT,15,1652663700,133.55,133.62,132.89,133.19
BNXUSDT,15,1652664600,133.19,133.26,132.41,132.41
BNXUSDT,15,1652665500,132.41,132.61,132.28,132.58
BNXUSDT,15,1652666400,132.58,133.41,129.79,130.64
BNXUSDT,15,1652667300,130.64,131.2,130.3,131.2
BNXUSDT,15,1652668200,131.2,132.02,131.12,131.58
BNXUSDT,15,1652669100,131.58,132.45,131.27,132.25
BNXUSDT,15,1652670000,132.25,134.32,132.25,134.2
BNXUSDT,15,1652670900,134.2,134.87,133.81,134.87
BNXUSDT,15,1652671800,134.87,134.96,133.73,133.73
BNXUSDT,15,1652672700,133.73,134.56,133.71,134.11
BNXUSDT,15,1652673600,134.11,134.72,133.54,133.63
BNXUSDT,15,1652674500,133.63,134.41,133.62,134.41
BNXUSDT,15,1652675400,134.41,134.57,133.72,134.48
BNXUSDT,15,1652676300,134.48,134.81,134.14,134.51
BNXUSDT,15,1652677200,134.51,135.18,134.25,134.88
BNXUSDT,15,1652678100,134.88,135.22,134.47,135.22
BNXUSDT,15,1652679000,135.22,135.4,134.9,134.97
BNXUSDT,15,1652679900,134.97,135.15,132.59,132.81
BNXUSDT,15,1652680800,132.81,132.87,131.86,132.85
BNXUSDT,15,1652681700,132.85,133.06,127.67,128.16
BNXUSDT,15,1652682600,128.16,129.78,128.01,129.77
BNXUSDT,15,1652683500,129.77,130.01,128.86,129.14
BNXUSDT,15,1652684400,129.14,129.62,127.01,128.59
BNXUSDT,15,1652685300,128.59,129.78,128.58,129.44
BNXUSDT,15,1652686200,129.44,129.44,128.65,129.15
BNXUSDT,15,1652687100,129.15,129.53,128.56,128.88
BNXUSDT,15,1652688000,128.88,129.5,128.59,128.69
BNXUSDT,15,1652688900,128.69,129.03,128.64,128.73
BNXUSDT,15,1652689800,128.73,129.89,128.57,129.76
BNXUSDT,15,1652690700,129.76,130.32,129.4,130.3
BNXUSDT,15,1652691600,130.3,130.3,128.81,129.61
BNXUSDT,15,1652692500,129.61,129.71,127.82,128.48
BNXUSDT,15,1652693400,128.48,128.81,128.4,128.78
BNXUSDT,15,1652694300,128.78,129.36,128.67,128.79
BNXUSDT,15,1652695200,128.79,130.05,128.74,129.78
BNXUSDT,15,1652696100,129.78,131.12,129.66,130.59
BNXUSDT,15,1652697000,130.59,131.31,130.34,130.99
BNXUSDT,15,1652697900,130.99,132.14,130.79,131.7
BNXUSDT,15,1652698800,131.7,132.01,130.84,131.07
BNXUSDT,15,1652699700,131.07,132.6,130.72,132.56
BNXUSDT,15,1652700600,132.56,133.3,132.06,132.06
BNXUSDT,15,1652701500,132.06,132.66,131.91,132.24
BNXUSDT,15,1652702400,132.24,132.61,131.18,131.36
BNXUSDT,15,1652703300,131.36,132.82,130.66,132.67
BNXUSDT,15,1652704200,132.67,133.7,132.31,132.78
BNXUSDT,15,1652705100,132.78,132.92,131.05,131.49
BNXUSDT,15,1652706000,131.49,132.01,130.75,130.75
BNXUSDT,15,1652706900,130.75,130.89,129.99,130.5
BNXUSDT,15,1652707800,130.5,131.33,130.22,130.65
BNXUSDT,15,1652708700,130.65,130.65,128.84,129.13
BNXUSDT,15,1652709600,129.13,130.56,128.69,129.9
BNXUSDT,15,1652710500,129.9,131.01,129.79,130.68
BNXUSDT,15,1652711400,130.68,130.82,129.29,129.65
BNXUSDT,15,1652712300,129.65,129.73,128.99,129.29
BNXUSDT,15,1652713200,129.29,130.86,129.22,130.38
BNXUSDT,15,1652714100,130.38,131.11,130.38,130.57
BNXUSDT,15,1652715000,130.57,130.72,129.5,129.76
BNXUSDT,15,1652715900,129.76,130.82,129.63,130.45
BNXUSDT,15,1652716800,130.45,130.67,129.6,129.7
BNXUSDT,15,1652717700,129.7,130.31,129.39,130.01
BNXUSDT,15,1652718600,130.01,130.51,129.54,129.54
BNXUSDT,15,1652719500,129.54,129.81,128.58,128.83
BNXUSDT,15,1652720400,128.83,129.98,128.77,129.97
BNXUSDT,15,1652721300,129.97,132.08,129.67,131.53
BNXUSDT,15,1652722200,131.53,132.07,130.72,130.82
BNXUSDT,15,1652723100,130.82,131.42,130.36,130.92
BNXUSDT,15,1652724000,130.92,131.72,130.92,131.51
BNXUSDT,15,1652724900,131.51,131.74,130.71,131.74
BNXUSDT,15,1652725800,131.74,132.82,131.66,132.16
BNXUSDT,15,1652726700,132.16,132.31,131.81,131.98
BNXUSDT,15,1652727600,131.98,132.48,131.64,131.78
BNXUSDT,15,1652728500,131.78,132.31,131.64,132.18
BNXUSDT,15,1652729400,132.18,132.31,131.94,132.2
BNXUSDT,15,1652730300,132.2,132.47,131.28,131.54
BNXUSDT,15,1652731200,131.54,132.31,131.54,132.21
BNXUSDT,15,1652732100,132.21,132.31,131.21,131.41
BNXUSDT,15,1652733000,131.41,132.01,131.03,131.18
BNXUSDT,15,1652733900,131.18,131.72,131.18,131.6
BNXUSDT,15,1652734800,131.6,132.81,131.5,132.69
BNXUSDT,15,1652735700,132.69,132.7,131.8,131.8
BNXUSDT,15,1652736600,131.8,133.06,131.8,132.97
BNXUSDT,15,1652737500,132.97,134.01,132.97,133.64
