symbol,period,start_at,open,high,low,close
FLMUSDT,15,1652565600,0.10045,0.10128,0.10028,0.10128
FLMUSDT,15,1652566500,0.10128,0.10136,0.10061,0.10069
FLMUSDT,15,1652567400,0.10069,0.10075,0.10032,0.10068
FLMUSDT,15,1652568300,0.10068,0.10303,0.10068,0.10291
FLMUSDT,15,1652569200,0.10291,0.10331,0.10228,0.10258
FLMUSDT,15,1652570100,0.10258,0.10348,0.10255,0.10348
FLMUSDT,15,1652571000,0.10348,0.10416,0.1032,0.1041
FLMUSDT,15,1652571900,0.1041,0.105,0.10381,0.10407
FLMUSDT,15,1652572800,0.10407,0.1044,0.10358,0.10382
FLMUSDT,15,1652573700,0.10382,0.10652,0.10382,0.10622
FLMUSDT,15,1652574600,0.10622,0.10671,0.1053,0.10531
FLMUSDT,15,1652575500,0.10531,0.10531,0.10479,0.1049
FLMUSDT,15,1652576400,0.1049,0.10503,0.10411,0.10441
FLMUSDT,15,1652577300,0.10441,0.10472,0.104,0.10407
FLMUSDT,15,1652578200,0.10407,0.1044,0.10366,0.10423
FLMUSDT,15,1652579100,0.10423,0.10483,0.10412,0.10479
FLMUSDT,15,1652580000,0.10479,0.10534,0.10383,0.10387
FLMUSDT,15,1652580900,0.10387,0.10396,0.10241,0.10248
FLMUSDT,15,1652581800,0.10248,0.10262,0.10139,0.10149
FLMUSDT,15,1652582700,0.10149,0.10203,0.1012,0.1018
FLMUSDT,15,1652583600,0.1018,0.10208,0.1016,0.10162
FLMUSDT,15,1652584500,0.10162,0.10162,0.10042,0.10042
FLMUSDT,15,1652585400,0.10042,0.1008,0.10019,0.10069
FLMUSDT,15,1652586300,0.10069,0.1009,0.10064,0.10084
FLMUSDT,15,1652587200,0.10084,0.10168,0.1006,0.10165
FLMUSDT,15,1652588100,0.10165,0.10165,0.1014,0.10143
FLMUSDT,15,1652589000,0.10143,0.10149,0.10018,0.10085
FLMUSDT,15,1652589900,0.10085,0.1015,0.10081,0.1013
FLMUSDT,15,1652590800,0.1013,0.10131,0.10069,0.10091
FLMUSDT,15,1652591700,0.10091,0.10168,0.10089,0.10159
FLMUSDT,15,1652592600,0.10159,0.10221,0.10127,0.10219
FLMUSDT,15,1652593500,0.10219,0.10303,0.10207,0.10277
FLMUSDT,15,1652594400,0.10277,0.10297,0.10227,0.10227
FLMUSDT,15,1652595300,0.10227,0.10418,0.1021,0.10403
FLMUSDT,15,1652596200,0.10403,0.10412,0.10368,0.10372
FLMUSDT,15,1652597100,0.10372,0.1048,0.10366,0.10479
FLMUSDT,15,1652598000,0.10479,0.1052,0.10448,0.10482
FLMUSDT,15,1652598900,0.10482,0.10518,0.10462,0.10469
FLMUSDT,15,1652599800,0.10469,0.10495,0.10453,0.10487
FLMUSDT,15,1652600700,0.10487,0.10488,0.10411,0.10414
FLMUSDT,15,1652601600,0.10414,0.10449,0.10326,0.10326
FLMUSDT,15,1652602500,0.10326,0.1035,0.10291,0.10304
FLMUSDT,15,1652603400,0.10304,0.10374,0.10288,0.10369
FLMUSDT,15,1652604300,0.10369,0.10369,0.10312,0.10315
FLMUSDT,15,1652605200,0.10315,0.10369,0.10315,0.10321
FLMUSDT,15,1652606100,0.10321,0.1039,0.10314,0.10384
FLMUSDT,15,1652607000,0.10384,0.10411,0.10357,0.1039
FLMUSDT,15,1652607900,0.1039,0.10451,0.10384,0.10408
FLMUSDT,15,1652608800,0.10408,0.10428,0.10359,0.10363
FLMUSDT,15,1652609700,0.10363,0.10378,0.10341,0.1037
FLMUSDT,15,1652610600,0.1037,0.10418,0.10339,0.10401
FLMUSDT,15,1652611500,0.10401,0.10559,0.10401,0.10559
FLMUSDT,15,1652612400,0.10559,0.10569,0.10521,0.10532
FLMUSDT,15,1652613300,0.10532,0.10613,0.10502,0.1059
FLMUSDT,15,1652614200,0.1059,0.10691,0.10583,0.10668
FLMUSDT,15,1652615100,0.10668,0.10732,0.10662,0.10682
FLMUSDT,15,1652616000,0.10682,0.10701,0.10657,0.10657
FLMUSDT,15,1652616900,0.10657,0.10702,0.10569,0.1057
FLMUSDT,15,1652617800,0.1057,0.10651,0.10532,0.10651
FLMUSDT,15,1652618700,0.10651,0.1067,0.10612,0.10617
FLMUSDT,15,1652619600,0.10617,0.10622,0.10545,0.10572
FLMUSDT,15,1652620500,0.10572,0.10618,0.10513,0.10531
FLMUSDT,15,1652621400,0.10531,0.10548,0.10507,0.10509
FLMUSDT,15,1652622300,0.10509,0.1052,0.10488,0.10502
FLMUSDT,15,1652623200,0.10502,0.10502,0.1038,0.10419
FLMUSDT,15,1652624100,0.10419,0.10449,0.1036,0.10387
FLMUSDT,15,1652625000,0.10387,0.10491,0.10375,0.10487
FLMUSDT,15,1652625900,0.10487,0.10528,0.10482,0.10491
FLMUSDT,15,1652626800,0.10491,0.10568,0.10491,0.10562
FLMUSDT,15,1652627700,0.10562,0.10562,0.10417,0.10417
FLMUSDT,15,1652628600,0.10417,0.10417,0.10309,0.10319
FLMUSDT,15,1652629500,0.10319,0.10329,0.10246,0.10291
FLMUSDT,15,1652630400,0.10291,0.10311,0.10223,0.10239
FLMUSDT,15,1652631300,0.10239,0.10272,0.10239,0.10264
FLMUSDT,15,1652632200,0.10264,0.1044,0.1026,0.1044
FLMUSDT,15,1652633100,0.1044,0.10449,0.10413,0.10431
FLMUSDT,15,1652634000,0.10431,0.10454,0.10419,0.10423
FLMUSDT,15,1652634900,0.10423,0.10441,0.10398,0.10399
FLMUSDT,15,1652635800,0.10399,0.104,0.10302,0.10302
FLMUSDT,15,1652636700,0.10302,0.10304,0.10239,0.10272
FLMUSDT,15,1652637600,0.10272,0.10281,0.10235,0.10278
FLMUSDT,15,1652638500,0.10278,0.1032,0.10262,0.10289
FLMUSDT,15,1652639400,0.10289,0.10359,0.10258,0.10354
FLMUSDT,15,1652640300,0.10354,0.10372,0.10313,0.1033
FLMUSDT,15,1652641200,0.1033,0.10331,0.10234,0.10236
FLMUSDT,15,1652642100,0.10236,0.10273,0.10233,0.10239
FLMUSDT,15,1652643000,0.10239,0.10311,0.10238,0.10304
FLMUSDT,15,1652643900,0.10304,0.10398,0.10304,0.10391
FLMUSDT,15,1652644800,0.10391,0.10548,0.10371,0.10516
FLMUSDT,15,1652645700,0.10516,0.10565,0.10498,0.1053
FLMUSDT,15,1652646600,0.1053,0.10555,0.10478,0.10523
FLMUSDT,15,1652647500,0.10523,0.10602,0.10515,0.10599
FLMUSDT,15,1652648400,0.10599,0.10613,0.1056,0.10563
FLMUSDT,15,1652649300,0.10563,0.10563,0.10523,0.10527
FLMUSDT,15,1652650200,0.10527,0.10538,0.10503,0.10538
FLMUSDT,15,1652651100,0.10538,0.10629,0.10529,0.10629
FLMUSDT,15,1669935600,0.08634,0.08637,0.08634,0.08637
FLMUSDT,15,1669935600,0.08634,0.0864,0.08634,0.08637
FLMUSDT,1,1669935600,0.08634,0.08634,0.08634,0.08634
FLMUSDT,1,1669935660,0.08634,0.0864,0.08634,0.0864
FLMUSDT,1,1669935720,0.0864,0.0864,0.0864,0.0864
FLMUSDT,1,1669935780,0.0864,0.0864,0.08637,0.08637
FLMUSDT,1,1669935840,0.08637,0.08637,0.08637,0.08637
FLMUSDT,1,1669935900,0.08637,0.08638,0.08637,0.08638
