symbol,period,start_at,open,high,low,close
KAVAUSDT,15,1652565600,2.179,2.219,2.179,2.204
KAVAUSDT,15,1652566500,2.204,2.216,2.201,2.205
KAVAUSDT,15,1652567400,2.205,2.217,2.184,2.217
KAVAUSDT,15,1652568300,2.217,2.265,2.217,2.248
KAVAUSDT,15,1652569200,2.248,2.259,2.227,2.23
KAVAUSDT,15,1652570100,2.23,2.259,2.229,2.247
KAVAUSDT,15,1652571000,2.247,2.268,2.235,2.255
KAVAUSDT,15,1652571900,2.255,2.29,2.242,2.261
KAVAUSDT,15,1652572800,2.261,2.379,2.259,2.322
KAVAUSDT,15,1652573700,2.322,2.372,2.322,2.355
KAVAUSDT,15,1652574600,2.355,2.377,2.328,2.338
KAVAUSDT,15,1652575500,2.338,2.384,2.33,2.368
KAVAUSDT,15,1652576400,2.368,2.38,2.336,2.377
KAVAUSDT,15,1652577300,2.377,2.518,2.377,2.481
KAVAUSDT,15,1652578200,2.481,2.484,2.401,2.43
KAVAUSDT,15,1652579100,2.43,2.457,2.41,2.433
KAVAUSDT,15,1652580000,2.433,2.479,2.419,2.427
KAVAUSDT,15,1652580900,2.427,2.427,2.4,2.408
KAVAUSDT,15,1652581800,2.408,2.409,2.358,2.382
KAVAUSDT,15,1652582700,2.382,2.403,2.377,2.383
KAVAUSDT,15,1652583600,2.383,2.386,2.323,2.325
KAVAUSDT,15,1652584500,2.325,2.35,2.325,2.343
KAVAUSDT,15,1652585400,2.343,2.357,2.334,2.347
KAVAUSDT,15,1652586300,2.347,2.386,2.345,2.37
KAVAUSDT,15,1652587200,2.37,2.379,2.355,2.37
KAVAUSDT,15,1652588100,2.37,2.378,2.357,2.364
KAVAUSDT,15,1652589000,2.364,2.377,2.337,2.371
KAVAUSDT,15,1652589900,2.371,2.396,2.367,2.381
KAVAUSDT,15,1652590800,2.381,2.381,2.35,2.373
KAVAUSDT,15,1652591700,2.373,2.373,2.343,2.367
KAVAUSDT,15,1652592600,2.367,2.39,2.359,2.39
KAVAUSDT,15,1652593500,2.39,2.39,2.366,2.37
KAVAUSDT,15,1652594400,2.37,2.376,2.349,2.349
KAVAUSDT,15,1652595300,2.349,2.378,2.346,2.366
KAVAUSDT,15,1652596200,2.366,2.367,2.322,2.33
KAVAUSDT,15,1652597100,2.33,2.349,2.328,2.34
KAVAUSDT,15,1652598000,2.34,2.36,2.327,2.355
KAVAUSDT,15,1652598900,2.355,2.36,2.347,2.349
KAVAUSDT,15,1652599800,2.349,2.358,2.327,2.33
KAVAUSDT,15,1652600700,2.33,2.33,2.31,2.319
KAVAUSDT,15,1652601600,2.319,2.32,2.291,2.294
KAVAUSDT,15,1652602500,2.294,2.304,2.283,2.292
KAVAUSDT,15,1652603400,2.292,2.298,2.283,2.291
KAVAUSDT,15,1652604300,2.291,2.291,2.263,2.265
KAVAUSDT,15,1652605200,2.265,2.292,2.264,2.287
KAVAUSDT,15,1652606100,2.287,2.312,2.28,2.288
KAVAUSDT,15,1652607000,2.288,2.307,2.288,2.305
KAVAUSDT,15,1652607900,2.305,2.307,2.291,2.296
KAVAUSDT,15,1652608800,2.296,2.296,2.268,2.28
KAVAUSDT,15,1652609700,2.28,2.282,2.275,2.275
KAVAUSDT,15,1652610600,2.275,2.275,2.249,2.256
KAVAUSDT,15,1652611500,2.256,2.314,2.249,2.308
KAVAUSDT,15,1652612400,2.308,2.311,2.273,2.273
KAVAUSDT,15,1652613300,2.273,2.279,2.259,2.278
KAVAUSDT,15,1652614200,2.278,2.311,2.277,2.303
KAVAUSDT,15,1652615100,2.303,2.329,2.302,2.307
KAVAUSDT,15,1652616000,2.307,2.328,2.306,2.316
KAVAUSDT,15,1652616900,2.316,2.339,2.303,2.306
KAVAUSDT,15,1652617800,2.306,2.32,2.292,2.316
KAVAUSDT,15,1652618700,2.316,2.316,2.276,2.283
KAVAUSDT,15,1652619600,2.283,2.285,2.266,2.285
KAVAUSDT,15,1652620500,2.285,2.285,2.269,2.272
KAVAUSDT,15,1652621400,2.272,2.281,2.265,2.266
KAVAUSDT,15,1652622300,2.266,2.272,2.252,2.256
KAVAUSDT,15,1652623200,2.256,2.256,2.202,2.229
KAVAUSDT,15,1652624100,2.229,2.231,2.201,2.212
KAVAUSDT,15,1652625000,2.212,2.226,2.2,2.219
KAVAUSDT,15,1652625900,2.219,2.247,2.218,2.244
KAVAUSDT,15,1652626800,2.244,2.272,2.243,2.268
KAVAUSDT,15,1652627700,2.268,2.268,2.241,2.241
KAVAUSDT,15,1652628600,2.241,2.243,2.228,2.238
KAVAUSDT,15,1652629500,2.238,2.239,2.2,2.218
KAVAUSDT,15,1652630400,2.218,2.224,2.193,2.202
KAVAUSDT,15,1652631300,2.202,2.231,2.2,2.229
KAVAUSDT,15,1652632200,2.229,2.262,2.226,2.26
KAVAUSDT,15,1652633100,2.26,2.267,2.252,2.263
KAVAUSDT,15,1652634000,2.263,2.264,2.25,2.256
KAVAUSDT,15,1652634900,2.256,2.259,2.244,2.25
KAVAUSDT,15,1652635800,2.25,2.274,2.239,2.273
KAVAUSDT,15,1652636700,2.273,2.296,2.272,2.277
KAVAUSDT,15,1652637600,2.277,2.298,2.269,2.291
KAVAUSDT,15,1652638500,2.291,2.334,2.291,2.334
KAVAUSDT,15,1652639400,2.334,2.509,2.332,2.466
KAVAUSDT,15,1652640300,2.466,2.534,2.454,2.491
KAVAUSDT,15,1652641200,2.491,2.539,2.476,2.491
KAVAUSDT,15,1652642100,2.491,2.512,2.486,2.5
KAVAUSDT,15,1652643000,2.5,2.522,2.498,2.516
KAVAUSDT,15,1652643900,2.516,2.53,2.493,2.51
KAVAUSDT,15,1652644800,2.51,2.537,2.487,2.51
KAVAUSDT,15,1652645700,2.51,2.531,2.501,2.512
KAVAUSDT,15,1652646600,2.512,2.529,2.505,2.506
KAVAUSDT,15,1652647500,2.506,2.525,2.506,2.523
KAVAUSDT,15,1652648400,2.523,2.528,2.512,2.516
KAVAUSDT,15,1652649300,2.516,2.518,2.498,2.5
KAVAUSDT,15,1652650200,2.5,2.501,2.475,2.491
KAVAUSDT,15,1652651100,2.491,2.498,2.486,2.496
KAVAUSDT,15,1669935600,0.9,0.902,0.9,0.901
KAVAUSDT,15,1669935600,0.9,0.903,0.9,0.903
KAVAUSDT,1,1669935600,0.9,0.902,0.9,0.901
KAVAUSDT,1,1669935660,0.901,0.902,0.901,0.902
KAVAUSDT,1,1669935720,0.902,0.902,0.902,0.902
KAVAUSDT,1,1669935780,0.902,0.903,0.901,0.903
KAVAUSDT,1,1669935840,0.903,0.903,0.903,0.903
KAVAUSDT,1,1669935900,0.903,0.903,0.902,0.902
