symbol,period,start_at,open,high,low,close
CHRUSDT,15,1652652000,0.2455,0.2475,0.2452,0.2464
CHRUSDT,15,1652652900,0.2464,0.2521,0.2462,0.2498
CHRUSDT,15,1652653800,0.2498,0.2519,0.249,0.249
CHRUSDT,15,1652654700,0.249,0.2497,0.2478,0.2478
CHRUSDT,15,1652655600,0.2478,0.2481,0.2468,0.2473
CHRUSDT,15,1652656500,0.2473,0.2492,0.2471,0.2479
CHRUSDT,15,1652657400,0.2479,0.2499,0.2479,0.2498
CHRUSDT,15,1652658300,0.2498,0.2526,0.2498,0.2524
CHRUSDT,15,1652659200,0.2524,0.2525,0.244,0.2441
CHRUSDT,15,1652660100,0.2441,0.2443,0.2422,0.2428
CHRUSDT,15,1652661000,0.2428,0.2431,0.2386,0.2395
CHRUSDT,15,1652661900,0.2395,0.24,0.2361,0.2377
CHRUSDT,15,1652662800,0.2377,0.2397,0.2351,0.236
CHRUSDT,15,1652663700,0.236,0.2371,0.2352,0.2358
CHRUSDT,15,1652664600,0.2358,0.236,0.2347,0.2347
CHRUSDT,15,1652665500,0.2347,0.2361,0.2343,0.2361
CHRUSDT,15,1652666400,0.2361,0.2361,0.2326,0.233
CHRUSDT,15,1652667300,0.233,0.2349,0.233,0.2349
CHRUSDT,15,1652668200,0.2349,0.2378,0.2349,0.2364
CHRUSDT,15,1652669100,0.2364,0.2385,0.2355,0.2383
CHRUSDT,15,1652670000,0.2383,0.2396,0.2368,0.2373
CHRUSDT,15,1652670900,0.2373,0.2377,0.236,0.2367
CHRUSDT,15,1652671800,0.2367,0.237,0.2357,0.2358
CHRUSDT,15,1652672700,0.2358,0.2358,0.2332,0.2347
CHRUSDT,15,1652673600,0.2347,0.2351,0.2302,0.2303
CHRUSDT,15,1652674500,0.2303,0.2336,0.23,0.2334
CHRUSDT,15,1652675400,0.2334,0.235,0.2312,0.2347
CHRUSDT,15,1652676300,0.2347,0.236,0.2344,0.236
CHRUSDT,15,1652677200,0.236,0.2362,0.2345,0.2352
CHRUSDT,15,1652678100,0.2352,0.2394,0.2352,0.2394
CHRUSDT,15,1652679000,0.2394,0.2407,0.2385,0.24
CHRUSDT,15,1652679900,0.24,0.2401,0.2383,0.2383
CHRUSDT,15,1652680800,0.2383,0.2383,0.2309,0.2313
CHRUSDT,15,1652681700,0.2313,0.2316,0.2254,0.2266
CHRUSDT,15,1652682600,0.2266,0.2285,0.225,0.2284
CHRUSDT,15,1652683500,0.2284,0.2284,0.2265,0.2267
CHRUSDT,15,1652684400,0.2267,0.2267,0.2231,0.2245
CHRUSDT,15,1652685300,0.2245,0.2294,0.2229,0.2285
CHRUSDT,15,1652686200,0.2285,0.2301,0.2283,0.2296
CHRUSDT,15,1652687100,0.2296,0.2306,0.2283,0.229
CHRUSDT,15,1652688000,0.229,0.2317,0.2286,0.2303
CHRUSDT,15,1652688900,0.2303,0.2316,0.2299,0.23
CHRUSDT,15,1652689800,0.23,0.2324,0.2299,0.2319
CHRUSDT,15,1652690700,0.2319,0.2321,0.2314,0.2319
CHRUSDT,15,1652691600,0.2319,0.2321,0.2268,0.2275
CHRUSDT,15,1652692500,0.2275,0.2278,0.2216,0.2223
CHRUSDT,15,1652693400,0.2223,0.2242,0.221,0.2223
CHRUSDT,15,1652694300,0.2223,0.226,0.2222,0.2235
CHRUSDT,15,1652695200,0.2235,0.225,0.2188,0.2239
CHRUSDT,15,1652696100,0.2239,0.2267,0.2236,0.2256
CHRUSDT,15,1652697000,0.2256,0.2297,0.2254,0.2293
CHRUSDT,15,1652697900,0.2293,0.2339,0.2291,0.2335
CHRUSDT,15,1652698800,0.2335,0.2337,0.2304,0.231
CHRUSDT,15,1652699700,0.231,0.231,0.2281,0.2289
CHRUSDT,15,1652700600,0.2289,0.2293,0.2249,0.2249
CHRUSDT,15,1652701500,0.2249,0.2256,0.2234,0.2248
CHRUSDT,15,1652702400,0.2248,0.2249,0.2207,0.2229
CHRUSDT,15,1652703300,0.2229,0.2271,0.2202,0.2266
CHRUSDT,15,1652704200,0.2266,0.2298,0.2257,0.2267
CHRUSDT,15,1652705100,0.2267,0.2272,0.2253,0.226
CHRUSDT,15,1652706000,0.226,0.2291,0.2251,0.2282
CHRUSDT,15,1652706900,0.2282,0.2282,0.2245,0.2251
CHRUSDT,15,1652707800,0.2251,0.2281,0.224,0.2257
CHRUSDT,15,1652708700,0.2257,0.226,0.2185,0.2194
CHRUSDT,15,1652709600,0.2194,0.2232,0.2184,0.2224
CHRUSDT,15,1652710500,0.2224,0.2244,0.2223,0.2238
CHRUSDT,15,1652711400,0.2238,0.2248,0.2211,0.2216
CHRUSDT,15,1652712300,0.2216,0.2217,0.2185,0.2189
CHRUSDT,15,1652713200,0.2189,0.2208,0.2174,0.2192
CHRUSDT,15,1652714100,0.2192,0.2205,0.2184,0.2184
CHRUSDT,15,1652715000,0.2184,0.2189,0.2133,0.2148
CHRUSDT,15,1652715900,0.2148,0.2192,0.2147,0.2188
CHRUSDT,15,1652716800,0.2188,0.2209,0.2173,0.2183
CHRUSDT,15,1652717700,0.2183,0.2214,0.2172,0.2196
CHRUSDT,15,1652718600,0.2196,0.2208,0.2169,0.2174
CHRUSDT,15,1652719500,0.2174,0.2183,0.2165,0.2175
CHRUSDT,15,1652720400,0.2175,0.2195,0.2169,0.2189
CHRUSDT,15,1652721300,0.2189,0.2211,0.2174,0.2208
CHRUSDT,15,1652722200,0.2208,0.222,0.2205,0.221
CHRUSDT,15,1652723100,0.221,0.2211,0.22,0.2208
CHRUSDT,15,1652724000,0.2208,0.2237,0.22,0.2231
CHRUSDT,15,1652724900,0.2231,0.2233,0.2223,0.2231
CHRUSDT,15,1652725800,0.2231,0.2242,0.2231,0.2238
CHRUSDT,15,1652726700,0.2238,0.2245,0.2226,0.2244
CHRUSDT,15,1652727600,0.2244,0.2259,0.2237,0.2238
CHRUSDT,15,1652728500,0.2238,0.2243,0.2215,0.2215
CHRUSDT,15,1652729400,0.2215,0.2219,0.2208,0.2218
CHRUSDT,15,1652730300,0.2218,0.2236,0.2212,0.2224
CHRUSDT,15,1652731200,0.2224,0.2232,0.222,0.2225
CHRUSDT,15,1652732100,0.2225,0.2236,0.2218,0.2224
CHRUSDT,15,1652733000,0.2224,0.2231,0.222,0.2231
CHRUSDT,15,1652733900,0.2231,0.2244,0.223,0.2244
CHRUSDT,15,1652734800,0.2244,0.2266,0.2241,0.2252
CHRUSDT,15,1652735700,0.2252,0.2253,0.2244,0.2245
CHRUSDT,15,1652736600,0.2245,0.2255,0.2239,0.2255
CHRUSDT,15,1652737500,0.2255,0.226,0.2242,0.2259
