symbol,period,start_at,open,high,low,close
QTUMUSDT,15,1652565600,3.985,3.986,3.96,3.98
QTUMUSDT,15,1652566500,3.98,3.987,3.97,3.973
QTUMUSDT,15,1652567400,3.973,3.975,3.956,3.975
QTUMUSDT,15,1652568300,3.975,4.056,3.975,4.029
QTUMUSDT,15,1652569200,4.029,4.041,4.01,4.015
QTUMUSDT,15,1652570100,4.015,4.052,4.015,4.051
QTUMUSDT,15,1652571000,4.051,4.095,4.036,4.089
QTUMUSDT,15,1652571900,4.089,4.115,4.069,4.083
QTUMUSDT,15,1652572800,4.083,4.095,4.042,4.046
QTUMUSDT,15,1652573700,4.046,4.104,4.046,4.094
QTUMUSDT,15,1652574600,4.094,4.096,4.046,4.054
QTUMUSDT,15,1652575500,4.054,4.054,4.034,4.038
QTUMUSDT,15,1652576400,4.038,4.044,4.008,4.009
QTUMUSDT,15,1652577300,4.009,4.022,3.999,4.003
QTUMUSDT,15,1652578200,4.003,4.008,3.991,4.001
QTUMUSDT,15,1652579100,4.001,4.023,4.001,4.015
QTUMUSDT,15,1652580000,4.015,4.037,3.971,3.975
QTUMUSDT,15,1652580900,3.975,3.979,3.946,3.952
QTUMUSDT,15,1652581800,3.952,3.964,3.943,3.954
QTUMUSDT,15,1652582700,3.954,3.992,3.943,3.988
QTUMUSDT,15,1652583600,3.988,3.997,3.98,3.98
QTUMUSDT,15,1652584500,3.98,3.982,3.95,3.953
QTUMUSDT,15,1652585400,3.953,3.974,3.938,3.972
QTUMUSDT,15,1652586300,3.972,3.993,3.969,3.989
QTUMUSDT,15,1652587200,3.989,4.007,3.965,4.0
QTUMUSDT,15,1652588100,4.0,4.007,3.982,3.983
QTUMUSDT,15,1652589000,3.983,3.989,3.955,3.971
QTUMUSDT,15,1652589900,3.971,3.995,3.969,3.983
QTUMUSDT,15,1652590800,3.983,3.991,3.964,3.977
QTUMUSDT,15,1652591700,3.977,4.005,3.973,4.004
QTUMUSDT,15,1652592600,4.004,4.053,3.999,4.052
QTUMUSDT,15,1652593500,4.052,4.087,4.042,4.076
QTUMUSDT,15,1652594400,4.076,4.089,4.061,4.066
QTUMUSDT,15,1652595300,4.066,4.091,4.056,4.075
QTUMUSDT,15,1652596200,4.075,4.079,4.059,4.059
QTUMUSDT,15,1652597100,4.059,4.101,4.049,4.101
QTUMUSDT,15,1652598000,4.101,4.134,4.095,4.1
QTUMUSDT,15,1652598900,4.1,4.104,4.072,4.072
QTUMUSDT,15,1652599800,4.072,4.106,4.071,4.102
QTUMUSDT,15,1652600700,4.102,4.102,4.063,4.066
QTUMUSDT,15,1652601600,4.066,4.073,4.03,4.032
QTUMUSDT,15,1652602500,4.032,4.036,3.998,4.016
QTUMUSDT,15,1652603400,4.016,4.019,3.993,4.01
QTUMUSDT,15,1652604300,4.01,4.01,3.984,3.985
QTUMUSDT,15,1652605200,3.985,3.999,3.98,3.982
QTUMUSDT,15,1652606100,3.982,4.012,3.98,4.0
QTUMUSDT,15,1652607000,4.0,4.009,3.993,4.008
QTUMUSDT,15,1652607900,4.008,4.019,4.008,4.019
QTUMUSDT,15,1652608800,4.019,4.023,3.994,4.003
QTUMUSDT,15,1652609700,4.003,4.021,3.999,4.017
QTUMUSDT,15,1652610600,4.017,4.026,3.997,4.017
QTUMUSDT,15,1652611500,4.017,4.083,4.017,4.079
QTUMUSDT,15,1652612400,4.079,4.089,4.062,4.064
QTUMUSDT,15,1652613300,4.064,4.08,4.038,4.074
QTUMUSDT,15,1652614200,4.074,4.113,4.073,4.092
QTUMUSDT,15,1652615100,4.092,4.146,4.092,4.133
QTUMUSDT,15,1652616000,4.133,4.161,4.133,4.138
QTUMUSDT,15,1652616900,4.138,4.184,4.113,4.113
QTUMUSDT,15,1652617800,4.113,4.117,4.082,4.109
QTUMUSDT,15,1652618700,4.109,4.12,4.079,4.096
QTUMUSDT,15,1652619600,4.096,4.096,4.064,4.087
QTUMUSDT,15,1652620500,4.087,4.092,4.025,4.041
QTUMUSDT,15,1652621400,4.041,4.045,4.025,4.026
QTUMUSDT,15,1652622300,4.026,4.028,4.012,4.015
QTUMUSDT,15,1652623200,4.015,4.023,3.96,3.977
QTUMUSDT,15,1652624100,3.977,3.98,3.943,3.965
QTUMUSDT,15,1652625000,3.965,4.001,3.949,3.994
QTUMUSDT,15,1652625900,3.994,4.002,3.988,3.997
QTUMUSDT,15,1652626800,3.997,4.047,3.997,4.045
QTUMUSDT,15,1652627700,4.045,4.045,4.014,4.018
QTUMUSDT,15,1652628600,4.018,4.018,3.988,3.999
QTUMUSDT,15,1652629500,3.999,4.012,3.969,4.009
QTUMUSDT,15,1652630400,4.009,4.029,3.995,3.999
QTUMUSDT,15,1652631300,3.999,4.022,3.999,4.015
QTUMUSDT,15,1652632200,4.015,4.078,4.008,4.076
QTUMUSDT,15,1652633100,4.076,4.078,4.054,4.067
QTUMUSDT,15,1652634000,4.067,4.09,4.062,4.089
QTUMUSDT,15,1652634900,4.089,4.093,4.065,4.071
QTUMUSDT,15,1652635800,4.071,4.071,4.014,4.016
QTUMUSDT,15,1652636700,4.016,4.02,3.993,3.993
QTUMUSDT,15,1652637600,3.993,3.994,3.973,3.983
QTUMUSDT,15,1652638500,3.983,3.996,3.973,3.988
QTUMUSDT,15,1652639400,3.988,4.031,3.981,4.031
QTUMUSDT,15,1652640300,4.031,4.049,4.008,4.046
QTUMUSDT,15,1652641200,4.046,4.05,4.014,4.017
QTUMUSDT,15,1652642100,4.017,4.044,4.01,4.011
QTUMUSDT,15,1652643000,4.011,4.055,4.011,4.05
QTUMUSDT,15,1652643900,4.05,4.082,4.05,4.082
QTUMUSDT,15,1652644800,4.082,4.17,4.068,4.17
QTUMUSDT,15,1652645700,4.17,4.177,4.131,4.134
QTUMUSDT,15,1652646600,4.134,4.153,4.126,4.152
QTUMUSDT,15,1652647500,4.152,4.17,4.144,4.168
QTUMUSDT,15,1652648400,4.168,4.205,4.168,4.196
QTUMUSDT,15,1652649300,4.196,4.196,4.18,4.183
QTUMUSDT,15,1652650200,4.183,4.199,4.172,4.197
QTUMUSDT,15,1652651100,4.197,4.218,4.194,4.216
QTUMUSDT,15,1669935600,2.218,2.22,2.218,2.22
QTUMUSDT,15,1669935600,2.218,2.224,2.218,2.22
QTUMUSDT,1,1669935600,2.218,2.22,2.218,2.22
QTUMUSDT,1,1669935660,2.22,2.222,2.22,2.222
QTUMUSDT,1,1669935720,2.222,2.224,2.222,2.223
QTUMUSDT,1,1669935780,2.223,2.223,2.218,2.22
QTUMUSDT,1,1669935840,2.22,2.22,2.22,2.22
QTUMUSDT,1,1669935900,2.22,2.22,2.22,2.22
