symbol,period,start_at,open,high,low,close
ENSUSDT,15,1652565600,9.36,9.37,9.28,9.36
ENSUSDT,15,1652566500,9.36,9.37,9.27,9.27
ENSUSDT,15,1652567400,9.27,9.33,9.26,9.32
ENSUSDT,15,1652568300,9.32,9.68,9.32,9.6
ENSUSDT,15,1652569200,9.6,9.63,9.49,9.51
ENSUSDT,15,1652570100,9.51,9.59,9.44,9.57
ENSUSDT,15,1652571000,9.57,9.77,9.51,9.75
ENSUSDT,15,1652571900,9.75,9.76,9.61,9.63
ENSUSDT,15,1652572800,9.63,9.65,9.5,9.51
ENSUSDT,15,1652573700,9.51,9.76,9.51,9.7
ENSUSDT,15,1652574600,9.7,9.74,9.52,9.55
ENSUSDT,15,1652575500,9.55,9.55,9.43,9.44
ENSUSDT,15,1652576400,9.44,9.47,9.35,9.37
ENSUSDT,15,1652577300,9.37,9.39,9.28,9.28
ENSUSDT,15,1652578200,9.28,9.31,9.23,9.29
ENSUSDT,15,1652579100,9.29,9.41,9.27,9.36
ENSUSDT,15,1652580000,9.36,9.45,9.23,9.24
ENSUSDT,15,1652580900,9.24,9.24,9.14,9.14
ENSUSDT,15,1652581800,9.14,9.17,9.07,9.08
ENSUSDT,15,1652582700,9.08,9.16,9.04,9.14
ENSUSDT,15,1652583600,9.14,9.18,9.06,9.08
ENSUSDT,15,1652584500,9.08,9.09,8.93,8.97
ENSUSDT,15,1652585400,8.97,8.99,8.91,8.96
ENSUSDT,15,1652586300,8.96,9.05,8.95,9.03
ENSUSDT,15,1652587200,9.03,9.14,8.96,9.11
ENSUSDT,15,1652588100,9.11,9.17,9.08,9.12
ENSUSDT,15,1652589000,9.12,9.13,9.0,9.05
ENSUSDT,15,1652589900,9.05,9.08,9.02,9.06
ENSUSDT,15,1652590800,9.06,9.1,8.97,9.0
ENSUSDT,15,1652591700,9.0,9.12,8.97,9.11
ENSUSDT,15,1652592600,9.11,9.36,9.1,9.36
ENSUSDT,15,1652593500,9.36,9.45,9.29,9.4
ENSUSDT,15,1652594400,9.4,9.44,9.28,9.29
ENSUSDT,15,1652595300,9.29,9.38,9.27,9.33
ENSUSDT,15,1652596200,9.33,9.35,9.24,9.26
ENSUSDT,15,1652597100,9.26,9.36,9.22,9.36
ENSUSDT,15,1652598000,9.36,9.48,9.34,9.41
ENSUSDT,15,1652598900,9.41,9.43,9.28,9.28
ENSUSDT,15,1652599800,9.28,9.35,9.26,9.32
ENSUSDT,15,1652600700,9.32,9.33,9.21,9.23
ENSUSDT,15,1652601600,9.23,9.25,9.07,9.08
ENSUSDT,15,1652602500,9.08,9.12,9.02,9.09
ENSUSDT,15,1652603400,9.09,9.14,9.05,9.14
ENSUSDT,15,1652604300,9.14,9.14,9.02,9.06
ENSUSDT,15,1652605200,9.06,9.09,8.99,9.0
ENSUSDT,15,1652606100,9.0,9.16,9.0,9.14
ENSUSDT,15,1652607000,9.14,9.15,9.08,9.14
ENSUSDT,15,1652607900,9.14,9.17,9.12,9.17
ENSUSDT,15,1652608800,9.17,9.18,9.06,9.09
ENSUSDT,15,1652609700,9.09,9.13,9.04,9.1
ENSUSDT,15,1652610600,9.1,9.16,9.05,9.13
ENSUSDT,15,1652611500,9.13,9.4,9.1,9.38
ENSUSDT,15,1652612400,9.38,9.39,9.31,9.33
ENSUSDT,15,1652613300,9.33,9.42,9.27,9.4
ENSUSDT,15,1652614200,9.4,9.56,9.36,9.49
ENSUSDT,15,1652615100,9.49,9.58,9.46,9.49
ENSUSDT,15,1652616000,9.49,9.57,9.47,9.48
ENSUSDT,15,1652616900,9.48,9.56,9.37,9.39
ENSUSDT,15,1652617800,9.39,9.42,9.29,9.41
ENSUSDT,15,1652618700,9.41,9.46,9.33,9.36
ENSUSDT,15,1652619600,9.36,9.37,9.25,9.33
ENSUSDT,15,1652620500,9.33,9.35,9.15,9.2
ENSUSDT,15,1652621400,9.2,9.25,9.16,9.17
ENSUSDT,15,1652622300,9.17,9.22,9.15,9.19
ENSUSDT,15,1652623200,9.19,9.21,9.05,9.12
ENSUSDT,15,1652624100,9.12,9.15,8.98,9.01
ENSUSDT,15,1652625000,9.01,9.09,8.95,9.08
ENSUSDT,15,1652625900,9.08,9.14,9.07,9.1
ENSUSDT,15,1652626800,9.1,9.27,9.1,9.26
ENSUSDT,15,1652627700,9.26,9.28,9.2,9.24
ENSUSDT,15,1652628600,9.24,9.24,9.12,9.13
ENSUSDT,15,1652629500,9.13,9.14,9.0,9.11
ENSUSDT,15,1652630400,9.11,9.21,9.09,9.15
ENSUSDT,15,1652631300,9.15,9.29,9.15,9.28
ENSUSDT,15,1652632200,9.28,9.65,9.24,9.6
ENSUSDT,15,1652633100,9.6,9.6,9.51,9.53
ENSUSDT,15,1652634000,9.53,9.53,9.44,9.48
ENSUSDT,15,1652634900,9.48,9.5,9.39,9.4
ENSUSDT,15,1652635800,9.4,9.4,9.23,9.24
ENSUSDT,15,1652636700,9.24,9.26,9.14,9.19
ENSUSDT,15,1652637600,9.19,9.23,9.14,9.23
ENSUSDT,15,1652638500,9.23,9.36,9.23,9.33
ENSUSDT,15,1652639400,9.33,9.57,9.33,9.57
ENSUSDT,15,1652640300,9.57,9.58,9.42,9.44
ENSUSDT,15,1652641200,9.44,9.44,9.31,9.35
ENSUSDT,15,1652642100,9.35,9.39,9.29,9.29
ENSUSDT,15,1652643000,9.29,9.49,9.29,9.45
ENSUSDT,15,1652643900,9.45,9.65,9.45,9.65
ENSUSDT,15,1652644800,9.65,9.75,9.55,9.73
ENSUSDT,15,1652645700,9.73,9.79,9.63,9.66
ENSUSDT,15,1652646600,9.66,9.74,9.6,9.67
ENSUSDT,15,1652647500,9.67,9.77,9.67,9.73
ENSUSDT,15,1652648400,9.73,9.78,9.66,9.68
ENSUSDT,15,1652649300,9.68,9.68,9.62,9.62
ENSUSDT,15,1652650200,9.62,9.66,9.58,9.64
ENSUSDT,15,1652651100,9.64,9.91,9.63,9.89
ENSUSDT,15,1669935600,14.1,14.14,14.1,14.14
ENSUSDT,15,1669935600,14.1,14.16,14.1,14.14
ENSUSDT,1,1669935600,14.1,14.14,14.1,14.14
ENSUSDT,1,1669935660,14.14,14.16,14.13,14.16
ENSUSDT,1,1669935720,14.16,14.16,14.14,14.14
ENSUSDT,1,1669935780,14.14,14.14,14.14,14.14
ENSUSDT,1,1669935840,14.14,14.14,14.13,14.14
ENSUSDT,1,1669935900,14.14,14.14,14.14,14.14
