symbol,period,start_at,open,high,low,close
BSWUSDT,15,1652652000,0.5807,0.5869,0.5806,0.5862
BSWUSDT,15,1652652900,0.5862,0.5887,0.5858,0.5883
BSWUSDT,15,1652653800,0.5883,0.59,0.5873,0.5876
BSWUSDT,15,1652654700,0.5876,0.5907,0.5875,0.588
BSWUSDT,15,1652655600,0.588,0.5893,0.5866,0.5891
BSWUSDT,15,1652656500,0.5891,0.5893,0.5877,0.588
BSWUSDT,15,1652657400,0.588,0.5898,0.588,0.5898
BSWUSDT,15,1652658300,0.5898,0.5917,0.5892,0.5906
BSWUSDT,15,1652659200,0.5906,0.5924,0.5815,0.5815
BSWUSDT,15,1652660100,0.5815,0.5815,0.5763,0.5785
BSWUSDT,15,1652661000,0.5785,0.5787,0.5779,0.5786
BSWUSDT,15,1652661900,0.5786,0.5789,0.5764,0.5767
BSWUSDT,15,1652662800,0.5767,0.5813,0.5764,0.5792
BSWUSDT,15,1652663700,0.5792,0.5805,0.5777,0.578
BSWUSDT,15,1652664600,0.578,0.578,0.5746,0.5746
BSWUSDT,15,1652665500,0.5746,0.5772,0.5734,0.5764
BSWUSDT,15,1652666400,0.5764,0.577,0.5737,0.5747
BSWUSDT,15,1652667300,0.5747,0.5756,0.5741,0.5747
BSWUSDT,15,1652668200,0.5747,0.5752,0.5717,0.5721
BSWUSDT,15,1652669100,0.5721,0.5734,0.5709,0.5734
BSWUSDT,15,1652670000,0.5734,0.5735,0.571,0.5712
BSWUSDT,15,1652670900,0.5712,0.5712,0.5686,0.5687
BSWUSDT,15,1652671800,0.5687,0.5703,0.5687,0.57
BSWUSDT,15,1652672700,0.57,0.5701,0.5684,0.5685
BSWUSDT,15,1652673600,0.5685,0.5686,0.5649,0.5654
BSWUSDT,15,1652674500,0.5654,0.5703,0.5648,0.5692
BSWUSDT,15,1652675400,0.5692,0.5693,0.5656,0.5681
BSWUSDT,15,1652676300,0.5681,0.5694,0.5675,0.5689
BSWUSDT,15,1652677200,0.5689,0.5728,0.5689,0.5727
BSWUSDT,15,1652678100,0.5727,0.5735,0.5712,0.572
BSWUSDT,15,1652679000,0.572,0.5734,0.5713,0.5728
BSWUSDT,15,1652679900,0.5728,0.5729,0.5688,0.5696
BSWUSDT,15,1652680800,0.5696,0.5696,0.5585,0.5591
BSWUSDT,15,1652681700,0.5591,0.5595,0.5502,0.5502
BSWUSDT,15,1652682600,0.5502,0.5507,0.5456,0.5485
BSWUSDT,15,1652683500,0.5485,0.5505,0.5406,0.5423
BSWUSDT,15,1652684400,0.5423,0.5423,0.5373,0.5387
BSWUSDT,15,1652685300,0.5387,0.5414,0.5382,0.5414
BSWUSDT,15,1652686200,0.5414,0.5449,0.5406,0.5441
BSWUSDT,15,1652687100,0.5441,0.5458,0.5424,0.5436
BSWUSDT,15,1652688000,0.5436,0.5463,0.5432,0.545
BSWUSDT,15,1652688900,0.545,0.5483,0.545,0.5476
BSWUSDT,15,1652689800,0.5476,0.555,0.5476,0.5548
BSWUSDT,15,1652690700,0.5548,0.5548,0.5524,0.5528
BSWUSDT,15,1652691600,0.5528,0.5537,0.5508,0.5518
BSWUSDT,15,1652692500,0.5518,0.5526,0.5452,0.5456
BSWUSDT,15,1652693400,0.5456,0.5472,0.5436,0.5453
BSWUSDT,15,1652694300,0.5453,0.5476,0.5449,0.5449
BSWUSDT,15,1652695200,0.5449,0.5482,0.5443,0.5481
BSWUSDT,15,1652696100,0.5481,0.5557,0.5477,0.5551
BSWUSDT,15,1652697000,0.5551,0.5587,0.5549,0.5577
BSWUSDT,15,1652697900,0.5577,0.5654,0.5574,0.5652
BSWUSDT,15,1652698800,0.5652,0.5696,0.5651,0.566
BSWUSDT,15,1652699700,0.566,0.5679,0.5622,0.5673
BSWUSDT,15,1652700600,0.5673,0.5695,0.5644,0.5679
BSWUSDT,15,1652701500,0.5679,0.5688,0.5641,0.5646
BSWUSDT,15,1652702400,0.5646,0.5646,0.5542,0.5626
BSWUSDT,15,1652703300,0.5626,0.5675,0.5567,0.5675
BSWUSDT,15,1652704200,0.5675,0.5714,0.5665,0.5691
BSWUSDT,15,1652705100,0.5691,0.5698,0.5675,0.5685
BSWUSDT,15,1652706000,0.5685,0.5712,0.5678,0.5705
BSWUSDT,15,1652706900,0.5705,0.5726,0.568,0.5684
BSWUSDT,15,1652707800,0.5684,0.5698,0.5612,0.5655
BSWUSDT,15,1652708700,0.5655,0.5655,0.5587,0.562
BSWUSDT,15,1652709600,0.562,0.5668,0.5589,0.565
BSWUSDT,15,1652710500,0.565,0.5691,0.5648,0.5691
BSWUSDT,15,1652711400,0.5691,0.5706,0.5654,0.5656
BSWUSDT,15,1652712300,0.5656,0.5656,0.5565,0.5565
BSWUSDT,15,1652713200,0.5565,0.558,0.5537,0.5537
BSWUSDT,15,1652714100,0.5537,0.5568,0.5534,0.5539
BSWUSDT,15,1652715000,0.5539,0.5551,0.5475,0.5481
BSWUSDT,15,1652715900,0.5481,0.553,0.5481,0.552
BSWUSDT,15,1652716800,0.552,0.5526,0.5474,0.5479
BSWUSDT,15,1652717700,0.5479,0.548,0.5441,0.5463
BSWUSDT,15,1652718600,0.5463,0.5526,0.5456,0.549
BSWUSDT,15,1652719500,0.549,0.5527,0.5475,0.5489
BSWUSDT,15,1652720400,0.5489,0.552,0.5481,0.5513
BSWUSDT,15,1652721300,0.5513,0.552,0.5493,0.5516
BSWUSDT,15,1652722200,0.5516,0.553,0.551,0.5525
BSWUSDT,15,1652723100,0.5525,0.5525,0.5511,0.5517
BSWUSDT,15,1652724000,0.5517,0.5545,0.5508,0.5543
BSWUSDT,15,1652724900,0.5543,0.5546,0.5529,0.554
BSWUSDT,15,1652725800,0.554,0.5555,0.554,0.5545
BSWUSDT,15,1652726700,0.5545,0.5546,0.5524,0.5543
BSWUSDT,15,1652727600,0.5543,0.5553,0.553,0.5537
BSWUSDT,15,1652728500,0.5537,0.5596,0.5536,0.5552
BSWUSDT,15,1652729400,0.5552,0.5552,0.5541,0.5544
BSWUSDT,15,1652730300,0.5544,0.5547,0.5493,0.5501
BSWUSDT,15,1652731200,0.5501,0.552,0.5497,0.5518
BSWUSDT,15,1652732100,0.5518,0.5533,0.551,0.5533
BSWUSDT,15,1652733000,0.5533,0.555,0.5512,0.5514
BSWUSDT,15,1652733900,0.5514,0.5552,0.5514,0.5548
BSWUSDT,15,1652734800,0.5548,0.5594,0.5548,0.5568
BSWUSDT,15,1652735700,0.5568,0.5578,0.5558,0.5561
BSWUSDT,15,1652736600,0.5561,0.5569,0.555,0.5569
BSWUSDT,15,1652737500,0.5569,0.5569,0.5543,0.5554
