symbol,period,start_at,open,high,low,close
PEOPLEUSDT,15,1652565600,0.0165,0.01657,0.01635,0.01648
PEOPLEUSDT,15,1652566500,0.01648,0.01649,0.01625,0.01629
PEOPLEUSDT,15,1652567400,0.01629,0.0163,0.01615,0.01623
PEOPLEUSDT,15,1652568300,0.01623,0.0169,0.01623,0.01674
PEOPLEUSDT,15,1652569200,0.01674,0.01687,0.01638,0.01638
PEOPLEUSDT,15,1652570100,0.01638,0.01656,0.01635,0.01654
PEOPLEUSDT,15,1652571000,0.01654,0.01686,0.01648,0.01681
PEOPLEUSDT,15,1652571900,0.01681,0.01719,0.01679,0.01702
PEOPLEUSDT,15,1652572800,0.01702,0.01716,0.01664,0.0167
PEOPLEUSDT,15,1652573700,0.0167,0.01697,0.0167,0.01686
PEOPLEUSDT,15,1652574600,0.01686,0.01695,0.01663,0.01671
PEOPLEUSDT,15,1652575500,0.01671,0.01671,0.01652,0.01654
PEOPLEUSDT,15,1652576400,0.01654,0.0166,0.01625,0.01627
PEOPLEUSDT,15,1652577300,0.01627,0.01638,0.0162,0.0162
PEOPLEUSDT,15,1652578200,0.0162,0.0163,0.0161,0.01616
PEOPLEUSDT,15,1652579100,0.01616,0.01634,0.01615,0.01624
PEOPLEUSDT,15,1652580000,0.01624,0.01637,0.01587,0.01591
PEOPLEUSDT,15,1652580900,0.01591,0.01592,0.01562,0.0157
PEOPLEUSDT,15,1652581800,0.0157,0.01575,0.01542,0.01551
PEOPLEUSDT,15,1652582700,0.01551,0.01565,0.01542,0.01557
PEOPLEUSDT,15,1652583600,0.01557,0.01566,0.0154,0.01541
PEOPLEUSDT,15,1652584500,0.01541,0.01553,0.0152,0.01531
PEOPLEUSDT,15,1652585400,0.01531,0.0155,0.01521,0.01544
PEOPLEUSDT,15,1652586300,0.01544,0.01557,0.01538,0.01553
PEOPLEUSDT,15,1652587200,0.01553,0.01561,0.01544,0.0156
PEOPLEUSDT,15,1652588100,0.0156,0.01569,0.01557,0.01569
PEOPLEUSDT,15,1652589000,0.01569,0.01569,0.01549,0.01559
PEOPLEUSDT,15,1652589900,0.01559,0.01576,0.01554,0.01559
PEOPLEUSDT,15,1652590800,0.01559,0.01568,0.01544,0.01552
PEOPLEUSDT,15,1652591700,0.01552,0.01578,0.0155,0.01577
PEOPLEUSDT,15,1652592600,0.01577,0.01624,0.01576,0.0162
PEOPLEUSDT,15,1652593500,0.0162,0.0164,0.01619,0.01625
PEOPLEUSDT,15,1652594400,0.01625,0.01634,0.01619,0.0162
PEOPLEUSDT,15,1652595300,0.0162,0.01661,0.01617,0.01649
PEOPLEUSDT,15,1652596200,0.01649,0.01649,0.01627,0.01629
PEOPLEUSDT,15,1652597100,0.01629,0.01652,0.01621,0.01652
PEOPLEUSDT,15,1652598000,0.01652,0.01674,0.01652,0.01661
PEOPLEUSDT,15,1652598900,0.01661,0.01668,0.01624,0.01634
PEOPLEUSDT,15,1652599800,0.01634,0.01635,0.0162,0.0162
PEOPLEUSDT,15,1652600700,0.0162,0.01622,0.01595,0.01605
PEOPLEUSDT,15,1652601600,0.01605,0.01605,0.01555,0.01558
PEOPLEUSDT,15,1652602500,0.01558,0.01585,0.01548,0.0158
PEOPLEUSDT,15,1652603400,0.0158,0.01599,0.01579,0.01594
PEOPLEUSDT,15,1652604300,0.01594,0.01594,0.0154,0.01554
PEOPLEUSDT,15,1652605200,0.01554,0.01572,0.01548,0.0157
PEOPLEUSDT,15,1652606100,0.0157,0.01587,0.01568,0.01574
PEOPLEUSDT,15,1652607000,0.01574,0.01587,0.0157,0.01584
PEOPLEUSDT,15,1652607900,0.01584,0.01598,0.01571,0.01592
PEOPLEUSDT,15,1652608800,0.01592,0.01594,0.01569,0.01577
PEOPLEUSDT,15,1652609700,0.01577,0.01581,0.01569,0.0158
PEOPLEUSDT,15,1652610600,0.0158,0.0159,0.01572,0.01588
PEOPLEUSDT,15,1652611500,0.01588,0.01626,0.01586,0.01626
PEOPLEUSDT,15,1652612400,0.01626,0.01627,0.01605,0.01609
PEOPLEUSDT,15,1652613300,0.01609,0.01619,0.01588,0.01616
PEOPLEUSDT,15,1652614200,0.01616,0.01662,0.01615,0.01639
PEOPLEUSDT,15,1652615100,0.01639,0.01659,0.01639,0.01652
PEOPLEUSDT,15,1652616000,0.01652,0.01665,0.01642,0.0165
PEOPLEUSDT,15,1652616900,0.0165,0.01668,0.01633,0.01633
PEOPLEUSDT,15,1652617800,0.01633,0.01652,0.01627,0.01652
PEOPLEUSDT,15,1652618700,0.01652,0.01658,0.0164,0.01642
PEOPLEUSDT,15,1652619600,0.01642,0.01642,0.01624,0.01636
PEOPLEUSDT,15,1652620500,0.01636,0.01647,0.01607,0.01613
PEOPLEUSDT,15,1652621400,0.01613,0.01621,0.01598,0.01608
PEOPLEUSDT,15,1652622300,0.01608,0.01615,0.01577,0.01586
PEOPLEUSDT,15,1652623200,0.01586,0.01592,0.01558,0.0157
PEOPLEUSDT,15,1652624100,0.0157,0.01572,0.0153,0.0154
PEOPLEUSDT,15,1652625000,0.0154,0.0157,0.01525,0.01561
PEOPLEUSDT,15,1652625900,0.01561,0.01571,0.01548,0.01555
PEOPLEUSDT,15,1652626800,0.01555,0.01587,0.01555,0.01584
PEOPLEUSDT,15,1652627700,0.01584,0.01584,0.01562,0.01572
PEOPLEUSDT,15,1652628600,0.01572,0.01574,0.01537,0.01544
PEOPLEUSDT,15,1652629500,0.01544,0.01554,0.01528,0.01553
PEOPLEUSDT,15,1652630400,0.01553,0.0157,0.01548,0.01558
PEOPLEUSDT,15,1652631300,0.01558,0.01582,0.01557,0.01582
PEOPLEUSDT,15,1652632200,0.01582,0.01632,0.01574,0.01624
PEOPLEUSDT,15,1652633100,0.01624,0.0164,0.01607,0.0163
PEOPLEUSDT,15,1652634000,0.0163,0.01643,0.01618,0.01641
PEOPLEUSDT,15,1652634900,0.01641,0.01652,0.01638,0.01647
PEOPLEUSDT,15,1652635800,0.01647,0.01648,0.01618,0.01622
PEOPLEUSDT,15,1652636700,0.01622,0.01622,0.01601,0.01607
PEOPLEUSDT,15,1652637600,0.01607,0.01611,0.01595,0.0161
PEOPLEUSDT,15,1652638500,0.0161,0.01616,0.01554,0.01554
PEOPLEUSDT,15,1652639400,0.01554,0.01572,0.0154,0.01572
PEOPLEUSDT,15,1652640300,0.01572,0.01575,0.01558,0.01575
PEOPLEUSDT,15,1652641200,0.01575,0.01575,0.01555,0.01563
PEOPLEUSDT,15,1652642100,0.01563,0.01573,0.01562,0.01569
PEOPLEUSDT,15,1652643000,0.01569,0.01589,0.01569,0.01583
PEOPLEUSDT,15,1652643900,0.01583,0.01613,0.01583,0.01612
PEOPLEUSDT,15,1652644800,0.01612,0.01636,0.01587,0.01623
PEOPLEUSDT,15,1652645700,0.01623,0.0165,0.0161,0.0164
PEOPLEUSDT,15,1652646600,0.0164,0.01648,0.01626,0.01637
PEOPLEUSDT,15,1652647500,0.01637,0.01646,0.01626,0.01638
PEOPLEUSDT,15,1652648400,0.01638,0.01672,0.01638,0.01654
PEOPLEUSDT,15,1652649300,0.01654,0.01655,0.01635,0.01646
PEOPLEUSDT,15,1652650200,0.01646,0.01689,0.01632,0.01679
PEOPLEUSDT,15,1652651100,0.01679,0.01708,0.01675,0.01696
PEOPLEUSDT,15,1669935600,0.02565,0.02576,0.02564,0.02576
PEOPLEUSDT,15,1669935600,0.02565,0.02581,0.02564,0.02578
PEOPLEUSDT,1,1669935600,0.02565,0.02575,0.02564,0.02575
PEOPLEUSDT,1,1669935660,0.02575,0.02577,0.02575,0.02577
PEOPLEUSDT,1,1669935720,0.02577,0.02581,0.02575,0.02575
PEOPLEUSDT,1,1669935780,0.02575,0.02576,0.02573,0.02573
PEOPLEUSDT,1,1669935840,0.02573,0.02575,0.02573,0.02575
PEOPLEUSDT,1,1669935900,0.02575,0.02578,0.02575,0.02576
