symbol,period,start_at,open,high,low,close
ONEUSDT,15,1652565600,0.0481,0.04822,0.04781,0.04816
ONEUSDT,15,1652566500,0.04816,0.04817,0.04757,0.04757
ONEUSDT,15,1652567400,0.04757,0.04785,0.04749,0.04784
ONEUSDT,15,1652568300,0.04784,0.04903,0.04784,0.04877
ONEUSDT,15,1652569200,0.04877,0.04887,0.04846,0.0485
ONEUSDT,15,1652570100,0.0485,0.04898,0.04835,0.04894
ONEUSDT,15,1652571000,0.04894,0.04955,0.04869,0.04949
ONEUSDT,15,1652571900,0.04949,0.04971,0.04914,0.04917
ONEUSDT,15,1652572800,0.04917,0.04942,0.04871,0.04892
ONEUSDT,15,1652573700,0.04892,0.05016,0.04892,0.05003
ONEUSDT,15,1652574600,0.05003,0.05033,0.04963,0.04972
ONEUSDT,15,1652575500,0.04972,0.04972,0.04912,0.04919
ONEUSDT,15,1652576400,0.04919,0.04922,0.04866,0.04871
ONEUSDT,15,1652577300,0.04871,0.04882,0.04841,0.04842
ONEUSDT,15,1652578200,0.04842,0.04849,0.04811,0.04826
ONEUSDT,15,1652579100,0.04826,0.04886,0.04818,0.04875
ONEUSDT,15,1652580000,0.04875,0.04907,0.0481,0.04811
ONEUSDT,15,1652580900,0.04811,0.04811,0.04758,0.04758
ONEUSDT,15,1652581800,0.04758,0.0478,0.0474,0.04755
ONEUSDT,15,1652582700,0.04755,0.04787,0.04735,0.04769
ONEUSDT,15,1652583600,0.04769,0.04818,0.04721,0.04725
ONEUSDT,15,1652584500,0.04725,0.04734,0.04695,0.04722
ONEUSDT,15,1652585400,0.04722,0.04732,0.04709,0.04728
ONEUSDT,15,1652586300,0.04728,0.0476,0.04728,0.04739
ONEUSDT,15,1652587200,0.04739,0.04772,0.04719,0.04769
ONEUSDT,15,1652588100,0.04769,0.04779,0.04752,0.04763
ONEUSDT,15,1652589000,0.04763,0.0477,0.04711,0.04738
ONEUSDT,15,1652589900,0.04738,0.04746,0.04713,0.04722
ONEUSDT,15,1652590800,0.04722,0.04739,0.04696,0.04731
ONEUSDT,15,1652591700,0.04731,0.04775,0.04728,0.04769
ONEUSDT,15,1652592600,0.04769,0.04881,0.04769,0.04877
ONEUSDT,15,1652593500,0.04877,0.04974,0.04864,0.04945
ONEUSDT,15,1652594400,0.04945,0.04966,0.0492,0.04941
ONEUSDT,15,1652595300,0.04941,0.04953,0.04916,0.04939
ONEUSDT,15,1652596200,0.04939,0.04941,0.04907,0.04911
ONEUSDT,15,1652597100,0.04911,0.04954,0.04896,0.04949
ONEUSDT,15,1652598000,0.04949,0.04998,0.04937,0.04982
ONEUSDT,15,1652598900,0.04982,0.04984,0.04946,0.0495
ONEUSDT,15,1652599800,0.0495,0.04976,0.04936,0.04967
ONEUSDT,15,1652600700,0.04967,0.04969,0.04918,0.04924
ONEUSDT,15,1652601600,0.04924,0.04933,0.04857,0.04859
ONEUSDT,15,1652602500,0.04859,0.04876,0.04837,0.04851
ONEUSDT,15,1652603400,0.04851,0.04869,0.04835,0.04866
ONEUSDT,15,1652604300,0.04866,0.04868,0.04822,0.0483
ONEUSDT,15,1652605200,0.0483,0.04841,0.04804,0.04805
ONEUSDT,15,1652606100,0.04805,0.04853,0.04796,0.04842
ONEUSDT,15,1652607000,0.04842,0.04845,0.04817,0.04845
ONEUSDT,15,1652607900,0.04845,0.0486,0.04838,0.0486
ONEUSDT,15,1652608800,0.0486,0.04868,0.04817,0.0483
ONEUSDT,15,1652609700,0.0483,0.04841,0.04823,0.04833
ONEUSDT,15,1652610600,0.04833,0.04833,0.04811,0.04826
ONEUSDT,15,1652611500,0.04826,0.049,0.04825,0.049
ONEUSDT,15,1652612400,0.049,0.04921,0.04875,0.04909
ONEUSDT,15,1652613300,0.04909,0.04932,0.04877,0.04929
ONEUSDT,15,1652614200,0.04929,0.04995,0.04926,0.0499
ONEUSDT,15,1652615100,0.0499,0.05018,0.04961,0.04984
ONEUSDT,15,1652616000,0.04984,0.05102,0.04984,0.05102
ONEUSDT,15,1652616900,0.05102,0.05128,0.05051,0.05061
ONEUSDT,15,1652617800,0.05061,0.05076,0.05005,0.05054
ONEUSDT,15,1652618700,0.05054,0.05072,0.05034,0.05039
ONEUSDT,15,1652619600,0.05039,0.05041,0.04961,0.05008
ONEUSDT,15,1652620500,0.05008,0.0502,0.04933,0.04943
ONEUSDT,15,1652621400,0.04943,0.04953,0.04923,0.04933
ONEUSDT,15,1652622300,0.04933,0.04947,0.04924,0.04934
ONEUSDT,15,1652623200,0.04934,0.04943,0.04861,0.04874
ONEUSDT,15,1652624100,0.04874,0.04874,0.04808,0.04853
ONEUSDT,15,1652625000,0.04853,0.04901,0.04816,0.04893
ONEUSDT,15,1652625900,0.04893,0.04912,0.04881,0.04887
ONEUSDT,15,1652626800,0.04887,0.0496,0.04876,0.04945
ONEUSDT,15,1652627700,0.04945,0.04945,0.04908,0.04919
ONEUSDT,15,1652628600,0.04919,0.04919,0.04841,0.04856
ONEUSDT,15,1652629500,0.04856,0.04862,0.04795,0.04857
ONEUSDT,15,1652630400,0.04857,0.04883,0.04841,0.04846
ONEUSDT,15,1652631300,0.04846,0.04893,0.04844,0.04889
ONEUSDT,15,1652632200,0.04889,0.04951,0.04877,0.04942
ONEUSDT,15,1652633100,0.04942,0.0495,0.04921,0.04945
ONEUSDT,15,1652634000,0.04945,0.04957,0.04935,0.04941
ONEUSDT,15,1652634900,0.04941,0.0497,0.04933,0.04945
ONEUSDT,15,1652635800,0.04945,0.04946,0.0491,0.04917
ONEUSDT,15,1652636700,0.04917,0.04926,0.04874,0.04898
ONEUSDT,15,1652637600,0.04898,0.04904,0.04875,0.04897
ONEUSDT,15,1652638500,0.04897,0.04947,0.04897,0.04934
ONEUSDT,15,1652639400,0.04934,0.04982,0.04929,0.04975
ONEUSDT,15,1652640300,0.04975,0.04982,0.0495,0.04974
ONEUSDT,15,1652641200,0.04974,0.04994,0.04952,0.04963
ONEUSDT,15,1652642100,0.04963,0.04991,0.04961,0.04966
ONEUSDT,15,1652643000,0.04966,0.05036,0.04966,0.05028
ONEUSDT,15,1652643900,0.05028,0.05109,0.05027,0.05103
ONEUSDT,15,1652644800,0.05103,0.05226,0.05071,0.05208
ONEUSDT,15,1652645700,0.05208,0.05218,0.051,0.05133
ONEUSDT,15,1652646600,0.05133,0.05195,0.05113,0.05179
ONEUSDT,15,1652647500,0.05179,0.0522,0.05167,0.05206
ONEUSDT,15,1652648400,0.05206,0.05251,0.05186,0.05201
ONEUSDT,15,1652649300,0.05201,0.05204,0.05173,0.05173
ONEUSDT,15,1652650200,0.05173,0.05221,0.05162,0.05208
ONEUSDT,15,1652651100,0.05208,0.05267,0.05205,0.05259
ONEUSDT,15,1669935600,0.01438,0.01443,0.01438,0.01443
ONEUSDT,15,1669935600,0.01438,0.01444,0.01438,0.01443
ONEUSDT,1,1669935600,0.01438,0.01443,0.01438,0.01442
ONEUSDT,1,1669935660,0.01442,0.01444,0.01441,0.01444
ONEUSDT,1,1669935720,0.01444,0.01444,0.01443,0.01443
ONEUSDT,1,1669935780,0.01443,0.01443,0.01442,0.01442
ONEUSDT,1,1669935840,0.01442,0.01443,0.01442,0.01443
ONEUSDT,1,1669935900,0.01443,0.01443,0.01443,0.01443
