symbol,period,start_at,open,high,low,close
XMRUSDT,15,1652565600,150.59,151.19,150.01,151.05
XMRUSDT,15,1652566500,151.05,151.25,150.23,150.3
XMRUSDT,15,1652567400,150.3,151.78,150.25,151.68
XMRUSDT,15,1652568300,151.68,153.75,151.59,152.7
XMRUSDT,15,1652569200,152.7,153.08,151.06,151.06
XMRUSDT,15,1652570100,151.06,154.47,151.06,154.19
XMRUSDT,15,1652571000,154.19,154.47,153.58,154.27
XMRUSDT,15,1652571900,154.27,155.06,153.33,153.36
XMRUSDT,15,1652572800,153.36,154.95,153.36,154.57
XMRUSDT,15,1652573700,154.57,156.22,154.57,156.02
XMRUSDT,15,1652574600,156.02,156.25,154.94,155.04
XMRUSDT,15,1652575500,155.04,155.59,154.96,155.25
XMRUSDT,15,1652576400,155.25,155.47,154.3,154.33
XMRUSDT,15,1652577300,154.33,154.56,153.27,153.53
XMRUSDT,15,1652578200,153.53,154.2,152.84,154.19
XMRUSDT,15,1652579100,154.19,155.13,154.03,154.96
XMRUSDT,15,1652580000,154.96,155.67,152.83,152.95
XMRUSDT,15,1652580900,152.95,153.77,152.59,153.31
XMRUSDT,15,1652581800,153.31,153.73,151.37,151.52
XMRUSDT,15,1652582700,151.52,152.45,150.77,152.28
XMRUSDT,15,1652583600,152.28,153.62,152.28,152.52
XMRUSDT,15,1652584500,152.52,152.58,151.83,152.41
XMRUSDT,15,1652585400,152.41,153.42,152.2,153.16
XMRUSDT,15,1652586300,153.16,153.65,152.8,153.44
XMRUSDT,15,1652587200,153.44,154.2,152.72,154.17
XMRUSDT,15,1652588100,154.17,154.56,153.71,154.33
XMRUSDT,15,1652589000,154.33,154.49,152.51,152.96
XMRUSDT,15,1652589900,152.96,153.62,152.61,153.16
XMRUSDT,15,1652590800,153.16,153.3,152.02,152.32
XMRUSDT,15,1652591700,152.32,153.36,152.1,153.34
XMRUSDT,15,1652592600,153.34,155.0,153.1,155.0
XMRUSDT,15,1652593500,155.0,156.56,154.87,155.74
XMRUSDT,15,1652594400,155.74,156.51,155.74,156.15
XMRUSDT,15,1652595300,156.15,156.68,156.0,156.56
XMRUSDT,15,1652596200,156.56,156.74,155.92,155.97
XMRUSDT,15,1652597100,155.97,157.52,155.92,157.49
XMRUSDT,15,1652598000,157.49,157.91,156.59,157.57
XMRUSDT,15,1652598900,157.57,158.65,157.46,157.59
XMRUSDT,15,1652599800,157.59,158.71,157.52,158.29
XMRUSDT,15,1652600700,158.29,158.79,157.4,157.76
XMRUSDT,15,1652601600,157.76,158.37,157.35,157.84
XMRUSDT,15,1652602500,157.84,159.72,157.2,159.19
XMRUSDT,15,1652603400,159.19,159.48,158.57,158.67
XMRUSDT,15,1652604300,158.67,158.79,157.22,158.36
XMRUSDT,15,1652605200,158.36,159.11,155.2,155.28
XMRUSDT,15,1652606100,155.28,161.14,155.21,158.61
XMRUSDT,15,1652607000,158.61,160.84,157.36,160.11
XMRUSDT,15,1652607900,160.11,160.23,158.29,158.6
XMRUSDT,15,1652608800,158.6,159.04,157.96,159.01
XMRUSDT,15,1652609700,159.01,161.08,158.52,160.77
XMRUSDT,15,1652610600,160.77,161.03,159.72,160.44
XMRUSDT,15,1652611500,160.44,162.47,160.44,162.15
XMRUSDT,15,1652612400,162.15,162.28,161.41,161.68
XMRUSDT,15,1652613300,161.68,162.89,161.26,162.12
XMRUSDT,15,1652614200,162.12,163.81,162.12,162.91
XMRUSDT,15,1652615100,162.91,164.39,162.9,163.79
XMRUSDT,15,1652616000,163.79,165.12,163.58,163.8
XMRUSDT,15,1652616900,163.8,165.1,163.27,163.29
XMRUSDT,15,1652617800,163.29,164.04,162.52,163.03
XMRUSDT,15,1652618700,163.03,163.79,162.27,163.08
XMRUSDT,15,1652619600,163.08,163.12,161.81,163.09
XMRUSDT,15,1652620500,163.09,163.56,161.62,162.95
XMRUSDT,15,1652621400,162.95,163.51,162.18,162.77
XMRUSDT,15,1652622300,162.77,163.27,161.61,161.61
XMRUSDT,15,1652623200,161.61,162.04,160.46,161.86
XMRUSDT,15,1652624100,161.86,161.93,160.57,160.81
XMRUSDT,15,1652625000,160.81,162.13,159.52,162.11
XMRUSDT,15,1652625900,162.11,162.13,161.4,161.75
XMRUSDT,15,1652626800,161.75,163.89,161.75,163.59
XMRUSDT,15,1652627700,163.59,163.59,162.37,163.18
XMRUSDT,15,1652628600,163.18,163.19,161.97,162.08
XMRUSDT,15,1652629500,162.08,162.76,160.41,160.41
XMRUSDT,15,1652630400,160.41,161.24,159.63,159.64
XMRUSDT,15,1652631300,159.64,160.34,158.31,158.61
XMRUSDT,15,1652632200,158.61,159.72,157.51,159.53
XMRUSDT,15,1652633100,159.53,159.58,158.43,159.0
XMRUSDT,15,1652634000,159.0,159.84,158.82,159.51
XMRUSDT,15,1652634900,159.51,159.51,158.21,158.71
XMRUSDT,15,1652635800,158.71,158.73,157.87,158.28
XMRUSDT,15,1652636700,158.28,159.75,158.27,159.54
XMRUSDT,15,1652637600,159.54,161.02,158.48,161.01
XMRUSDT,15,1652638500,161.01,162.84,160.89,162.6
XMRUSDT,15,1652639400,162.6,166.38,162.56,165.86
XMRUSDT,15,1652640300,165.86,166.1,164.07,164.28
XMRUSDT,15,1652641200,164.28,165.73,164.05,165.3
XMRUSDT,15,1652642100,165.3,165.7,164.93,164.99
XMRUSDT,15,1652643000,164.99,165.56,164.94,165.39
XMRUSDT,15,1652643900,165.39,167.46,165.3,167.46
XMRUSDT,15,1652644800,167.46,168.87,166.26,168.43
XMRUSDT,15,1652645700,168.43,170.35,167.81,168.65
XMRUSDT,15,1652646600,168.65,169.21,168.2,168.4
XMRUSDT,15,1652647500,168.4,169.76,168.04,169.69
XMRUSDT,15,1652648400,169.69,170.35,168.91,169.3
XMRUSDT,15,1652649300,169.3,169.3,168.22,168.3
XMRUSDT,15,1652650200,168.3,171.54,167.85,170.07
XMRUSDT,15,1652651100,170.07,171.05,169.77,170.82
XMRUSDT,15,1669935600,143.35,143.35,143.1,143.23
XMRUSDT,15,1669935600,143.35,143.35,143.05,143.17
XMRUSDT,1,1669935600,143.35,143.35,143.32,143.33
XMRUSDT,1,1669935660,143.33,143.33,143.1,143.17
XMRUSDT,1,1669935720,143.17,143.23,143.05,143.05
XMRUSDT,1,1669935780,143.05,143.17,143.05,143.12
XMRUSDT,1,1669935840,143.12,143.18,143.1,143.1
XMRUSDT,1,1669935900,143.1,143.33,143.1,143.17
