symbol,period,start_at,open,high,low,close
ETCUSDT,15,1652565600,20.967,21.083,20.843,21.083
ETCUSDT,15,1652566500,21.083,21.127,20.932,20.932
ETCUSDT,15,1652567400,20.932,20.977,20.823,20.972
ETCUSDT,15,1652568300,20.972,21.368,20.944,21.178
ETCUSDT,15,1652569200,21.178,21.272,20.93,20.96
ETCUSDT,15,1652570100,20.96,21.102,20.94,21.092
ETCUSDT,15,1652571000,21.092,21.267,21.038,21.231
ETCUSDT,15,1652571900,21.231,21.249,21.062,21.081
ETCUSDT,15,1652572800,21.081,21.269,20.908,20.939
ETCUSDT,15,1652573700,20.939,21.319,20.939,21.241
ETCUSDT,15,1652574600,21.241,21.261,20.926,20.973
ETCUSDT,15,1652575500,20.973,20.974,20.869,20.92
ETCUSDT,15,1652576400,20.92,20.936,20.796,20.852
ETCUSDT,15,1652577300,20.852,20.929,20.831,20.832
ETCUSDT,15,1652578200,20.832,20.888,20.785,20.865
ETCUSDT,15,1652579100,20.865,20.982,20.838,20.9
ETCUSDT,15,1652580000,20.9,21.008,20.698,20.709
ETCUSDT,15,1652580900,20.709,20.719,20.586,20.594
ETCUSDT,15,1652581800,20.594,20.619,20.509,20.513
ETCUSDT,15,1652582700,20.513,20.661,20.446,20.633
ETCUSDT,15,1652583600,20.633,20.679,20.601,20.605
ETCUSDT,15,1652584500,20.605,20.613,20.415,20.479
ETCUSDT,15,1652585400,20.479,20.565,20.427,20.554
ETCUSDT,15,1652586300,20.554,20.642,20.54,20.613
ETCUSDT,15,1652587200,20.613,20.749,20.559,20.734
ETCUSDT,15,1652588100,20.734,20.801,20.692,20.727
ETCUSDT,15,1652589000,20.727,20.728,20.478,20.571
ETCUSDT,15,1652589900,20.571,20.641,20.537,20.593
ETCUSDT,15,1652590800,20.593,20.631,20.461,20.533
ETCUSDT,15,1652591700,20.533,20.646,20.503,20.641
ETCUSDT,15,1652592600,20.641,20.875,20.634,20.871
ETCUSDT,15,1652593500,20.871,21.021,20.833,20.995
ETCUSDT,15,1652594400,20.995,21.041,20.892,20.894
ETCUSDT,15,1652595300,20.894,21.02,20.87,20.965
ETCUSDT,15,1652596200,20.965,20.976,20.858,20.871
ETCUSDT,15,1652597100,20.871,21.032,20.84,21.016
ETCUSDT,15,1652598000,21.016,21.132,20.948,20.974
ETCUSDT,15,1652598900,20.974,21.039,20.927,20.944
ETCUSDT,15,1652599800,20.944,20.995,20.904,20.979
ETCUSDT,15,1652600700,20.979,20.988,20.792,20.819
ETCUSDT,15,1652601600,20.819,20.86,20.724,20.741
ETCUSDT,15,1652602500,20.741,20.794,20.668,20.739
ETCUSDT,15,1652603400,20.739,20.799,20.71,20.77
ETCUSDT,15,1652604300,20.77,20.774,20.651,20.684
ETCUSDT,15,1652605200,20.684,20.761,20.654,20.656
ETCUSDT,15,1652606100,20.656,20.861,20.644,20.794
ETCUSDT,15,1652607000,20.794,20.881,20.787,20.867
ETCUSDT,15,1652607900,20.867,20.898,20.842,20.875
ETCUSDT,15,1652608800,20.875,20.89,20.707,20.741
ETCUSDT,15,1652609700,20.741,20.764,20.617,20.734
ETCUSDT,15,1652610600,20.734,20.82,20.651,20.82
ETCUSDT,15,1652611500,20.82,21.077,20.8,21.077
ETCUSDT,15,1652612400,21.077,21.13,20.999,21.002
ETCUSDT,15,1652613300,21.002,21.043,20.902,21.02
ETCUSDT,15,1652614200,21.02,21.291,21.005,21.223
ETCUSDT,15,1652615100,21.223,21.373,21.218,21.328
ETCUSDT,15,1652616000,21.328,21.492,21.315,21.423
ETCUSDT,15,1652616900,21.423,21.563,21.321,21.332
ETCUSDT,15,1652617800,21.332,21.352,21.174,21.28
ETCUSDT,15,1652618700,21.28,21.395,21.179,21.217
ETCUSDT,15,1652619600,21.217,21.22,21.094,21.209
ETCUSDT,15,1652620500,21.209,21.216,20.961,20.999
ETCUSDT,15,1652621400,20.999,20.999,20.855,20.871
ETCUSDT,15,1652622300,20.871,20.904,20.814,20.878
ETCUSDT,15,1652623200,20.878,20.907,20.671,20.727
ETCUSDT,15,1652624100,20.727,20.763,20.548,20.646
ETCUSDT,15,1652625000,20.646,20.86,20.534,20.83
ETCUSDT,15,1652625900,20.83,20.889,20.757,20.813
ETCUSDT,15,1652626800,20.813,21.095,20.809,21.024
ETCUSDT,15,1652627700,21.024,21.026,20.854,20.891
ETCUSDT,15,1652628600,20.891,20.912,20.762,20.827
ETCUSDT,15,1652629500,20.827,20.9,20.697,20.9
ETCUSDT,15,1652630400,20.9,21.039,20.856,20.89
ETCUSDT,15,1652631300,20.89,20.984,20.875,20.972
ETCUSDT,15,1652632200,20.972,21.257,20.926,21.235
ETCUSDT,15,1652633100,21.235,21.236,21.097,21.153
ETCUSDT,15,1652634000,21.153,21.222,21.078,21.209
ETCUSDT,15,1652634900,21.209,21.229,21.134,21.152
ETCUSDT,15,1652635800,21.152,21.168,21.103,21.131
ETCUSDT,15,1652636700,21.131,21.17,21.043,21.072
ETCUSDT,15,1652637600,21.072,21.165,21.022,21.164
ETCUSDT,15,1652638500,21.164,21.275,21.128,21.226
ETCUSDT,15,1652639400,21.226,21.468,21.202,21.413
ETCUSDT,15,1652640300,21.413,21.437,21.263,21.366
ETCUSDT,15,1652641200,21.366,21.443,21.28,21.324
ETCUSDT,15,1652642100,21.324,21.399,21.315,21.327
ETCUSDT,15,1652643000,21.327,21.469,21.327,21.435
ETCUSDT,15,1652643900,21.435,21.593,21.432,21.568
ETCUSDT,15,1652644800,21.568,21.803,21.476,21.776
ETCUSDT,15,1652645700,21.776,21.832,21.681,21.709
ETCUSDT,15,1652646600,21.709,21.822,21.687,21.781
ETCUSDT,15,1652647500,21.781,21.857,21.751,21.823
ETCUSDT,15,1652648400,21.823,21.925,21.731,21.744
ETCUSDT,15,1652649300,21.744,21.749,21.623,21.628
ETCUSDT,15,1652650200,21.628,21.699,21.583,21.671
ETCUSDT,15,1652651100,21.671,21.852,21.668,21.823
ETCUSDT,15,1669935600,19.799,19.815,19.799,19.81
ETCUSDT,15,1669935600,19.799,19.835,19.798,19.815
ETCUSDT,1,1669935600,19.799,19.815,19.799,19.808
ETCUSDT,1,1669935660,19.808,19.826,19.807,19.826
ETCUSDT,1,1669935720,19.826,19.835,19.815,19.822
ETCUSDT,1,1669935780,19.822,19.822,19.82,19.82
ETCUSDT,1,1669935840,19.82,19.82,19.798,19.815
ETCUSDT,1,1669935900,19.815,19.815,19.815,19.815
