symbol,period,start_at,open,high,low,close
SHIB1000USDT,15,1652565600,0.012124,0.012222,0.012069,0.012181
SHIB1000USDT,15,1652566500,0.012181,0.012209,0.012079,0.012086
SHIB1000USDT,15,1652567400,0.012086,0.012134,0.011991,0.012118
SHIB1000USDT,15,1652568300,0.012118,0.012469,0.012113,0.01246
SHIB1000USDT,15,1652569200,0.01246,0.012476,0.012311,0.012326
SHIB1000USDT,15,1652570100,0.012326,0.012454,0.012309,0.012421
SHIB1000USDT,15,1652571000,0.012421,0.012575,0.012371,0.012531
SHIB1000USDT,15,1652571900,0.012531,0.012639,0.012421,0.012559
SHIB1000USDT,15,1652572800,0.012559,0.012625,0.012348,0.012378
SHIB1000USDT,15,1652573700,0.012378,0.012583,0.012369,0.012553
SHIB1000USDT,15,1652574600,0.012553,0.0126,0.012368,0.012407
SHIB1000USDT,15,1652575500,0.012407,0.012407,0.01226,0.012288
SHIB1000USDT,15,1652576400,0.012288,0.012333,0.012173,0.012248
SHIB1000USDT,15,1652577300,0.012248,0.012298,0.0122,0.012226
SHIB1000USDT,15,1652578200,0.012226,0.012265,0.012164,0.012191
SHIB1000USDT,15,1652579100,0.012191,0.012333,0.012174,0.012279
SHIB1000USDT,15,1652580000,0.012279,0.012371,0.012118,0.012148
SHIB1000USDT,15,1652580900,0.012148,0.012153,0.012015,0.012026
SHIB1000USDT,15,1652581800,0.012026,0.012096,0.011988,0.011997
SHIB1000USDT,15,1652582700,0.011997,0.012123,0.011958,0.01209
SHIB1000USDT,15,1652583600,0.01209,0.012141,0.01205,0.01205
SHIB1000USDT,15,1652584500,0.01205,0.012061,0.011937,0.01196
SHIB1000USDT,15,1652585400,0.01196,0.012055,0.011919,0.012048
SHIB1000USDT,15,1652586300,0.012048,0.012158,0.012031,0.01211
SHIB1000USDT,15,1652587200,0.01211,0.012218,0.012052,0.01219
SHIB1000USDT,15,1652588100,0.01219,0.012225,0.012129,0.01215
SHIB1000USDT,15,1652589000,0.01215,0.012176,0.011991,0.012089
SHIB1000USDT,15,1652589900,0.012089,0.012132,0.012049,0.012056
SHIB1000USDT,15,1652590800,0.012056,0.012089,0.011972,0.012026
SHIB1000USDT,15,1652591700,0.012026,0.012099,0.012001,0.012084
SHIB1000USDT,15,1652592600,0.012084,0.012181,0.012065,0.01218
SHIB1000USDT,15,1652593500,0.01218,0.012337,0.012153,0.012258
SHIB1000USDT,15,1652594400,0.012258,0.0123,0.012179,0.012188
SHIB1000USDT,15,1652595300,0.012188,0.012311,0.012151,0.012271
SHIB1000USDT,15,1652596200,0.012271,0.012292,0.012221,0.012224
SHIB1000USDT,15,1652597100,0.012224,0.01241,0.012224,0.012393
SHIB1000USDT,15,1652598000,0.012393,0.012479,0.01234,0.012356
SHIB1000USDT,15,1652598900,0.012356,0.012389,0.01229,0.012303
SHIB1000USDT,15,1652599800,0.012303,0.012328,0.012259,0.012307
SHIB1000USDT,15,1652600700,0.012307,0.012321,0.012216,0.012237
SHIB1000USDT,15,1652601600,0.012237,0.012258,0.012156,0.012161
SHIB1000USDT,15,1652602500,0.012161,0.012265,0.012111,0.012236
SHIB1000USDT,15,1652603400,0.012236,0.012306,0.012185,0.012265
SHIB1000USDT,15,1652604300,0.012265,0.012267,0.012129,0.01221
SHIB1000USDT,15,1652605200,0.01221,0.012289,0.012161,0.012163
SHIB1000USDT,15,1652606100,0.012163,0.012299,0.012149,0.012269
SHIB1000USDT,15,1652607000,0.012269,0.012358,0.012264,0.012348
SHIB1000USDT,15,1652607900,0.012348,0.012389,0.012305,0.012347
SHIB1000USDT,15,1652608800,0.012347,0.012358,0.012252,0.012294
SHIB1000USDT,15,1652609700,0.012294,0.012294,0.012223,0.012283
SHIB1000USDT,15,1652610600,0.012283,0.012349,0.012221,0.012349
SHIB1000USDT,15,1652611500,0.012349,0.012481,0.012319,0.012471
SHIB1000USDT,15,1652612400,0.012471,0.012514,0.012419,0.012421
SHIB1000USDT,15,1652613300,0.012421,0.01248,0.012349,0.012451
SHIB1000USDT,15,1652614200,0.012451,0.012651,0.012435,0.012584
SHIB1000USDT,15,1652615100,0.012584,0.012708,0.012571,0.012609
SHIB1000USDT,15,1652616000,0.012609,0.012699,0.012551,0.012567
SHIB1000USDT,15,1652616900,0.012567,0.012639,0.012423,0.01243
SHIB1000USDT,15,1652617800,0.01243,0.01254,0.012348,0.012521
SHIB1000USDT,15,1652618700,0.012521,0.012561,0.012434,0.012497
SHIB1000USDT,15,1652619600,0.012497,0.012497,0.012385,0.012481
SHIB1000USDT,15,1652620500,0.012481,0.012492,0.012315,0.012352
SHIB1000USDT,15,1652621400,0.012352,0.012389,0.012289,0.012299
SHIB1000USDT,15,1652622300,0.012299,0.012359,0.012274,0.012311
SHIB1000USDT,15,1652623200,0.012311,0.012348,0.012161,0.012209
SHIB1000USDT,15,1652624100,0.012209,0.012251,0.012104,0.012193
SHIB1000USDT,15,1652625000,0.012193,0.012268,0.012132,0.012259
SHIB1000USDT,15,1652625900,0.012259,0.012311,0.012219,0.012271
SHIB1000USDT,15,1652626800,0.012271,0.012389,0.012268,0.012369
SHIB1000USDT,15,1652627700,0.012369,0.01237,0.012264,0.012278
SHIB1000USDT,15,1652628600,0.012278,0.01228,0.012191,0.012229
SHIB1000USDT,15,1652629500,0.012229,0.012251,0.012121,0.012239
SHIB1000USDT,15,1652630400,0.012239,0.012305,0.012194,0.012275
SHIB1000USDT,15,1652631300,0.012275,0.012374,0.012271,0.012359
SHIB1000USDT,15,1652632200,0.012359,0.012488,0.012334,0.012471
SHIB1000USDT,15,1652633100,0.012471,0.01249,0.012411,0.012439
SHIB1000USDT,15,1652634000,0.012439,0.012469,0.012379,0.012434
SHIB1000USDT,15,1652634900,0.012434,0.012459,0.012379,0.012413
SHIB1000USDT,15,1652635800,0.012413,0.012419,0.012362,0.012379
SHIB1000USDT,15,1652636700,0.012379,0.012428,0.012315,0.012349
SHIB1000USDT,15,1652637600,0.012349,0.012379,0.012304,0.012368
SHIB1000USDT,15,1652638500,0.012368,0.012471,0.012362,0.012447
SHIB1000USDT,15,1652639400,0.012447,0.012627,0.012447,0.012621
SHIB1000USDT,15,1652640300,0.012621,0.012634,0.012522,0.012573
SHIB1000USDT,15,1652641200,0.012573,0.012591,0.012502,0.012539
SHIB1000USDT,15,1652642100,0.012539,0.012591,0.012506,0.012506
SHIB1000USDT,15,1652643000,0.012506,0.01262,0.012502,0.012599
SHIB1000USDT,15,1652643900,0.012599,0.012751,0.012562,0.012731
SHIB1000USDT,15,1652644800,0.012731,0.012814,0.012612,0.012796
SHIB1000USDT,15,1652645700,0.012796,0.012825,0.012713,0.012782
SHIB1000USDT,15,1652646600,0.012782,0.012785,0.012682,0.012712
SHIB1000USDT,15,1652647500,0.012712,0.012792,0.012671,0.012791
SHIB1000USDT,15,1652648400,0.012791,0.012861,0.012719,0.012736
SHIB1000USDT,15,1652649300,0.012736,0.012747,0.012676,0.012692
SHIB1000USDT,15,1652650200,0.012692,0.012721,0.012615,0.01271
SHIB1000USDT,15,1652651100,0.01271,0.012799,0.01269,0.012764
SHIB1000USDT,15,1669935600,0.009215,0.009215,0.009215,0.009215
SHIB1000USDT,15,1669935600,0.009215,0.009235,0.009215,0.00923
SHIB1000USDT,1,1669935600,0.009215,0.009215,0.009215,0.009215
SHIB1000USDT,1,1669935660,0.009215,0.009216,0.009215,0.009216
SHIB1000USDT,1,1669935720,0.009216,0.009235,0.009216,0.009233
SHIB1000USDT,1,1669935780,0.009233,0.009234,0.009224,0.009228
SHIB1000USDT,1,1669935840,0.009228,0.00923,0.009224,0.00923
SHIB1000USDT,1,1669935900,0.00923,0.00923,0.009229,0.00923
