symbol,period,start_at,open,high,low,close
GMTUSDT,15,1652565600,1.392,1.42,1.3823,1.4174
GMTUSDT,15,1652566500,1.4174,1.4301,1.3937,1.3956
GMTUSDT,15,1652567400,1.3956,1.41,1.3868,1.4081
GMTUSDT,15,1652568300,1.4081,1.4962,1.4074,1.4795
GMTUSDT,15,1652569200,1.4795,1.4938,1.4557,1.463
GMTUSDT,15,1652570100,1.463,1.5464,1.4614,1.5439
GMTUSDT,15,1652571000,1.5439,1.5588,1.512,1.5218
GMTUSDT,15,1652571900,1.5218,1.5449,1.5116,1.5354
GMTUSDT,15,1652572800,1.5354,1.5495,1.4951,1.4987
GMTUSDT,15,1652573700,1.4987,1.5828,1.4987,1.5565
GMTUSDT,15,1652574600,1.5565,1.5779,1.5303,1.5463
GMTUSDT,15,1652575500,1.5463,1.5463,1.5242,1.5337
GMTUSDT,15,1652576400,1.5337,1.5471,1.5065,1.5078
GMTUSDT,15,1652577300,1.5078,1.5259,1.5038,1.5053
GMTUSDT,15,1652578200,1.5053,1.5094,1.4866,1.4981
GMTUSDT,15,1652579100,1.4981,1.5199,1.495,1.5107
GMTUSDT,15,1652580000,1.5107,1.5293,1.4466,1.4604
GMTUSDT,15,1652580900,1.4604,1.4732,1.4361,1.4373
GMTUSDT,15,1652581800,1.4373,1.4436,1.4259,1.429
GMTUSDT,15,1652582700,1.429,1.4371,1.4154,1.4252
GMTUSDT,15,1652583600,1.4252,1.4313,1.4113,1.4152
GMTUSDT,15,1652584500,1.4152,1.416,1.3972,1.4058
GMTUSDT,15,1652585400,1.4058,1.4238,1.4006,1.4202
GMTUSDT,15,1652586300,1.4202,1.4281,1.4174,1.4202
GMTUSDT,15,1652587200,1.4202,1.4375,1.4002,1.4332
GMTUSDT,15,1652588100,1.4332,1.4495,1.4308,1.441
GMTUSDT,15,1652589000,1.441,1.4462,1.4138,1.4282
GMTUSDT,15,1652589900,1.4282,1.44,1.4224,1.4356
GMTUSDT,15,1652590800,1.4356,1.4467,1.4253,1.4437
GMTUSDT,15,1652591700,1.4437,1.5204,1.4401,1.5041
GMTUSDT,15,1652592600,1.5041,1.6037,1.5036,1.5883
GMTUSDT,15,1652593500,1.5883,1.6345,1.5844,1.596
GMTUSDT,15,1652594400,1.596,1.6065,1.5633,1.567
GMTUSDT,15,1652595300,1.567,1.5968,1.5548,1.5796
GMTUSDT,15,1652596200,1.5796,1.5844,1.5632,1.5764
GMTUSDT,15,1652597100,1.5764,1.6292,1.5555,1.6252
GMTUSDT,15,1652598000,1.6252,1.6545,1.6035,1.6134
GMTUSDT,15,1652598900,1.6134,1.6371,1.5899,1.5932
GMTUSDT,15,1652599800,1.5932,1.5991,1.5787,1.5831
GMTUSDT,15,1652600700,1.5831,1.5862,1.5586,1.567
GMTUSDT,15,1652601600,1.567,1.571,1.5284,1.5361
GMTUSDT,15,1652602500,1.5361,1.539,1.5088,1.5117
GMTUSDT,15,1652603400,1.5117,1.5191,1.496,1.5039
GMTUSDT,15,1652604300,1.5039,1.5057,1.4839,1.4891
GMTUSDT,15,1652605200,1.4891,1.4965,1.474,1.4772
GMTUSDT,15,1652606100,1.4772,1.5133,1.4754,1.4904
GMTUSDT,15,1652607000,1.4904,1.4923,1.4647,1.4797
GMTUSDT,15,1652607900,1.4797,1.4917,1.4682,1.4751
GMTUSDT,15,1652608800,1.4751,1.4776,1.4516,1.4632
GMTUSDT,15,1652609700,1.4632,1.4815,1.4608,1.4732
GMTUSDT,15,1652610600,1.4732,1.496,1.4671,1.4784
GMTUSDT,15,1652611500,1.4784,1.5422,1.4688,1.5366
GMTUSDT,15,1652612400,1.5366,1.5526,1.5137,1.5201
GMTUSDT,15,1652613300,1.5201,1.5267,1.4793,1.5267
GMTUSDT,15,1652614200,1.5267,1.55,1.5009,1.5052
GMTUSDT,15,1652615100,1.5052,1.5436,1.5033,1.5339
GMTUSDT,15,1652616000,1.5339,1.5738,1.5332,1.5566
GMTUSDT,15,1652616900,1.5566,1.5777,1.5061,1.5243
GMTUSDT,15,1652617800,1.5243,1.5333,1.5068,1.5284
GMTUSDT,15,1652618700,1.5284,1.5345,1.4952,1.5064
GMTUSDT,15,1652619600,1.5064,1.5189,1.4839,1.5125
GMTUSDT,15,1652620500,1.5125,1.5211,1.458,1.4692
GMTUSDT,15,1652621400,1.4692,1.4803,1.4571,1.4639
GMTUSDT,15,1652622300,1.4639,1.4833,1.4559,1.4783
GMTUSDT,15,1652623200,1.4783,1.4995,1.4507,1.4819
GMTUSDT,15,1652624100,1.4819,1.484,1.4324,1.4458
GMTUSDT,15,1652625000,1.4458,1.4636,1.4266,1.4568
GMTUSDT,15,1652625900,1.4568,1.4649,1.4429,1.4507
GMTUSDT,15,1652626800,1.4507,1.4832,1.4482,1.4757
GMTUSDT,15,1652627700,1.4757,1.476,1.4542,1.457
GMTUSDT,15,1652628600,1.457,1.4572,1.4367,1.451
GMTUSDT,15,1652629500,1.451,1.4548,1.4183,1.4421
GMTUSDT,15,1652630400,1.4421,1.4601,1.4316,1.4597
GMTUSDT,15,1652631300,1.4597,1.4735,1.4512,1.4589
GMTUSDT,15,1652632200,1.4589,1.4813,1.4487,1.4764
GMTUSDT,15,1652633100,1.4764,1.4791,1.4556,1.4627
GMTUSDT,15,1652634000,1.4627,1.4774,1.453,1.4765
GMTUSDT,15,1652634900,1.4765,1.4812,1.464,1.4684
GMTUSDT,15,1652635800,1.4684,1.4692,1.4542,1.4681
GMTUSDT,15,1652636700,1.4681,1.504,1.451,1.4648
GMTUSDT,15,1652637600,1.4648,1.4967,1.4548,1.495
GMTUSDT,15,1652638500,1.495,1.5185,1.4808,1.4943
GMTUSDT,15,1652639400,1.4943,1.5253,1.4841,1.5247
GMTUSDT,15,1652640300,1.5247,1.5277,1.5019,1.5069
GMTUSDT,15,1652641200,1.5069,1.5112,1.4875,1.4955
GMTUSDT,15,1652642100,1.4955,1.508,1.4869,1.49
GMTUSDT,15,1652643000,1.49,1.5103,1.4893,1.509
GMTUSDT,15,1652643900,1.509,1.5174,1.5005,1.5121
GMTUSDT,15,1652644800,1.5121,1.5499,1.5054,1.5411
GMTUSDT,15,1652645700,1.5411,1.5669,1.5295,1.5481
GMTUSDT,15,1652646600,1.5481,1.55,1.5301,1.5346
GMTUSDT,15,1652647500,1.5346,1.5509,1.5264,1.5443
GMTUSDT,15,1652648400,1.5443,1.5584,1.5289,1.5352
GMTUSDT,15,1652649300,1.5352,1.5355,1.5118,1.526
GMTUSDT,15,1652650200,1.526,1.537,1.5181,1.5278
GMTUSDT,15,1652651100,1.5278,1.5891,1.5265,1.5687
GMTUSDT,15,1669935600,0.3815,0.3822,0.3815,0.3822
GMTUSDT,15,1669935600,0.3815,0.3827,0.3815,0.382
GMTUSDT,1,1669935600,0.3815,0.3821,0.3815,0.3821
GMTUSDT,1,1669935660,0.3821,0.3826,0.3821,0.3826
GMTUSDT,1,1669935720,0.3826,0.3827,0.3822,0.3822
GMTUSDT,1,1669935780,0.3822,0.3823,0.3819,0.3819
GMTUSDT,1,1669935840,0.3819,0.382,0.3819,0.382
GMTUSDT,1,1669935900,0.382,0.382,0.382,0.382
