symbol,interval,open_time,open,high,low,close,volume,turnover
DOTUSD,15,1652565600,11.125,11.295,11.08,11.285,342646,30634.89956723
DOTUSD,15,1652566500,11.285,11.29,11.15,11.185,258659,23071.71412822
DOTUSD,15,1652567400,11.185,11.235,11.08,11.205,313089,27973.66404536
DOTUSD,15,1652568300,11.205,11.515,11.205,11.435,1283082,112861.40485534
DOTUSD,15,1652569200,11.435,11.515,11.29,11.315,299488,26284.64295135
DOTUSD,15,1652570100,11.315,11.505,11.31,11.4,116795,10233.3350015
DOTUSD,15,1652571000,11.4,11.44,11.23,11.285,197523,17394.55133729
DOTUSD,15,1652571900,11.285,11.515,11.22,11.26,369702,32541.44611465
DOTUSD,15,1652572800,11.26,11.295,11.105,11.185,449750,40175.44669198
DOTUSD,15,1652573700,11.185,11.445,11.185,11.355,386905,34052.61760986
DOTUSD,15,1652574600,11.355,11.395,11.165,11.175,248668,22071.04727358
DOTUSD,15,1652575500,11.175,11.205,11.135,11.16,213357,19105.67339135
DOTUSD,15,1652576400,11.16,11.19,10.995,11.01,282604,25577.77593392
DOTUSD,15,1652577300,11.01,11.085,10.995,11.025,110751,10025.72998889
DOTUSD,15,1652578200,11.025,11.075,10.93,10.96,179144,16323.09505397
DOTUSD,15,1652579100,10.96,11.12,10.935,11.09,238717,21564.91790426
DOTUSD,15,1652580000,11.09,11.175,10.955,10.97,166743,15037.60713791
DOTUSD,15,1652580900,10.97,11,10.875,10.89,307445,28102.79734342
DOTUSD,15,1652581800,10.89,10.915,10.84,10.855,138608,12738.48649542
DOTUSD,15,1652582700,10.855,10.94,10.82,10.89,147210,13520.12312481
DOTUSD,15,1652583600,10.89,10.935,10.845,10.86,124316,11417.89370699
DOTUSD,15,1652584500,10.86,10.87,10.73,10.81,233410,21627.12987976
DOTUSD,15,1652585400,10.81,10.89,10.77,10.875,142031,13104.45069172
DOTUSD,15,1652586300,10.875,10.93,10.85,10.905,176719,16222.19957764
DOTUSD,15,1652587200,10.905,11.05,10.835,11,161107,14705.25578816
DOTUSD,15,1652588100,11,11.1,10.97,11.045,134166,12145.41785509
DOTUSD,15,1652589000,11.045,11.08,10.895,10.995,183053,16697.92976272
DOTUSD,15,1652589900,10.995,11.07,10.94,10.98,145693,13235.12412606
DOTUSD,15,1652590800,10.98,11.025,10.865,10.97,139315,12730.80464101
DOTUSD,15,1652591700,10.97,11.095,10.93,11.035,161800,14684.78024489
DOTUSD,15,1652592600,11.035,11.14,10.965,11.12,197834,17907.04465249
DOTUSD,15,1652593500,11.12,11.245,11.085,11.21,176802,15810.81982996
DOTUSD,15,1652594400,11.21,11.26,11.055,11.075,205409,18447.0025619
DOTUSD,15,1652595300,11.075,11.185,11.04,11.15,146742,13191.60166831
DOTUSD,15,1652596200,11.15,11.165,11.015,11.03,134430,12135.76153629
DOTUSD,15,1652597100,11.03,11.12,10.99,11.1,165061,14925.65928718
DOTUSD,15,1652598000,11.1,11.2,11.055,11.19,152368,13683.31874819
DOTUSD,15,1652598900,11.19,11.23,11.1,11.12,136142,12171.17174242
DOTUSD,15,1652599800,11.12,11.165,11.085,11.13,81307,7308.82106873
DOTUSD,15,1652600700,11.13,11.15,10.935,10.94,159100,14450.3135615
DOTUSD,15,1652601600,10.94,10.96,10.865,10.875,232926,21365.22296436
DOTUSD,15,1652602500,10.875,10.965,10.825,10.92,154731,14204.21490397
DOTUSD,15,1652603400,10.92,11.025,10.88,10.95,133231,12172.32831214
DOTUSD,15,1652604300,10.95,10.96,10.835,10.915,138588,12708.8824575
DOTUSD,15,1652605200,10.915,11.1,10.86,10.86,288738,26353.21462051
DOTUSD,15,1652606100,10.86,11.05,10.85,10.995,244151,22301.56472251
DOTUSD,15,1652607000,10.995,11.025,10.945,11.02,126596,11524.91434526
DOTUSD,15,1652607900,11.02,11.04,10.975,10.985,87218,7919.33163328
DOTUSD,15,1652608800,10.985,11.015,10.915,10.97,103019,9395.72188653
DOTUSD,15,1652609700,10.97,10.97,10.88,10.945,113419,10387.93482286
DOTUSD,15,1652610600,10.945,10.97,10.9,10.955,94607,8649.45611996
DOTUSD,15,1652611500,10.955,11.085,10.935,11.085,118742,10769.67234063
DOTUSD,15,1652612400,11.085,11.09,10.995,11,110474,10007.00672816
DOTUSD,15,1652613300,11,11.025,10.935,10.995,96651,8795.94454928
DOTUSD,15,1652614200,10.995,11.13,10.95,11.11,229280,20755.25951016
DOTUSD,15,1652615100,11.11,11.23,11.11,11.16,194398,17396.83923998
DOTUSD,15,1652616000,11.16,11.255,11.13,11.165,138722,12397.35268266
DOTUSD,15,1652616900,11.165,11.245,11.025,11.04,126097,11303.07760937
DOTUSD,15,1652617800,11.04,11.095,10.96,11.085,165869,15047.67739104
DOTUSD,15,1652618700,11.085,11.12,10.98,11.015,157694,14289.81335734
DOTUSD,15,1652619600,11.015,11.055,10.945,11.055,145101,13196.11586676
DOTUSD,15,1652620500,11.055,11.085,10.86,10.9,115242,10507.84620767
DOTUSD,15,1652621400,10.9,10.95,10.845,10.89,136612,12542.5132115
DOTUSD,15,1652622300,10.89,10.945,10.83,10.87,147435,13554.17185902
DOTUSD,15,1652623200,10.87,10.9,10.61,10.715,273197,25482.95097047
DOTUSD,15,1652624100,10.715,10.725,10.55,10.65,305643,28792.20765007
DOTUSD,15,1652625000,10.65,10.74,10.55,10.715,215407,20244.1573055
DOTUSD,15,1652625900,10.715,10.785,10.695,10.76,171637,15965.93928513
DOTUSD,15,1652626800,10.76,11.435,10.72,10.885,1800329,164306.01335684
DOTUSD,15,1652627700,10.885,10.885,10.76,10.79,424752,39300.06729546
DOTUSD,15,1652628600,10.79,10.79,10.635,10.675,171023,16003.28423105
DOTUSD,15,1652629500,10.675,10.775,10.605,10.76,112646,10539.6345929
DOTUSD,15,1652630400,10.76,10.82,10.655,10.72,187603,17463.65335626
DOTUSD,15,1652631300,10.72,10.805,10.695,10.795,109796,10198.23028969
DOTUSD,15,1652632200,10.795,11.025,10.77,11.005,191433,17530.92626731
DOTUSD,15,1652633100,11.005,11.145,10.93,11.04,126669,11482.33024331
DOTUSD,15,1652634000,11.04,11.115,11.005,11.095,114531,10342.23871237
DOTUSD,15,1652634900,11.095,11.16,11.055,11.085,106911,9632.01797779
DOTUSD,15,1652635800,11.085,11.105,10.995,11.02,302257,27361.36694648
DOTUSD,15,1652636700,11.02,11.07,10.94,10.975,99519,9034.7581812
DOTUSD,15,1652637600,10.975,11.055,10.93,11.05,113498,10323.95033777
DOTUSD,15,1652638500,11.05,11.16,11.045,11.135,423950,38256.17961238
DOTUSD,15,1652639400,11.135,11.495,11.135,11.49,1011167,88532.04833384
DOTUSD,15,1652640300,11.49,11.495,11.335,11.385,282876,24787.12740516
DOTUSD,15,1652641200,11.385,11.445,11.32,11.36,142504,12532.57179183
DOTUSD,15,1652642100,11.36,11.37,11.24,11.265,131893,11661.08279802
DOTUSD,15,1652643000,11.265,11.395,11.265,11.345,121382,10702.35952306
DOTUSD,15,1652643900,11.345,11.415,11.325,11.415,134564,11833.57680625
DOTUSD,15,1652644800,11.415,11.61,11.34,11.58,201584,17578.94570173
DOTUSD,15,1652645700,11.58,11.62,11.415,11.515,207908,18062.85415209
DOTUSD,15,1652646600,11.515,11.515,11.435,11.475,173280,15097.5980057
DOTUSD,15,1652647500,11.475,11.58,11.44,11.565,127792,11104.12325697
DOTUSD,15,1652648400,11.565,11.635,11.49,11.525,234310,20248.6265418
DOTUSD,15,1652649300,11.525,11.525,11.415,11.415,102165,8906.80807473
DOTUSD,15,1652650200,11.415,11.485,11.38,11.455,125102,10936.11651898
DOTUSD,15,1652651100,11.455,11.575,11.44,11.56,135851,11815.20004108
