symbol,period,start_at,open,high,low,close
GMXUSDT,15,1665393300,77.648,77.648,60.374,62.33
GMXUSDT,15,1665394200,62.33,62.33,60.027,60.226
GMXUSDT,15,1665395100,60.226,62.449,43.0,43.095
GMXUSDT,15,1665396000,43.095,43.605,43.095,43.6
GMXUSDT,15,1665396900,43.6,44.826,43.095,43.225
GMXUSDT,15,1665397800,43.225,44.821,42.995,43.2
GMXUSDT,15,1665398700,43.2,44.823,42.995,43.225
GMXUSDT,15,1665399600,43.225,45.6,42.88,43.2
GMXUSDT,15,1665400500,43.2,43.5,42.86,43.4
GMXUSDT,15,1665401400,43.4,43.5,43.11,43.205
GMXUSDT,15,1665402300,43.205,43.205,42.994,43.015
GMXUSDT,15,1665403200,43.015,43.203,43.004,43.192
GMXUSDT,15,1665404100,43.192,43.23,43.13,43.185
GMXUSDT,15,1665405000,43.185,43.517,43.185,43.424
GMXUSDT,15,1665405900,43.424,43.535,43.415,43.447
GMXUSDT,15,1665406800,43.447,43.465,43.123,43.269
GMXUSDT,15,1665407700,43.269,43.33,43.039,43.139
GMXUSDT,15,1665408600,43.139,43.335,43.139,43.221
GMXUSDT,15,1665409500,43.221,43.221,43.076,43.13
GMXUSDT,15,1665410400,43.13,43.212,43.076,43.119
GMXUSDT,15,1665411300,43.119,43.13,42.991,43.113
GMXUSDT,15,1665412200,43.113,43.13,42.786,42.859
GMXUSDT,15,1665413100,42.859,43.148,42.765,43.03
GMXUSDT,15,1665414000,43.03,43.03,42.916,42.995
GMXUSDT,15,1665414900,42.995,42.995,42.77,42.966
GMXUSDT,15,1665415800,42.966,43.214,42.966,43.059
GMXUSDT,15,1665416700,43.059,43.109,42.997,43.108
GMXUSDT,15,1665417600,43.108,43.116,42.895,42.895
GMXUSDT,15,1665418500,42.895,42.993,42.442,42.515
GMXUSDT,15,1665419400,42.515,42.718,42.499,42.718
GMXUSDT,15,1665420300,42.718,42.77,42.711,42.77
GMXUSDT,15,1665421200,42.77,42.77,42.445,42.525
GMXUSDT,15,1665422100,42.525,42.525,42.318,42.4
GMXUSDT,15,1665423000,42.4,42.43,42.339,42.4
GMXUSDT,15,1665423900,42.4,42.555,42.4,42.4
GMXUSDT,15,1665424800,42.4,42.695,42.4,42.609
GMXUSDT,15,1665425700,42.609,42.69,42.35,42.67
GMXUSDT,15,1665426600,42.67,42.671,42.465,42.465
GMXUSDT,15,1665427500,42.465,42.639,42.465,42.592
GMXUSDT,15,1665428400,42.592,42.692,42.447,42.513
GMXUSDT,15,1665429300,42.513,42.607,42.438,42.525
GMXUSDT,15,1665430200,42.525,42.596,42.499,42.555
GMXUSDT,15,1665431100,42.555,42.558,42.4,42.55
GMXUSDT,15,1665432000,42.55,42.56,42.165,42.165
GMXUSDT,15,1665432900,42.165,42.165,42.12,42.12
GMXUSDT,15,1665433800,42.12,42.265,42.12,42.265
GMXUSDT,15,1665434700,42.265,42.523,42.26,42.44
GMXUSDT,15,1665435600,42.44,42.522,42.38,42.522
GMXUSDT,15,1665436500,42.522,42.543,42.142,42.275
GMXUSDT,15,1665437400,42.275,42.36,42.275,42.351
GMXUSDT,15,1665438300,42.351,42.402,42.28,42.402
GMXUSDT,15,1665439200,42.402,42.403,41.68,41.807
GMXUSDT,15,1665440100,41.807,41.838,41.701,41.803
GMXUSDT,15,1665441000,41.803,41.855,41.483,41.619
GMXUSDT,15,1665441900,41.619,41.665,41.385,41.466
GMXUSDT,15,1665442800,41.466,41.555,41.322,41.455
GMXUSDT,15,1665443700,41.455,41.631,41.369,41.623
GMXUSDT,15,1665444600,41.623,41.623,41.253,41.37
GMXUSDT,15,1665445500,41.37,41.455,41.182,41.455
GMXUSDT,15,1665446400,41.455,41.455,39.342,39.866
GMXUSDT,15,1665447300,39.866,40.369,39.516,40.13
GMXUSDT,15,1665448200,40.13,40.19,39.923,39.957
GMXUSDT,15,1665449100,39.957,40.048,39.647,39.787
GMXUSDT,15,1665450000,39.787,40.095,39.391,40.02
GMXUSDT,15,1665450900,40.02,40.114,39.468,39.855
GMXUSDT,15,1665451800,39.855,39.877,39.645,39.683
GMXUSDT,15,1665452700,39.683,39.813,39.529,39.716
GMXUSDT,15,1665453600,39.716,39.719,39.27,39.372
GMXUSDT,15,1665454500,39.372,39.504,39.324,39.495
GMXUSDT,15,1665455400,39.495,39.53,39.448,39.465
GMXUSDT,15,1665456300,39.465,39.508,39.284,39.346
GMXUSDT,15,1665457200,39.346,39.383,39.307,39.345
GMXUSDT,15,1665458100,39.345,39.354,39.158,39.289
GMXUSDT,15,1665459000,39.289,39.289,38.282,38.357
GMXUSDT,15,1665459900,38.357,38.468,38.146,38.421
GMXUSDT,15,1665460800,38.421,38.422,38.256,38.422
GMXUSDT,15,1665461700,38.422,38.459,38.074,38.185
GMXUSDT,15,1665462600,38.185,38.207,37.9,37.999
GMXUSDT,15,1665463500,37.999,38.0,37.797,37.84
GMXUSDT,15,1665464400,37.84,38.338,37.84,38.196
GMXUSDT,15,1665465300,38.196,38.429,38.178,38.258
GMXUSDT,15,1665466200,38.258,38.28,38.056,38.104
GMXUSDT,15,1665467100,38.104,38.281,38.025,38.249
GMXUSDT,15,1665468000,38.249,38.353,38.04,38.07
GMXUSDT,15,1665468900,38.07,38.076,37.655,37.676
GMXUSDT,15,1665469800,37.676,37.878,37.676,37.805
GMXUSDT,15,1665470700,37.805,38.254,37.777,38.074
GMXUSDT,15,1665471600,38.074,38.142,37.696,37.914
GMXUSDT,15,1665472500,37.914,38.004,37.38,37.907
GMXUSDT,15,1665473400,37.907,37.972,37.787,37.905
GMXUSDT,15,1665474300,37.905,37.984,37.765,37.945
GMXUSDT,15,1665475200,37.945,38.674,37.882,38.574
GMXUSDT,15,1665476100,38.574,38.792,38.397,38.72
GMXUSDT,15,1665477000,38.72,38.785,38.557,38.58
GMXUSDT,15,1665477900,38.58,39.112,38.58,39.026
GMXUSDT,15,1665478800,39.026,39.56,38.939,39.431
GMXUSDT,15,1669935600,49.768,49.825,49.759,49.825
GMXUSDT,15,1669935600,49.768,49.922,49.727,49.825
GMXUSDT,1,1669935600,49.768,49.825,49.759,49.825
GMXUSDT,1,1669935660,49.825,49.922,49.825,49.825
GMXUSDT,1,1669935720,49.825,49.825,49.805,49.805
GMXUSDT,1,1669935780,49.805,49.805,49.727,49.758
GMXUSDT,1,1669935840,49.758,49.825,49.757,49.825
GMXUSDT,1,1669935900,49.825,49.825,49.679,49.679
