symbol,period,start_at,open,high,low,close
QNTUSDT,15,1652565600,69.98,70.2,69.57,69.81
QNTUSDT,15,1652566500,69.81,70.18,69.73,70.11
QNTUSDT,15,1652567400,70.11,70.22,69.97,70.16
QNTUSDT,15,1652568300,70.16,72.0,70.15,71.97
QNTUSDT,15,1652569200,71.97,71.99,71.05,71.24
QNTUSDT,15,1652570100,71.24,71.56,71.03,71.47
QNTUSDT,15,1652571000,71.47,72.31,71.42,72.08
QNTUSDT,15,1652571900,72.08,72.32,71.93,72.24
QNTUSDT,15,1652572800,72.24,72.41,71.14,71.57
QNTUSDT,15,1652573700,71.57,74.35,71.57,73.65
QNTUSDT,15,1652574600,73.65,73.91,71.77,71.77
QNTUSDT,15,1652575500,71.77,71.92,70.88,70.88
QNTUSDT,15,1652576400,70.88,71.13,70.38,70.62
QNTUSDT,15,1652577300,70.62,70.76,70.46,70.62
QNTUSDT,15,1652578200,70.62,71.23,70.31,71.23
QNTUSDT,15,1652579100,71.23,71.61,71.05,71.33
QNTUSDT,15,1652580000,71.33,71.48,70.2,70.27
QNTUSDT,15,1652580900,70.27,70.27,70.0,70.02
QNTUSDT,15,1652581800,70.02,70.1,69.79,69.82
QNTUSDT,15,1652582700,69.82,69.98,69.73,69.9
QNTUSDT,15,1652583600,69.9,70.09,69.85,69.9
QNTUSDT,15,1652584500,69.9,69.9,69.4,69.43
QNTUSDT,15,1652585400,69.43,69.82,69.1,69.73
QNTUSDT,15,1652586300,69.73,69.8,69.58,69.71
QNTUSDT,15,1652587200,69.71,70.07,69.68,70.06
QNTUSDT,15,1652588100,70.06,70.08,69.8,69.87
QNTUSDT,15,1652589000,69.87,69.98,69.2,69.43
QNTUSDT,15,1652589900,69.43,69.76,69.3,69.58
QNTUSDT,15,1652590800,69.58,69.58,69.2,69.47
QNTUSDT,15,1652591700,69.47,70.04,69.46,69.98
QNTUSDT,15,1652592600,69.98,71.0,69.98,71.0
QNTUSDT,15,1652593500,71.0,71.35,70.86,71.14
QNTUSDT,15,1652594400,71.14,71.27,70.48,70.49
QNTUSDT,15,1652595300,70.49,70.75,70.38,70.63
QNTUSDT,15,1652596200,70.63,70.7,70.44,70.49
QNTUSDT,15,1652597100,70.49,70.93,70.4,70.78
QNTUSDT,15,1652598000,70.78,71.4,70.76,71.26
QNTUSDT,15,1652598900,71.26,71.36,70.96,70.97
QNTUSDT,15,1652599800,70.97,71.19,70.86,71.19
QNTUSDT,15,1652600700,71.19,71.19,70.58,70.69
QNTUSDT,15,1652601600,70.69,70.76,70.34,70.34
QNTUSDT,15,1652602500,70.34,70.51,70.04,70.37
QNTUSDT,15,1652603400,70.37,70.55,70.32,70.46
QNTUSDT,15,1652604300,70.46,70.58,69.86,69.86
QNTUSDT,15,1652605200,69.86,70.15,69.54,69.54
QNTUSDT,15,1652606100,69.54,70.55,69.52,70.39
QNTUSDT,15,1652607000,70.39,70.59,70.23,70.58
QNTUSDT,15,1652607900,70.58,70.87,70.5,70.72
QNTUSDT,15,1652608800,70.72,70.91,70.09,70.24
QNTUSDT,15,1652609700,70.24,70.26,70.0,70.09
QNTUSDT,15,1652610600,70.09,70.36,69.96,70.28
QNTUSDT,15,1652611500,70.28,71.42,70.28,71.42
QNTUSDT,15,1652612400,71.42,71.44,70.91,71.06
QNTUSDT,15,1652613300,71.06,72.21,70.85,72.2
QNTUSDT,15,1652614200,72.2,72.85,72.0,72.54
QNTUSDT,15,1652615100,72.54,73.05,72.51,72.51
QNTUSDT,15,1652616000,72.51,73.01,72.48,72.79
QNTUSDT,15,1652616900,72.79,73.02,72.37,72.37
QNTUSDT,15,1652617800,72.37,72.8,71.65,72.8
QNTUSDT,15,1652618700,72.8,72.8,71.6,71.86
QNTUSDT,15,1652619600,71.86,72.05,71.6,72.05
QNTUSDT,15,1652620500,72.05,72.09,70.75,71.0
QNTUSDT,15,1652621400,71.0,71.38,70.81,71.07
QNTUSDT,15,1652622300,71.07,71.33,70.96,71.15
QNTUSDT,15,1652623200,71.15,71.23,69.43,70.31
QNTUSDT,15,1652624100,70.31,70.41,69.52,70.05
QNTUSDT,15,1652625000,70.05,70.34,69.68,70.25
QNTUSDT,15,1652625900,70.25,70.58,70.2,70.45
QNTUSDT,15,1652626800,70.45,71.09,70.34,70.85
QNTUSDT,15,1652627700,70.85,70.85,70.17,70.23
QNTUSDT,15,1652628600,70.23,70.25,68.48,68.83
QNTUSDT,15,1652629500,68.83,69.3,68.71,69.23
QNTUSDT,15,1652630400,69.23,69.64,69.23,69.44
QNTUSDT,15,1652631300,69.44,69.92,69.44,69.86
QNTUSDT,15,1652632200,69.86,70.76,69.86,70.72
QNTUSDT,15,1652633100,70.72,70.81,70.42,70.52
QNTUSDT,15,1652634000,70.52,70.89,70.43,70.81
QNTUSDT,15,1652634900,70.81,70.87,70.19,70.29
QNTUSDT,15,1652635800,70.29,70.31,69.72,69.91
QNTUSDT,15,1652636700,69.91,69.92,69.33,69.42
QNTUSDT,15,1652637600,69.42,69.43,68.75,69.0
QNTUSDT,15,1652638500,69.0,69.25,68.94,69.17
QNTUSDT,15,1652639400,69.17,70.71,69.1,70.7
QNTUSDT,15,1652640300,70.7,70.84,69.9,70.25
QNTUSDT,15,1652641200,70.25,70.48,70.01,70.15
QNTUSDT,15,1652642100,70.15,70.15,69.75,69.77
QNTUSDT,15,1652643000,69.77,70.4,69.67,70.4
QNTUSDT,15,1652643900,70.4,70.76,70.27,70.59
QNTUSDT,15,1652644800,70.59,71.71,69.82,70.86
QNTUSDT,15,1652645700,70.86,71.9,70.73,71.75
QNTUSDT,15,1652646600,71.75,71.78,71.1,71.78
QNTUSDT,15,1652647500,71.78,72.61,71.76,72.61
QNTUSDT,15,1652648400,72.61,73.1,72.4,72.61
QNTUSDT,15,1652649300,72.61,73.58,72.19,73.05
QNTUSDT,15,1652650200,73.05,73.19,71.91,71.97
QNTUSDT,15,1652651100,71.97,72.83,71.97,72.73
QNTUSDT,15,1669935600,121.57,121.62,121.55,121.62
QNTUSDT,15,1669935600,121.57,121.65,121.34,121.34
QNTUSDT,1,1669935600,121.57,121.58,121.55,121.55
QNTUSDT,1,1669935660,121.55,121.62,121.55,121.62
QNTUSDT,1,1669935720,121.62,121.63,121.61,121.61
QNTUSDT,1,1669935780,121.61,121.65,121.48,121.48
QNTUSDT,1,1669935840,121.48,121.48,121.34,121.35
QNTUSDT,1,1669935900,121.35,121.35,121.29,121.29
