symbol,period,start_at,open,high,low,close
EOSUSDT,15,1652565600,1.344,1.347,1.334,1.347
EOSUSDT,15,1652566500,1.347,1.348,1.338,1.34
EOSUSDT,15,1652567400,1.34,1.34,1.332,1.338
EOSUSDT,15,1652568300,1.338,1.362,1.335,1.35
EOSUSDT,15,1652569200,1.35,1.356,1.342,1.344
EOSUSDT,15,1652570100,1.344,1.352,1.342,1.351
EOSUSDT,15,1652571000,1.351,1.358,1.345,1.358
EOSUSDT,15,1652571900,1.358,1.362,1.35,1.352
EOSUSDT,15,1652572800,1.352,1.362,1.345,1.346
EOSUSDT,15,1652573700,1.346,1.373,1.346,1.364
EOSUSDT,15,1652574600,1.364,1.366,1.349,1.352
EOSUSDT,15,1652575500,1.352,1.352,1.345,1.348
EOSUSDT,15,1652576400,1.348,1.349,1.336,1.339
EOSUSDT,15,1652577300,1.339,1.345,1.335,1.335
EOSUSDT,15,1652578200,1.335,1.343,1.332,1.34
EOSUSDT,15,1652579100,1.34,1.347,1.338,1.34
EOSUSDT,15,1652580000,1.34,1.348,1.33,1.331
EOSUSDT,15,1652580900,1.331,1.332,1.321,1.325
EOSUSDT,15,1652581800,1.325,1.327,1.322,1.323
EOSUSDT,15,1652582700,1.323,1.329,1.319,1.326
EOSUSDT,15,1652583600,1.326,1.328,1.324,1.324
EOSUSDT,15,1652584500,1.324,1.325,1.313,1.315
EOSUSDT,15,1652585400,1.315,1.321,1.311,1.32
EOSUSDT,15,1652586300,1.32,1.322,1.319,1.322
EOSUSDT,15,1652587200,1.322,1.328,1.318,1.327
EOSUSDT,15,1652588100,1.327,1.328,1.322,1.325
EOSUSDT,15,1652589000,1.325,1.326,1.313,1.324
EOSUSDT,15,1652589900,1.324,1.328,1.322,1.325
EOSUSDT,15,1652590800,1.325,1.328,1.318,1.321
EOSUSDT,15,1652591700,1.321,1.329,1.319,1.328
EOSUSDT,15,1652592600,1.328,1.332,1.323,1.332
EOSUSDT,15,1652593500,1.332,1.351,1.33,1.347
EOSUSDT,15,1652594400,1.347,1.356,1.343,1.343
EOSUSDT,15,1652595300,1.343,1.35,1.341,1.345
EOSUSDT,15,1652596200,1.345,1.346,1.338,1.338
EOSUSDT,15,1652597100,1.338,1.36,1.337,1.358
EOSUSDT,15,1652598000,1.358,1.365,1.353,1.356
EOSUSDT,15,1652598900,1.356,1.375,1.355,1.356
EOSUSDT,15,1652599800,1.356,1.372,1.348,1.358
EOSUSDT,15,1652600700,1.358,1.358,1.342,1.344
EOSUSDT,15,1652601600,1.344,1.348,1.338,1.339
EOSUSDT,15,1652602500,1.339,1.343,1.334,1.337
EOSUSDT,15,1652603400,1.337,1.341,1.332,1.338
EOSUSDT,15,1652604300,1.338,1.339,1.327,1.332
EOSUSDT,15,1652605200,1.332,1.337,1.325,1.325
EOSUSDT,15,1652606100,1.325,1.34,1.324,1.336
EOSUSDT,15,1652607000,1.336,1.34,1.333,1.339
EOSUSDT,15,1652607900,1.339,1.342,1.335,1.339
EOSUSDT,15,1652608800,1.339,1.343,1.332,1.336
EOSUSDT,15,1652609700,1.336,1.337,1.332,1.334
EOSUSDT,15,1652610600,1.334,1.337,1.329,1.335
EOSUSDT,15,1652611500,1.335,1.348,1.334,1.346
EOSUSDT,15,1652612400,1.346,1.348,1.342,1.344
EOSUSDT,15,1652613300,1.344,1.351,1.336,1.349
EOSUSDT,15,1652614200,1.349,1.363,1.348,1.359
EOSUSDT,15,1652615100,1.359,1.37,1.359,1.366
EOSUSDT,15,1652616000,1.366,1.375,1.364,1.366
EOSUSDT,15,1652616900,1.366,1.377,1.361,1.362
EOSUSDT,15,1652617800,1.362,1.364,1.354,1.357
EOSUSDT,15,1652618700,1.357,1.361,1.354,1.359
EOSUSDT,15,1652619600,1.359,1.359,1.352,1.356
EOSUSDT,15,1652620500,1.356,1.358,1.342,1.345
EOSUSDT,15,1652621400,1.345,1.348,1.34,1.342
EOSUSDT,15,1652622300,1.342,1.346,1.339,1.341
EOSUSDT,15,1652623200,1.341,1.344,1.326,1.331
EOSUSDT,15,1652624100,1.331,1.334,1.323,1.329
EOSUSDT,15,1652625000,1.329,1.336,1.318,1.334
EOSUSDT,15,1652625900,1.334,1.337,1.328,1.332
EOSUSDT,15,1652626800,1.332,1.345,1.331,1.343
EOSUSDT,15,1652627700,1.343,1.343,1.335,1.335
EOSUSDT,15,1652628600,1.335,1.335,1.326,1.33
EOSUSDT,15,1652629500,1.33,1.335,1.322,1.333
EOSUSDT,15,1652630400,1.333,1.339,1.332,1.335
EOSUSDT,15,1652631300,1.335,1.341,1.335,1.338
EOSUSDT,15,1652632200,1.338,1.354,1.334,1.353
EOSUSDT,15,1652633100,1.353,1.354,1.346,1.348
EOSUSDT,15,1652634000,1.348,1.35,1.345,1.35
EOSUSDT,15,1652634900,1.35,1.351,1.344,1.344
EOSUSDT,15,1652635800,1.344,1.345,1.337,1.338
EOSUSDT,15,1652636700,1.338,1.34,1.331,1.334
EOSUSDT,15,1652637600,1.334,1.337,1.326,1.337
EOSUSDT,15,1652638500,1.337,1.34,1.33,1.333
EOSUSDT,15,1652639400,1.333,1.348,1.331,1.348
EOSUSDT,15,1652640300,1.348,1.35,1.341,1.345
EOSUSDT,15,1652641200,1.345,1.345,1.337,1.34
EOSUSDT,15,1652642100,1.34,1.348,1.338,1.344
EOSUSDT,15,1652643000,1.344,1.354,1.343,1.352
EOSUSDT,15,1652643900,1.352,1.361,1.352,1.359
EOSUSDT,15,1652644800,1.359,1.377,1.355,1.376
EOSUSDT,15,1652645700,1.376,1.391,1.374,1.383
EOSUSDT,15,1652646600,1.383,1.386,1.377,1.384
EOSUSDT,15,1652647500,1.384,1.389,1.379,1.387
EOSUSDT,15,1652648400,1.387,1.392,1.384,1.384
EOSUSDT,15,1652649300,1.384,1.384,1.379,1.382
EOSUSDT,15,1652650200,1.382,1.386,1.382,1.386
EOSUSDT,15,1652651100,1.386,1.387,1.384,1.387
EOSUSDT,15,1669935600,0.932,0.932,0.931,0.931
EOSUSDT,15,1669935600,0.932,0.933,0.931,0.933
EOSUSDT,1,1669935600,0.932,0.932,0.931,0.931
EOSUSDT,1,1669935660,0.931,0.932,0.931,0.932
EOSUSDT,1,1669935720,0.932,0.933,0.932,0.933
EOSUSDT,1,1669935780,0.933,0.933,0.933,0.933
EOSUSDT,1,1669935840,0.933,0.933,0.933,0.933
EOSUSDT,1,1669935900,0.933,0.933,0.933,0.933
