symbol,period,start_at,open,high,low,close
MASKUSDT,15,1652565600,1.776,1.783,1.753,1.776
MASKUSDT,15,1652566500,1.776,1.778,1.761,1.763
MASKUSDT,15,1652567400,1.763,1.769,1.752,1.757
MASKUSDT,15,1652568300,1.757,1.823,1.757,1.805
MASKUSDT,15,1652569200,1.805,1.82,1.802,1.807
MASKUSDT,15,1652570100,1.807,1.837,1.806,1.837
MASKUSDT,15,1652571000,1.837,1.837,1.816,1.835
MASKUSDT,15,1652571900,1.835,1.851,1.818,1.834
MASKUSDT,15,1652572800,1.834,1.849,1.808,1.817
MASKUSDT,15,1652573700,1.817,1.843,1.815,1.836
MASKUSDT,15,1652574600,1.836,1.846,1.805,1.812
MASKUSDT,15,1652575500,1.812,1.812,1.79,1.795
MASKUSDT,15,1652576400,1.795,1.803,1.774,1.774
MASKUSDT,15,1652577300,1.774,1.78,1.749,1.749
MASKUSDT,15,1652578200,1.749,1.751,1.724,1.73
MASKUSDT,15,1652579100,1.73,1.755,1.73,1.751
MASKUSDT,15,1652580000,1.751,1.761,1.721,1.722
MASKUSDT,15,1652580900,1.722,1.723,1.695,1.7
MASKUSDT,15,1652581800,1.7,1.717,1.694,1.697
MASKUSDT,15,1652582700,1.697,1.712,1.693,1.706
MASKUSDT,15,1652583600,1.706,1.727,1.706,1.717
MASKUSDT,15,1652584500,1.717,1.719,1.692,1.695
MASKUSDT,15,1652585400,1.695,1.723,1.694,1.723
MASKUSDT,15,1652586300,1.723,1.745,1.722,1.744
MASKUSDT,15,1652587200,1.744,1.77,1.737,1.769
MASKUSDT,15,1652588100,1.769,1.772,1.753,1.756
MASKUSDT,15,1652589000,1.756,1.757,1.724,1.735
MASKUSDT,15,1652589900,1.735,1.752,1.732,1.745
MASKUSDT,15,1652590800,1.745,1.752,1.734,1.736
MASKUSDT,15,1652591700,1.736,1.747,1.733,1.745
MASKUSDT,15,1652592600,1.745,1.766,1.745,1.766
MASKUSDT,15,1652593500,1.766,1.792,1.764,1.786
MASKUSDT,15,1652594400,1.786,1.807,1.786,1.787
MASKUSDT,15,1652595300,1.787,1.81,1.779,1.797
MASKUSDT,15,1652596200,1.797,1.825,1.797,1.806
MASKUSDT,15,1652597100,1.806,1.807,1.786,1.798
MASKUSDT,15,1652598000,1.798,1.829,1.797,1.824
MASKUSDT,15,1652598900,1.824,1.832,1.813,1.814
MASKUSDT,15,1652599800,1.814,1.822,1.808,1.808
MASKUSDT,15,1652600700,1.808,1.808,1.77,1.772
MASKUSDT,15,1652601600,1.772,1.786,1.744,1.745
MASKUSDT,15,1652602500,1.745,1.766,1.73,1.75
MASKUSDT,15,1652603400,1.75,1.752,1.733,1.742
MASKUSDT,15,1652604300,1.742,1.743,1.716,1.724
MASKUSDT,15,1652605200,1.724,1.732,1.716,1.721
MASKUSDT,15,1652606100,1.721,1.753,1.716,1.749
MASKUSDT,15,1652607000,1.749,1.761,1.746,1.761
MASKUSDT,15,1652607900,1.761,1.769,1.761,1.765
MASKUSDT,15,1652608800,1.765,1.77,1.752,1.754
MASKUSDT,15,1652609700,1.754,1.768,1.754,1.766
MASKUSDT,15,1652610600,1.766,1.766,1.748,1.762
MASKUSDT,15,1652611500,1.762,1.804,1.756,1.803
MASKUSDT,15,1652612400,1.803,1.804,1.784,1.786
MASKUSDT,15,1652613300,1.786,1.791,1.772,1.789
MASKUSDT,15,1652614200,1.789,1.806,1.788,1.8
MASKUSDT,15,1652615100,1.8,1.821,1.799,1.804
MASKUSDT,15,1652616000,1.804,1.826,1.804,1.822
MASKUSDT,15,1652616900,1.822,1.835,1.799,1.8
MASKUSDT,15,1652617800,1.8,1.808,1.79,1.802
MASKUSDT,15,1652618700,1.802,1.81,1.783,1.794
MASKUSDT,15,1652619600,1.794,1.808,1.783,1.807
MASKUSDT,15,1652620500,1.807,1.813,1.784,1.788
MASKUSDT,15,1652621400,1.788,1.799,1.775,1.779
MASKUSDT,15,1652622300,1.779,1.783,1.775,1.779
MASKUSDT,15,1652623200,1.779,1.78,1.746,1.749
MASKUSDT,15,1652624100,1.749,1.752,1.727,1.74
MASKUSDT,15,1652625000,1.74,1.764,1.725,1.764
MASKUSDT,15,1652625900,1.764,1.772,1.761,1.772
MASKUSDT,15,1652626800,1.772,1.819,1.769,1.816
MASKUSDT,15,1652627700,1.816,1.816,1.778,1.785
MASKUSDT,15,1652628600,1.785,1.785,1.759,1.761
MASKUSDT,15,1652629500,1.761,1.764,1.735,1.755
MASKUSDT,15,1652630400,1.755,1.767,1.748,1.754
MASKUSDT,15,1652631300,1.754,1.768,1.754,1.768
MASKUSDT,15,1652632200,1.768,1.799,1.761,1.797
MASKUSDT,15,1652633100,1.797,1.801,1.78,1.784
MASKUSDT,15,1652634000,1.784,1.793,1.78,1.792
MASKUSDT,15,1652634900,1.792,1.804,1.792,1.799
MASKUSDT,15,1652635800,1.799,1.799,1.76,1.761
MASKUSDT,15,1652636700,1.761,1.763,1.721,1.722
MASKUSDT,15,1652637600,1.722,1.724,1.698,1.709
MASKUSDT,15,1652638500,1.709,1.71,1.688,1.692
MASKUSDT,15,1652639400,1.692,1.726,1.688,1.726
MASKUSDT,15,1652640300,1.726,1.727,1.691,1.702
MASKUSDT,15,1652641200,1.702,1.712,1.699,1.706
MASKUSDT,15,1652642100,1.706,1.726,1.705,1.705
MASKUSDT,15,1652643000,1.705,1.723,1.705,1.722
MASKUSDT,15,1652643900,1.722,1.743,1.722,1.743
MASKUSDT,15,1652644800,1.743,1.778,1.736,1.776
MASKUSDT,15,1652645700,1.776,1.79,1.767,1.787
MASKUSDT,15,1652646600,1.787,1.801,1.78,1.797
MASKUSDT,15,1652647500,1.797,1.823,1.793,1.823
MASKUSDT,15,1652648400,1.823,1.84,1.818,1.837
MASKUSDT,15,1652649300,1.837,1.837,1.813,1.815
MASKUSDT,15,1652650200,1.815,1.838,1.803,1.838
MASKUSDT,15,1652651100,1.838,1.844,1.83,1.844
MASKUSDT,15,1669935600,4.012,4.033,4.007,4.032
MASKUSDT,15,1669935600,4.012,4.038,4.007,4.025
MASKUSDT,1,1669935600,4.012,4.012,4.007,4.01
MASKUSDT,1,1669935660,4.01,4.037,4.009,4.037
MASKUSDT,1,1669935720,4.037,4.038,4.02,4.02
MASKUSDT,1,1669935780,4.02,4.03,4.02,4.03
MASKUSDT,1,1669935840,4.03,4.033,4.03,4.03
MASKUSDT,1,1669935900,4.03,4.03,4.025,4.025
