symbol,period,start_at,open,high,low,close
DUSKUSDT,15,1652565600,0.1374,0.1381,0.1369,0.1377
DUSKUSDT,15,1652566500,0.1377,0.138,0.1363,0.1364
DUSKUSDT,15,1652567400,0.1364,0.137,0.1362,0.137
DUSKUSDT,15,1652568300,0.137,0.1393,0.137,0.1391
DUSKUSDT,15,1652569200,0.1391,0.1399,0.1388,0.1395
DUSKUSDT,15,1652570100,0.1395,0.1408,0.1393,0.1407
DUSKUSDT,15,1652571000,0.1407,0.1416,0.1401,0.1416
DUSKUSDT,15,1652571900,0.1416,0.1432,0.1414,0.143
DUSKUSDT,15,1652572800,0.143,0.1433,0.1416,0.1421
DUSKUSDT,15,1652573700,0.1421,0.1437,0.1418,0.1436
DUSKUSDT,15,1652574600,0.1436,0.1436,0.1429,0.1432
DUSKUSDT,15,1652575500,0.1432,0.1437,0.1429,0.1432
DUSKUSDT,15,1652576400,0.1432,0.1438,0.1425,0.1428
DUSKUSDT,15,1652577300,0.1428,0.1431,0.1417,0.1419
DUSKUSDT,15,1652578200,0.1419,0.1421,0.1409,0.141
DUSKUSDT,15,1652579100,0.141,0.1417,0.1406,0.1406
DUSKUSDT,15,1652580000,0.1406,0.1417,0.1385,0.1387
DUSKUSDT,15,1652580900,0.1387,0.1392,0.1381,0.1388
DUSKUSDT,15,1652581800,0.1388,0.14,0.1376,0.1377
DUSKUSDT,15,1652582700,0.1377,0.1382,0.1369,0.1382
DUSKUSDT,15,1652583600,0.1382,0.139,0.1374,0.1374
DUSKUSDT,15,1652584500,0.1374,0.1376,0.1358,0.1358
DUSKUSDT,15,1652585400,0.1358,0.1372,0.1358,0.1372
DUSKUSDT,15,1652586300,0.1372,0.1392,0.1371,0.139
DUSKUSDT,15,1652587200,0.139,0.1417,0.139,0.1408
DUSKUSDT,15,1652588100,0.1408,0.1411,0.1395,0.1406
DUSKUSDT,15,1652589000,0.1406,0.1406,0.1397,0.1401
DUSKUSDT,15,1652589900,0.1401,0.1403,0.1397,0.1397
DUSKUSDT,15,1652590800,0.1397,0.1405,0.1391,0.1405
DUSKUSDT,15,1652591700,0.1405,0.142,0.1403,0.1412
DUSKUSDT,15,1652592600,0.1412,0.1423,0.1412,0.142
DUSKUSDT,15,1652593500,0.142,0.1426,0.1417,0.1426
DUSKUSDT,15,1652594400,0.1426,0.1428,0.1409,0.1414
DUSKUSDT,15,1652595300,0.1414,0.1429,0.1413,0.1426
DUSKUSDT,15,1652596200,0.1426,0.1433,0.1425,0.1428
DUSKUSDT,15,1652597100,0.1428,0.1451,0.1425,0.1449
DUSKUSDT,15,1652598000,0.1449,0.1458,0.1443,0.1445
DUSKUSDT,15,1652598900,0.1445,0.1448,0.1427,0.1427
DUSKUSDT,15,1652599800,0.1427,0.1428,0.1419,0.1421
DUSKUSDT,15,1652600700,0.1421,0.1423,0.1409,0.1411
DUSKUSDT,15,1652601600,0.1411,0.1417,0.1404,0.1404
DUSKUSDT,15,1652602500,0.1404,0.1415,0.1402,0.1413
DUSKUSDT,15,1652603400,0.1413,0.1415,0.1407,0.1411
DUSKUSDT,15,1652604300,0.1411,0.1411,0.1398,0.1404
DUSKUSDT,15,1652605200,0.1404,0.1408,0.1398,0.14
DUSKUSDT,15,1652606100,0.14,0.141,0.1392,0.1399
DUSKUSDT,15,1652607000,0.1399,0.1402,0.1392,0.1401
DUSKUSDT,15,1652607900,0.1401,0.1405,0.14,0.1404
DUSKUSDT,15,1652608800,0.1404,0.1409,0.14,0.1403
DUSKUSDT,15,1652609700,0.1403,0.1406,0.1396,0.1404
DUSKUSDT,15,1652610600,0.1404,0.1406,0.1398,0.1402
DUSKUSDT,15,1652611500,0.1402,0.1418,0.14,0.1418
DUSKUSDT,15,1652612400,0.1418,0.142,0.1416,0.1416
DUSKUSDT,15,1652613300,0.1416,0.1426,0.1407,0.1423
DUSKUSDT,15,1652614200,0.1423,0.1449,0.1423,0.1449
DUSKUSDT,15,1652615100,0.1449,0.1463,0.1449,0.1463
DUSKUSDT,15,1652616000,0.1463,0.1471,0.1461,0.1467
DUSKUSDT,15,1652616900,0.1467,0.1468,0.1447,0.1448
DUSKUSDT,15,1652617800,0.1448,0.1456,0.1442,0.1451
DUSKUSDT,15,1652618700,0.1451,0.1463,0.1444,0.145
DUSKUSDT,15,1652619600,0.145,0.145,0.1436,0.1441
DUSKUSDT,15,1652620500,0.1441,0.1447,0.1424,0.1424
DUSKUSDT,15,1652621400,0.1424,0.1424,0.1405,0.1406
DUSKUSDT,15,1652622300,0.1406,0.1416,0.1403,0.1404
DUSKUSDT,15,1652623200,0.1404,0.1407,0.1388,0.1396
DUSKUSDT,15,1652624100,0.1396,0.1396,0.1376,0.1383
DUSKUSDT,15,1652625000,0.1383,0.1386,0.1373,0.1384
DUSKUSDT,15,1652625900,0.1384,0.139,0.138,0.1384
DUSKUSDT,15,1652626800,0.1384,0.141,0.1383,0.141
DUSKUSDT,15,1652627700,0.141,0.1439,0.1408,0.1428
DUSKUSDT,15,1652628600,0.1428,0.1428,0.1404,0.1405
DUSKUSDT,15,1652629500,0.1405,0.1408,0.1393,0.1408
DUSKUSDT,15,1652630400,0.1408,0.1412,0.1398,0.1399
DUSKUSDT,15,1652631300,0.1399,0.1404,0.1397,0.1404
DUSKUSDT,15,1652632200,0.1404,0.1417,0.1399,0.1416
DUSKUSDT,15,1652633100,0.1416,0.142,0.1415,0.1416
DUSKUSDT,15,1652634000,0.1416,0.1422,0.1413,0.1422
DUSKUSDT,15,1652634900,0.1422,0.1428,0.1421,0.1423
DUSKUSDT,15,1652635800,0.1423,0.1424,0.1402,0.1402
DUSKUSDT,15,1652636700,0.1402,0.1406,0.1391,0.1393
DUSKUSDT,15,1652637600,0.1393,0.1395,0.1383,0.1387
DUSKUSDT,15,1652638500,0.1387,0.1404,0.1387,0.14
DUSKUSDT,15,1652639400,0.14,0.1415,0.1399,0.1413
DUSKUSDT,15,1652640300,0.1413,0.1414,0.1406,0.1406
DUSKUSDT,15,1652641200,0.1406,0.1408,0.1401,0.1401
DUSKUSDT,15,1652642100,0.1401,0.141,0.1399,0.1399
DUSKUSDT,15,1652643000,0.1399,0.1415,0.1399,0.1414
DUSKUSDT,15,1652643900,0.1414,0.1431,0.1414,0.1431
DUSKUSDT,15,1652644800,0.1431,0.145,0.1425,0.145
DUSKUSDT,15,1652645700,0.145,0.1461,0.1447,0.1456
DUSKUSDT,15,1652646600,0.1456,0.1462,0.145,0.1457
DUSKUSDT,15,1652647500,0.1457,0.1483,0.1451,0.1474
DUSKUSDT,15,1652648400,0.1474,0.1477,0.1462,0.147
DUSKUSDT,15,1652649300,0.147,0.147,0.1463,0.1463
DUSKUSDT,15,1652650200,0.1463,0.1476,0.1458,0.1474
DUSKUSDT,15,1652651100,0.1474,0.1483,0.1469,0.1483
DUSKUSDT,15,1669935600,0.0949,0.0952,0.0949,0.0952
DUSKUSDT,15,1669935600,0.0949,0.0953,0.0949,0.0953
DUSKUSDT,1,1669935600,0.0949,0.0951,0.0949,0.0951
DUSKUSDT,1,1669935660,0.0951,0.0952,0.0951,0.0952
DUSKUSDT,1,1669935720,0.0952,0.0952,0.0952,0.0952
DUSKUSDT,1,1669935780,0.0952,0.0952,0.0952,0.0952
DUSKUSDT,1,1669935840,0.0952,0.0953,0.0952,0.0953
DUSKUSDT,1,1669935900,0.0953,0.0953,0.0952,0.0952
