symbol,period,start_at,open,high,low,close
KSMUSDT,15,1652565600,72.73,73.03,72.62,73.0
KSMUSDT,15,1652566500,73.0,73.04,72.8,72.8
KSMUSDT,15,1652567400,72.8,72.8,72.29,72.54
KSMUSDT,15,1652568300,72.54,73.44,72.54,73.24
KSMUSDT,15,1652569200,73.24,73.67,73.13,73.34
KSMUSDT,15,1652570100,73.34,73.99,73.34,73.98
KSMUSDT,15,1652571000,73.98,74.56,73.7,74.32
KSMUSDT,15,1652571900,74.32,74.77,74.04,74.31
KSMUSDT,15,1652572800,74.31,74.97,73.96,74.07
KSMUSDT,15,1652573700,74.07,76.14,74.03,75.35
KSMUSDT,15,1652574600,75.35,75.39,74.01,74.06
KSMUSDT,15,1652575500,74.06,74.06,73.57,73.73
KSMUSDT,15,1652576400,73.73,73.78,73.04,73.08
KSMUSDT,15,1652577300,73.08,73.28,72.85,72.87
KSMUSDT,15,1652578200,72.87,72.94,72.25,72.3
KSMUSDT,15,1652579100,72.3,72.8,72.3,72.48
KSMUSDT,15,1652580000,72.48,72.79,71.07,71.15
KSMUSDT,15,1652580900,71.15,71.6,70.93,71.1
KSMUSDT,15,1652581800,71.1,71.18,70.55,70.6
KSMUSDT,15,1652582700,70.6,71.2,70.59,71.04
KSMUSDT,15,1652583600,71.04,71.41,70.92,70.93
KSMUSDT,15,1652584500,70.93,70.99,70.61,70.68
KSMUSDT,15,1652585400,70.68,71.15,70.42,70.99
KSMUSDT,15,1652586300,70.99,71.51,70.92,71.44
KSMUSDT,15,1652587200,71.44,72.94,71.44,72.81
KSMUSDT,15,1652588100,72.81,72.87,72.7,72.83
KSMUSDT,15,1652589000,72.83,72.83,71.38,71.68
KSMUSDT,15,1652589900,71.68,72.13,71.63,71.82
KSMUSDT,15,1652590800,71.82,71.82,71.12,71.38
KSMUSDT,15,1652591700,71.38,71.68,71.24,71.62
KSMUSDT,15,1652592600,71.62,72.55,71.54,72.55
KSMUSDT,15,1652593500,72.55,74.29,72.55,74.29
KSMUSDT,15,1652594400,74.29,74.43,73.93,74.32
KSMUSDT,15,1652595300,74.32,74.82,74.14,74.82
KSMUSDT,15,1652596200,74.82,74.97,74.53,74.57
KSMUSDT,15,1652597100,74.57,75.08,74.37,75.06
KSMUSDT,15,1652598000,75.06,76.19,75.06,75.57
KSMUSDT,15,1652598900,75.57,75.57,74.4,74.51
KSMUSDT,15,1652599800,74.51,75.65,74.4,75.62
KSMUSDT,15,1652600700,75.62,75.66,74.81,74.95
KSMUSDT,15,1652601600,74.95,74.95,73.6,73.68
KSMUSDT,15,1652602500,73.68,74.78,73.55,74.71
KSMUSDT,15,1652603400,74.71,76.01,74.7,75.73
KSMUSDT,15,1652604300,75.73,75.79,73.82,74.6
KSMUSDT,15,1652605200,74.6,75.23,74.55,74.91
KSMUSDT,15,1652606100,74.91,75.46,74.7,75.29
KSMUSDT,15,1652607000,75.29,75.29,74.36,74.81
KSMUSDT,15,1652607900,74.81,74.94,74.35,74.45
KSMUSDT,15,1652608800,74.45,74.67,74.03,74.15
KSMUSDT,15,1652609700,74.15,74.31,74.05,74.27
KSMUSDT,15,1652610600,74.27,74.3,73.76,74.3
KSMUSDT,15,1652611500,74.3,74.3,73.79,73.92
KSMUSDT,15,1652612400,73.92,74.62,73.63,73.67
KSMUSDT,15,1652613300,73.67,73.85,73.37,73.72
KSMUSDT,15,1652614200,73.72,75.16,73.72,75.16
KSMUSDT,15,1652615100,75.16,76.47,74.74,74.86
KSMUSDT,15,1652616000,74.86,75.45,74.84,75.41
KSMUSDT,15,1652616900,75.41,76.65,75.34,76.0
KSMUSDT,15,1652617800,76.0,76.0,75.29,75.71
KSMUSDT,15,1652618700,75.71,75.82,75.04,75.24
KSMUSDT,15,1652619600,75.24,75.34,74.9,75.17
KSMUSDT,15,1652620500,75.17,75.17,73.46,73.69
KSMUSDT,15,1652621400,73.69,74.12,73.11,73.14
KSMUSDT,15,1652622300,73.14,73.14,72.18,72.18
KSMUSDT,15,1652623200,72.18,72.34,70.21,70.26
KSMUSDT,15,1652624100,70.26,71.46,70.06,71.44
KSMUSDT,15,1652625000,71.44,71.62,70.47,70.92
KSMUSDT,15,1652625900,70.92,71.44,70.22,70.94
KSMUSDT,15,1652626800,70.94,72.03,70.71,72.0
KSMUSDT,15,1652627700,72.0,72.0,71.45,71.87
KSMUSDT,15,1652628600,71.87,71.87,70.95,71.29
KSMUSDT,15,1652629500,71.29,71.41,70.4,70.9
KSMUSDT,15,1652630400,70.9,71.27,70.48,71.06
KSMUSDT,15,1652631300,71.06,71.38,71.06,71.25
KSMUSDT,15,1652632200,71.25,71.84,70.86,71.78
KSMUSDT,15,1652633100,71.78,71.95,71.66,71.94
KSMUSDT,15,1652634000,71.94,71.96,71.2,71.3
KSMUSDT,15,1652634900,71.3,71.6,70.66,70.87
KSMUSDT,15,1652635800,70.87,70.99,69.48,69.55
KSMUSDT,15,1652636700,69.55,71.03,69.23,70.19
KSMUSDT,15,1652637600,70.19,70.4,68.57,69.02
KSMUSDT,15,1652638500,69.02,69.61,68.71,69.24
KSMUSDT,15,1652639400,69.24,70.72,69.07,70.61
KSMUSDT,15,1652640300,70.61,71.42,69.15,69.9
KSMUSDT,15,1652641200,69.9,70.71,69.76,69.84
KSMUSDT,15,1652642100,69.84,69.84,69.1,69.31
KSMUSDT,15,1652643000,69.31,69.7,69.2,69.44
KSMUSDT,15,1652643900,69.44,70.7,69.37,70.32
KSMUSDT,15,1652644800,70.32,71.45,69.68,71.23
KSMUSDT,15,1652645700,71.23,72.73,71.07,71.72
KSMUSDT,15,1652646600,71.72,72.97,71.28,72.61
KSMUSDT,15,1652647500,72.61,73.79,72.45,72.6
KSMUSDT,15,1652648400,72.6,73.72,72.36,72.63
KSMUSDT,15,1652649300,72.63,72.63,71.76,71.93
KSMUSDT,15,1652650200,71.93,72.55,71.73,72.45
KSMUSDT,15,1652651100,72.45,72.81,72.3,72.74
KSMUSDT,15,1669935600,30.03,30.09,30.03,30.09
KSMUSDT,15,1669935600,30.03,30.18,30.03,30.15
KSMUSDT,1,1669935600,30.03,30.08,30.03,30.08
KSMUSDT,1,1669935660,30.08,30.13,30.08,30.13
KSMUSDT,1,1669935720,30.13,30.18,30.13,30.16
KSMUSDT,1,1669935780,30.16,30.16,30.12,30.13
KSMUSDT,1,1669935840,30.13,30.15,30.13,30.15
KSMUSDT,1,1669935900,30.15,30.15,30.15,30.15
