symbol,period,start_at,open,high,low,close
USDCUSDT,15,1656408600,1.001,1.0013,1.001,1.0012
USDCUSDT,15,1656409500,1.0012,1.0014,1.0008,1.001
USDCUSDT,15,1656410400,1.001,1.0012,0.9989,1.001
USDCUSDT,15,1656411300,1.001,1.0014,0.9989,1.0012
USDCUSDT,15,1656412200,1.0012,1.0013,1.001,1.0012
USDCUSDT,15,1656413100,1.0012,1.0013,1.0011,1.0012
USDCUSDT,15,1656414000,1.0012,1.0013,1.001,1.0012
USDCUSDT,15,1656414900,1.0012,1.0013,1.001,1.0011
USDCUSDT,15,1656415800,1.0011,1.0013,1.0011,1.0011
USDCUSDT,15,1656416700,1.0011,1.0013,1.001,1.0011
USDCUSDT,15,1656417600,1.0011,1.0013,1.001,1.0011
USDCUSDT,15,1656418500,1.0011,1.0012,1.001,1.001
USDCUSDT,15,1656419400,1.001,1.0012,1.001,1.0011
USDCUSDT,15,1656420300,1.0011,1.0012,1.001,1.001
USDCUSDT,15,1656421200,1.001,1.0012,1.001,1.001
USDCUSDT,15,1656422100,1.001,1.0013,1.001,1.001
USDCUSDT,15,1656423000,1.001,1.0013,1.0009,1.0011
USDCUSDT,15,1656423900,1.0011,1.0012,1.0009,1.001
USDCUSDT,15,1656424800,1.001,1.0012,1.0009,1.001
USDCUSDT,15,1656425700,1.001,1.0012,1.001,1.0011
USDCUSDT,15,1656426600,1.0011,1.0012,1.001,1.0011
USDCUSDT,15,1656427500,1.0011,1.0012,1.001,1.0011
USDCUSDT,15,1656428400,1.0011,1.0012,1.001,1.0011
USDCUSDT,15,1656429300,1.0011,1.0012,1.001,1.0011
USDCUSDT,15,1656430200,1.0011,1.0013,1.001,1.0011
USDCUSDT,15,1656431100,1.0011,1.0012,1.001,1.0011
USDCUSDT,15,1656432000,1.0011,1.0014,1.001,1.0011
USDCUSDT,15,1656432900,1.0011,1.0013,1.001,1.0011
USDCUSDT,15,1656433800,1.0011,1.0012,1.001,1.001
USDCUSDT,15,1656434700,1.001,1.001,1.0001,1.0001
USDCUSDT,15,1656435600,1.0001,1.0002,0.9998,1.0
USDCUSDT,15,1656436500,1.0,1.0,0.9994,1.0
USDCUSDT,15,1656437400,1.0,1.0,1.0,1.0
USDCUSDT,15,1656438300,1.0,1.0,0.9995,1.0
USDCUSDT,15,1656439200,1.0,1.0,0.9994,1.0
USDCUSDT,15,1656440100,1.0,1.0,0.9993,1.0
USDCUSDT,15,1656441000,1.0,1.0,0.9994,1.0
USDCUSDT,15,1656441900,1.0,1.0,0.9994,1.0
USDCUSDT,15,1656442800,1.0,1.0,0.9995,1.0
USDCUSDT,15,1656443700,1.0,1.0,0.9995,1.0
USDCUSDT,15,1656444600,1.0,1.0,0.9995,1.0
USDCUSDT,15,1656445500,1.0,1.0,0.9995,1.0
USDCUSDT,15,1656446400,1.0,1.0,0.9995,1.0
USDCUSDT,15,1656447300,1.0,1.0,0.9995,0.9996
USDCUSDT,15,1656448200,0.9996,1.0,0.9995,1.0
USDCUSDT,15,1656449100,1.0,1.0,0.9995,1.0
USDCUSDT,15,1656450000,1.0,1.0,0.9994,1.0
USDCUSDT,15,1656450900,1.0,1.0,1.0,1.0
USDCUSDT,15,1656451800,1.0,1.0,1.0,1.0
USDCUSDT,15,1656452700,1.0,1.0,1.0,1.0
USDCUSDT,15,1656453600,1.0,1.0,1.0,1.0
USDCUSDT,15,1656454500,1.0,1.0,1.0,1.0
USDCUSDT,15,1656455400,1.0,1.0,1.0,1.0
USDCUSDT,15,1656456300,1.0,1.0,1.0,1.0
USDCUSDT,15,1656457200,1.0,1.0,1.0,1.0
USDCUSDT,15,1656458100,1.0,1.0,1.0,1.0
USDCUSDT,15,1656459000,1.0,1.0,1.0,1.0
USDCUSDT,15,1656459900,1.0,1.0,1.0,1.0
USDCUSDT,15,1656460800,1.0,1.0,1.0,1.0
USDCUSDT,15,1656461700,1.0,1.0,1.0,1.0
USDCUSDT,15,1656462600,1.0,1.0,1.0,1.0
USDCUSDT,15,1656463500,1.0,1.0,1.0,1.0
USDCUSDT,15,1656464400,1.0,1.0,1.0,1.0
USDCUSDT,15,1656465300,1.0,1.0,0.9994,1.0
USDCUSDT,15,1656466200,1.0,1.0,0.9994,1.0
USDCUSDT,15,1656467100,1.0,1.0,1.0,1.0
USDCUSDT,15,1656468000,1.0,1.0,1.0,1.0
USDCUSDT,15,1656468900,1.0,1.0,1.0,1.0
USDCUSDT,15,1656469800,1.0,1.0,1.0,1.0
USDCUSDT,15,1656470700,1.0,1.0,1.0,1.0
USDCUSDT,15,1656471600,1.0,1.0,1.0,1.0
USDCUSDT,15,1656472500,1.0,1.0,1.0,1.0
USDCUSDT,15,1656473400,1.0,1.0,1.0,1.0
USDCUSDT,15,1656474300,1.0,1.0,1.0,1.0
USDCUSDT,15,1656475200,1.0,1.0,1.0,1.0
USDCUSDT,15,1656476100,1.0,1.0,1.0,1.0
USDCUSDT,15,1656477000,1.0,1.0,1.0,1.0
USDCUSDT,15,1656477900,1.0,1.0,1.0,1.0
USDCUSDT,15,1656478800,1.0,1.0,1.0,1.0
USDCUSDT,15,1656479700,1.0,1.0,1.0,1.0
USDCUSDT,15,1656480600,1.0,1.0,1.0,1.0
USDCUSDT,15,1656481500,1.0,1.0,1.0,1.0
USDCUSDT,15,1656482400,1.0,1.0,1.0,1.0
USDCUSDT,15,1656483300,1.0,1.0,1.0,1.0
USDCUSDT,15,1656484200,1.0,1.0,1.0,1.0
USDCUSDT,15,1656485100,1.0,1.0,1.0,1.0
USDCUSDT,15,1656486000,1.0,1.0,1.0,1.0
USDCUSDT,15,1656486900,1.0,1.0,1.0,1.0
USDCUSDT,15,1656487800,1.0,1.0,1.0,1.0
USDCUSDT,15,1656488700,1.0,1.0,1.0,1.0
USDCUSDT,15,1656489600,1.0,1.0,1.0,1.0
USDCUSDT,15,1656490500,1.0,1.0,1.0,1.0
USDCUSDT,15,1656491400,1.0,1.0,1.0,1.0
USDCUSDT,15,1656492300,1.0,1.0,1.0,1.0
USDCUSDT,15,1656493200,1.0,1.0,1.0,1.0
USDCUSDT,15,1656494100,1.0,1.0,1.0,1.0
USDCUSDT,15,1669935600,0.9969,0.9969,0.9968,0.9968
USDCUSDT,15,1669935600,0.9969,0.9969,0.9968,0.9968
USDCUSDT,1,1669935600,0.9969,0.9969,0.9969,0.9969
USDCUSDT,1,1669935660,0.9969,0.9969,0.9968,0.9969
USDCUSDT,1,1669935720,0.9969,0.9969,0.9968,0.9968
USDCUSDT,1,1669935780,0.9968,0.9969,0.9968,0.9968
USDCUSDT,1,1669935840,0.9968,0.9969,0.9968,0.9969
USDCUSDT,1,1669935900,0.9969,0.9969,0.9968,0.9968
