symbol,period,start_at,open,high,low,close
NEARUSDT,15,1652565600,6.526,6.609,6.494,6.6
NEARUSDT,15,1652566500,6.6,6.631,6.526,6.53
NEARUSDT,15,1652567400,6.53,6.567,6.501,6.559
NEARUSDT,15,1652568300,6.559,6.779,6.559,6.734
NEARUSDT,15,1652569200,6.734,6.752,6.653,6.664
NEARUSDT,15,1652570100,6.664,6.72,6.621,6.707
NEARUSDT,15,1652571000,6.707,6.74,6.672,6.731
NEARUSDT,15,1652571900,6.731,6.763,6.676,6.681
NEARUSDT,15,1652572800,6.681,6.693,6.571,6.633
NEARUSDT,15,1652573700,6.633,6.956,6.633,6.888
NEARUSDT,15,1652574600,6.888,6.896,6.737,6.779
NEARUSDT,15,1652575500,6.779,6.806,6.714,6.789
NEARUSDT,15,1652576400,6.789,6.82,6.661,6.67
NEARUSDT,15,1652577300,6.67,6.724,6.639,6.639
NEARUSDT,15,1652578200,6.639,6.672,6.605,6.653
NEARUSDT,15,1652579100,6.653,6.742,6.646,6.716
NEARUSDT,15,1652580000,6.716,6.828,6.654,6.666
NEARUSDT,15,1652580900,6.666,6.697,6.63,6.637
NEARUSDT,15,1652581800,6.637,6.639,6.555,6.562
NEARUSDT,15,1652582700,6.562,6.629,6.528,6.616
NEARUSDT,15,1652583600,6.616,6.669,6.592,6.6
NEARUSDT,15,1652584500,6.6,6.612,6.552,6.558
NEARUSDT,15,1652585400,6.558,6.629,6.537,6.6
NEARUSDT,15,1652586300,6.6,6.606,6.57,6.57
NEARUSDT,15,1652587200,6.57,6.658,6.508,6.656
NEARUSDT,15,1652588100,6.656,6.724,6.641,6.676
NEARUSDT,15,1652589000,6.676,6.68,6.578,6.626
NEARUSDT,15,1652589900,6.626,6.662,6.603,6.621
NEARUSDT,15,1652590800,6.621,6.677,6.593,6.654
NEARUSDT,15,1652591700,6.654,6.705,6.631,6.655
NEARUSDT,15,1652592600,6.655,6.692,6.596,6.692
NEARUSDT,15,1652593500,6.692,6.834,6.666,6.789
NEARUSDT,15,1652594400,6.789,6.793,6.717,6.717
NEARUSDT,15,1652595300,6.717,6.779,6.686,6.755
NEARUSDT,15,1652596200,6.755,6.757,6.678,6.683
NEARUSDT,15,1652597100,6.683,6.782,6.662,6.772
NEARUSDT,15,1652598000,6.772,6.889,6.772,6.815
NEARUSDT,15,1652598900,6.815,6.834,6.759,6.77
NEARUSDT,15,1652599800,6.77,6.83,6.757,6.792
NEARUSDT,15,1652600700,6.792,6.805,6.707,6.734
NEARUSDT,15,1652601600,6.734,6.769,6.621,6.627
NEARUSDT,15,1652602500,6.627,6.682,6.6,6.637
NEARUSDT,15,1652603400,6.637,6.703,6.628,6.684
NEARUSDT,15,1652604300,6.684,6.685,6.578,6.598
NEARUSDT,15,1652605200,6.598,6.647,6.567,6.571
NEARUSDT,15,1652606100,6.571,6.691,6.558,6.647
NEARUSDT,15,1652607000,6.647,6.687,6.616,6.68
NEARUSDT,15,1652607900,6.68,6.691,6.644,6.673
NEARUSDT,15,1652608800,6.673,6.701,6.583,6.605
NEARUSDT,15,1652609700,6.605,6.644,6.583,6.622
NEARUSDT,15,1652610600,6.622,6.647,6.585,6.643
NEARUSDT,15,1652611500,6.643,6.767,6.633,6.758
NEARUSDT,15,1652612400,6.758,6.792,6.713,6.713
NEARUSDT,15,1652613300,6.713,6.801,6.677,6.769
NEARUSDT,15,1652614200,6.769,6.85,6.752,6.821
NEARUSDT,15,1652615100,6.821,6.874,6.777,6.803
NEARUSDT,15,1652616000,6.803,6.882,6.799,6.84
NEARUSDT,15,1652616900,6.84,6.975,6.79,6.8
NEARUSDT,15,1652617800,6.8,6.824,6.754,6.804
NEARUSDT,15,1652618700,6.804,6.829,6.752,6.792
NEARUSDT,15,1652619600,6.792,6.823,6.733,6.823
NEARUSDT,15,1652620500,6.823,6.835,6.698,6.735
NEARUSDT,15,1652621400,6.735,6.756,6.688,6.694
NEARUSDT,15,1652622300,6.694,6.725,6.673,6.696
NEARUSDT,15,1652623200,6.696,6.723,6.611,6.672
NEARUSDT,15,1652624100,6.672,6.683,6.59,6.631
NEARUSDT,15,1652625000,6.631,6.695,6.592,6.691
NEARUSDT,15,1652625900,6.691,6.712,6.644,6.679
NEARUSDT,15,1652626800,6.679,6.773,6.678,6.751
NEARUSDT,15,1652627700,6.751,6.753,6.689,6.69
NEARUSDT,15,1652628600,6.69,6.69,6.616,6.658
NEARUSDT,15,1652629500,6.658,6.693,6.601,6.675
NEARUSDT,15,1652630400,6.675,6.695,6.619,6.661
NEARUSDT,15,1652631300,6.661,6.734,6.657,6.726
NEARUSDT,15,1652632200,6.726,6.787,6.696,6.782
NEARUSDT,15,1652633100,6.782,6.802,6.689,6.701
NEARUSDT,15,1652634000,6.701,6.738,6.675,6.722
NEARUSDT,15,1652634900,6.722,6.784,6.721,6.749
NEARUSDT,15,1652635800,6.749,6.749,6.686,6.698
NEARUSDT,15,1652636700,6.698,6.72,6.652,6.682
NEARUSDT,15,1652637600,6.682,6.723,6.623,6.723
NEARUSDT,15,1652638500,6.723,6.798,6.713,6.776
NEARUSDT,15,1652639400,6.776,6.935,6.771,6.935
NEARUSDT,15,1652640300,6.935,6.993,6.868,6.966
NEARUSDT,15,1652641200,6.966,6.966,6.869,6.889
NEARUSDT,15,1652642100,6.889,7.074,6.875,7.008
NEARUSDT,15,1652643000,7.008,7.075,6.992,7.014
NEARUSDT,15,1652643900,7.014,7.178,6.986,7.167
NEARUSDT,15,1652644800,7.167,7.252,7.11,7.237
NEARUSDT,15,1652645700,7.237,7.322,7.18,7.202
NEARUSDT,15,1652646600,7.202,7.254,7.173,7.235
NEARUSDT,15,1652647500,7.235,7.271,7.188,7.225
NEARUSDT,15,1652648400,7.225,7.266,7.148,7.155
NEARUSDT,15,1652649300,7.155,7.156,7.082,7.088
NEARUSDT,15,1652650200,7.088,7.141,7.077,7.123
NEARUSDT,15,1652651100,7.123,7.237,7.122,7.205
NEARUSDT,15,1669935600,1.727,1.731,1.727,1.731
NEARUSDT,15,1669935600,1.727,1.736,1.727,1.735
NEARUSDT,1,1669935600,1.727,1.731,1.727,1.73
NEARUSDT,1,1669935660,1.73,1.732,1.729,1.732
NEARUSDT,1,1669935720,1.732,1.736,1.732,1.735
NEARUSDT,1,1669935780,1.735,1.735,1.733,1.734
NEARUSDT,1,1669935840,1.734,1.735,1.733,1.735
NEARUSDT,1,1669935900,1.735,1.735,1.734,1.734
