symbol,period,start_at,open,high,low,close
CKBUSDT,15,1652652000,0.00513,0.00519,0.00505,0.00506
CKBUSDT,15,1652652900,0.00506,0.00508,0.00504,0.00507
CKBUSDT,15,1652653800,0.00507,0.00508,0.00504,0.00506
CKBUSDT,15,1652654700,0.00506,0.005107,0.00506,0.00509
CKBUSDT,15,1652655600,0.00509,0.005108,0.00507,0.005087
CKBUSDT,15,1652656500,0.005087,0.005097,0.005077,0.005087
CKBUSDT,15,1652657400,0.005087,0.00511,0.005087,0.00511
CKBUSDT,15,1652658300,0.00511,0.00512,0.0051,0.00512
CKBUSDT,15,1652659200,0.00512,0.005121,0.005071,0.00509
CKBUSDT,15,1652660100,0.00509,0.00509,0.00498,0.005
CKBUSDT,15,1652661000,0.005,0.00502,0.005,0.00501
CKBUSDT,15,1652661900,0.00501,0.00502,0.005,0.00501
CKBUSDT,15,1652662800,0.00501,0.00503,0.00498,0.00498
CKBUSDT,15,1652663700,0.00498,0.00501,0.00498,0.00498
CKBUSDT,15,1652664600,0.00498,0.005,0.00498,0.00498
CKBUSDT,15,1652665500,0.00498,0.00499,0.00497,0.00498
CKBUSDT,15,1652666400,0.00498,0.00499,0.00495,0.00497
CKBUSDT,15,1652667300,0.00497,0.00497,0.00494,0.00496
CKBUSDT,15,1652668200,0.00496,0.00498,0.00495,0.00496
CKBUSDT,15,1652669100,0.00496,0.00497,0.00495,0.00495
CKBUSDT,15,1652670000,0.00495,0.00497,0.00494,0.00496
CKBUSDT,15,1652670900,0.00496,0.00496,0.00491,0.00492
CKBUSDT,15,1652671800,0.00492,0.00493,0.00491,0.00493
CKBUSDT,15,1652672700,0.00493,0.00495,0.00491,0.00495
CKBUSDT,15,1652673600,0.00495,0.00495,0.00491,0.00492
CKBUSDT,15,1652674500,0.00492,0.00494,0.00491,0.00492
CKBUSDT,15,1652675400,0.00492,0.00494,0.00489,0.00489
CKBUSDT,15,1652676300,0.00489,0.00493,0.00489,0.00492
CKBUSDT,15,1652677200,0.00492,0.00493,0.00491,0.00491
CKBUSDT,15,1652678100,0.00491,0.00496,0.00491,0.00496
CKBUSDT,15,1652679000,0.00496,0.00496,0.00492,0.00495
CKBUSDT,15,1652679900,0.00495,0.00496,0.00493,0.00494
CKBUSDT,15,1652680800,0.00494,0.00494,0.00486,0.00486
CKBUSDT,15,1652681700,0.00486,0.00487,0.00481,0.00482
CKBUSDT,15,1652682600,0.00482,0.00483,0.00476,0.0048
CKBUSDT,15,1652683500,0.0048,0.00481,0.00475,0.0048
CKBUSDT,15,1652684400,0.0048,0.00482,0.00477,0.00477
CKBUSDT,15,1652685300,0.00477,0.0048,0.00476,0.00477
CKBUSDT,15,1652686200,0.00477,0.00481,0.00471,0.00478
CKBUSDT,15,1652687100,0.00478,0.00482,0.00477,0.00481
CKBUSDT,15,1652688000,0.00481,0.00486,0.00481,0.00485
CKBUSDT,15,1652688900,0.00485,0.00487,0.00483,0.00484
CKBUSDT,15,1652689800,0.00484,0.00488,0.00483,0.00488
CKBUSDT,15,1652690700,0.00488,0.00489,0.00487,0.00489
CKBUSDT,15,1652691600,0.00489,0.00489,0.00483,0.00483
CKBUSDT,15,1652692500,0.00483,0.00485,0.00482,0.00483
CKBUSDT,15,1652693400,0.00483,0.00483,0.0048,0.00482
CKBUSDT,15,1652694300,0.00482,0.00483,0.00478,0.004808
CKBUSDT,15,1652695200,0.004808,0.004829,0.00474,0.00478
CKBUSDT,15,1652696100,0.00478,0.004877,0.00477,0.004829
CKBUSDT,15,1652697000,0.004829,0.004875,0.004819,0.004875
CKBUSDT,15,1652697900,0.004875,0.004906,0.004866,0.004906
CKBUSDT,15,1652698800,0.004906,0.004906,0.004858,0.004858
CKBUSDT,15,1652699700,0.004858,0.004858,0.004829,0.004858
CKBUSDT,15,1652700600,0.004858,0.004858,0.004808,0.004847
CKBUSDT,15,1652701500,0.004847,0.004847,0.004818,0.004819
CKBUSDT,15,1652702400,0.004819,0.004828,0.00475,0.00477
CKBUSDT,15,1652703300,0.00477,0.004829,0.00474,0.00482
CKBUSDT,15,1652704200,0.00482,0.004856,0.004779,0.004799
CKBUSDT,15,1652705100,0.004799,0.004818,0.004779,0.004799
CKBUSDT,15,1652706000,0.004799,0.004837,0.004789,0.00481
CKBUSDT,15,1652706900,0.00481,0.00481,0.00475,0.004779
CKBUSDT,15,1652707800,0.004779,0.004799,0.00474,0.004799
CKBUSDT,15,1652708700,0.004799,0.004799,0.00468,0.0047
CKBUSDT,15,1652709600,0.0047,0.00473,0.00467,0.00473
CKBUSDT,15,1652710500,0.00473,0.004799,0.00472,0.004799
CKBUSDT,15,1652711400,0.004799,0.004799,0.00475,0.004789
CKBUSDT,15,1652712300,0.004789,0.004799,0.00477,0.00477
CKBUSDT,15,1652713200,0.00477,0.004789,0.00475,0.004779
CKBUSDT,15,1652714100,0.004779,0.004819,0.004779,0.004807
CKBUSDT,15,1652715000,0.004807,0.004807,0.00474,0.004769
CKBUSDT,15,1652715900,0.004769,0.00478,0.00475,0.00478
CKBUSDT,15,1652716800,0.00478,0.00481,0.00477,0.004779
CKBUSDT,15,1652717700,0.004779,0.004808,0.004779,0.00478
CKBUSDT,15,1652718600,0.00478,0.0048,0.004768,0.004778
CKBUSDT,15,1652719500,0.004778,0.004787,0.004768,0.004787
CKBUSDT,15,1652720400,0.004787,0.004829,0.00478,0.00482
CKBUSDT,15,1652721300,0.00482,0.004859,0.004818,0.00484
CKBUSDT,15,1652722200,0.00484,0.004849,0.004836,0.004839
CKBUSDT,15,1652723100,0.004839,0.00485,0.004835,0.004845
CKBUSDT,15,1652724000,0.004845,0.004869,0.004845,0.00486
CKBUSDT,15,1652724900,0.00486,0.004869,0.004848,0.004857
CKBUSDT,15,1652725800,0.004857,0.004858,0.00484,0.00485
CKBUSDT,15,1652726700,0.00485,0.004857,0.00484,0.00485
CKBUSDT,15,1652727600,0.00485,0.004859,0.00484,0.004849
CKBUSDT,15,1652728500,0.004849,0.004858,0.004848,0.004848
CKBUSDT,15,1652729400,0.004848,0.004858,0.004809,0.004819
CKBUSDT,15,1652730300,0.004819,0.004847,0.004794,0.004804
CKBUSDT,15,1652731200,0.004804,0.004818,0.004794,0.004809
CKBUSDT,15,1652732100,0.004809,0.004828,0.004808,0.004817
CKBUSDT,15,1652733000,0.004817,0.004819,0.004789,0.004789
CKBUSDT,15,1652733900,0.004789,0.004865,0.004789,0.00486
CKBUSDT,15,1652734800,0.00486,0.0049,0.004857,0.00489
CKBUSDT,15,1652735700,0.00489,0.00492,0.00487,0.00488
CKBUSDT,15,1652736600,0.00488,0.00491,0.00488,0.0049
CKBUSDT,15,1652737500,0.0049,0.004906,0.004877,0.004887
