symbol,period,start_at,open,high,low,close
CELRUSDT,15,1652652000,0.01802,0.0186,0.01802,0.01837
CELRUSDT,15,1652652900,0.01837,0.0186,0.01832,0.01849
CELRUSDT,15,1652653800,0.01849,0.0186,0.01847,0.01856
CELRUSDT,15,1652654700,0.01856,0.01861,0.01842,0.01842
CELRUSDT,15,1652655600,0.01842,0.01843,0.01825,0.01825
CELRUSDT,15,1652656500,0.01825,0.01835,0.01825,0.0183
CELRUSDT,15,1652657400,0.0183,0.01851,0.01824,0.01851
CELRUSDT,15,1652658300,0.01851,0.01868,0.01851,0.01863
CELRUSDT,15,1652659200,0.01863,0.01864,0.01828,0.0183
CELRUSDT,15,1652660100,0.0183,0.0183,0.01819,0.01829
CELRUSDT,15,1652661000,0.01829,0.01831,0.01813,0.01815
CELRUSDT,15,1652661900,0.01815,0.01822,0.01809,0.0181
CELRUSDT,15,1652662800,0.0181,0.01815,0.01778,0.01786
CELRUSDT,15,1652663700,0.01786,0.01795,0.01784,0.01787
CELRUSDT,15,1652664600,0.01787,0.01787,0.01771,0.01779
CELRUSDT,15,1652665500,0.01779,0.01797,0.01779,0.01796
CELRUSDT,15,1652666400,0.01796,0.01803,0.01781,0.01787
CELRUSDT,15,1652667300,0.01787,0.01798,0.01784,0.01796
CELRUSDT,15,1652668200,0.01796,0.01817,0.01796,0.01803
CELRUSDT,15,1652669100,0.01803,0.01808,0.01793,0.01807
CELRUSDT,15,1652670000,0.01807,0.01811,0.01784,0.01794
CELRUSDT,15,1652670900,0.01794,0.01795,0.01773,0.01774
CELRUSDT,15,1652671800,0.01774,0.01779,0.01766,0.01767
CELRUSDT,15,1652672700,0.01767,0.0177,0.0175,0.0177
CELRUSDT,15,1652673600,0.0177,0.01774,0.01754,0.01763
CELRUSDT,15,1652674500,0.01763,0.01779,0.01757,0.01778
CELRUSDT,15,1652675400,0.01778,0.01781,0.01757,0.01781
CELRUSDT,15,1652676300,0.01781,0.01786,0.01773,0.01778
CELRUSDT,15,1652677200,0.01778,0.01787,0.01768,0.01785
CELRUSDT,15,1652678100,0.01785,0.01793,0.01782,0.01784
CELRUSDT,15,1652679000,0.01784,0.01791,0.01778,0.01784
CELRUSDT,15,1652679900,0.01784,0.01784,0.01755,0.01757
CELRUSDT,15,1652680800,0.01757,0.01757,0.01688,0.017
CELRUSDT,15,1652681700,0.017,0.01705,0.01672,0.01675
CELRUSDT,15,1652682600,0.01675,0.0168,0.01649,0.01678
CELRUSDT,15,1652683500,0.01678,0.01678,0.01639,0.01655
CELRUSDT,15,1652684400,0.01655,0.01655,0.01622,0.01634
CELRUSDT,15,1652685300,0.01634,0.01639,0.01626,0.01633
CELRUSDT,15,1652686200,0.01633,0.01644,0.01629,0.01642
CELRUSDT,15,1652687100,0.01642,0.01659,0.01639,0.01648
CELRUSDT,15,1652688000,0.01648,0.01671,0.01646,0.01668
CELRUSDT,15,1652688900,0.01668,0.01687,0.01668,0.01679
CELRUSDT,15,1652689800,0.01679,0.01691,0.01676,0.01688
CELRUSDT,15,1652690700,0.01688,0.01696,0.01687,0.01695
CELRUSDT,15,1652691600,0.01695,0.01695,0.01672,0.0168
CELRUSDT,15,1652692500,0.0168,0.0168,0.01641,0.01641
CELRUSDT,15,1652693400,0.01641,0.01652,0.01629,0.01637
CELRUSDT,15,1652694300,0.01637,0.01658,0.01637,0.01639
CELRUSDT,15,1652695200,0.01639,0.01656,0.01615,0.01653
CELRUSDT,15,1652696100,0.01653,0.01683,0.01652,0.01666
CELRUSDT,15,1652697000,0.01666,0.0169,0.01664,0.01686
CELRUSDT,15,1652697900,0.01686,0.017,0.01679,0.01699
CELRUSDT,15,1652698800,0.01699,0.01699,0.01682,0.01682
CELRUSDT,15,1652699700,0.01682,0.01688,0.01668,0.01684
CELRUSDT,15,1652700600,0.01684,0.01684,0.01667,0.01673
CELRUSDT,15,1652701500,0.01673,0.01673,0.01661,0.01665
CELRUSDT,15,1652702400,0.01665,0.01665,0.01649,0.01663
CELRUSDT,15,1652703300,0.01663,0.01692,0.01648,0.01689
CELRUSDT,15,1652704200,0.01689,0.01696,0.01674,0.01681
CELRUSDT,15,1652705100,0.01681,0.01687,0.01671,0.01684
CELRUSDT,15,1652706000,0.01684,0.017,0.0168,0.01682
CELRUSDT,15,1652706900,0.01682,0.01683,0.0167,0.01676
CELRUSDT,15,1652707800,0.01676,0.01687,0.01665,0.01678
CELRUSDT,15,1652708700,0.01678,0.01678,0.01659,0.01672
CELRUSDT,15,1652709600,0.01672,0.01693,0.01659,0.01685
CELRUSDT,15,1652710500,0.01685,0.01696,0.01673,0.01681
CELRUSDT,15,1652711400,0.01681,0.01683,0.01664,0.01668
CELRUSDT,15,1652712300,0.01668,0.01672,0.01661,0.01661
CELRUSDT,15,1652713200,0.01661,0.01683,0.0166,0.01675
CELRUSDT,15,1652714100,0.01675,0.01679,0.01661,0.01662
CELRUSDT,15,1652715000,0.01662,0.01663,0.01624,0.01637
CELRUSDT,15,1652715900,0.01637,0.01664,0.01637,0.01658
CELRUSDT,15,1652716800,0.01658,0.01664,0.01639,0.01652
CELRUSDT,15,1652717700,0.01652,0.01674,0.01651,0.01674
CELRUSDT,15,1652718600,0.01674,0.01685,0.01644,0.01646
CELRUSDT,15,1652719500,0.01646,0.0165,0.0164,0.0165
CELRUSDT,15,1652720400,0.0165,0.01672,0.01648,0.01669
CELRUSDT,15,1652721300,0.01669,0.01681,0.01658,0.01679
CELRUSDT,15,1652722200,0.01679,0.01688,0.01678,0.01684
CELRUSDT,15,1652723100,0.01684,0.0169,0.01678,0.01689
CELRUSDT,15,1652724000,0.01689,0.01724,0.01671,0.01721
CELRUSDT,15,1652724900,0.01721,0.01723,0.01699,0.01702
CELRUSDT,15,1652725800,0.01702,0.01708,0.01697,0.01708
CELRUSDT,15,1652726700,0.01708,0.01718,0.01697,0.01716
CELRUSDT,15,1652727600,0.01716,0.01725,0.01709,0.0171
CELRUSDT,15,1652728500,0.0171,0.01714,0.01704,0.01705
CELRUSDT,15,1652729400,0.01705,0.01705,0.01695,0.01701
CELRUSDT,15,1652730300,0.01701,0.01712,0.0168,0.01697
CELRUSDT,15,1652731200,0.01697,0.01701,0.01693,0.01694
CELRUSDT,15,1652732100,0.01694,0.01699,0.01686,0.01691
CELRUSDT,15,1652733000,0.01691,0.01706,0.01691,0.01706
CELRUSDT,15,1652733900,0.01706,0.01713,0.01706,0.01709
CELRUSDT,15,1652734800,0.01709,0.01721,0.01703,0.01717
CELRUSDT,15,1652735700,0.01717,0.01721,0.01709,0.01709
CELRUSDT,15,1652736600,0.01709,0.01718,0.01702,0.01718
CELRUSDT,15,1652737500,0.01718,0.01718,0.01703,0.01709
