symbol,period,start_at,open,high,low,close
CEEKUSDT,15,1658128500,0.2769,0.28204,0.27669,0.28135
CEEKUSDT,15,1658129400,0.28135,0.28148,0.27829,0.27928
CEEKUSDT,15,1658130300,0.27928,0.28179,0.27903,0.28178
CEEKUSDT,15,1658131200,0.28178,0.28454,0.28088,0.28108
CEEKUSDT,15,1658132100,0.28108,0.28214,0.2791,0.27949
CEEKUSDT,15,1658133000,0.27949,0.27982,0.2791,0.27955
CEEKUSDT,15,1658133900,0.27955,0.27969,0.27888,0.27931
CEEKUSDT,15,1658134800,0.27931,0.28123,0.27891,0.28007
CEEKUSDT,15,1658135700,0.28007,0.28128,0.27781,0.2807
CEEKUSDT,15,1658136600,0.2807,0.2816,0.28015,0.28015
CEEKUSDT,15,1658137500,0.28015,0.28015,0.27835,0.27937
CEEKUSDT,15,1658138400,0.27937,0.27963,0.27804,0.2784
CEEKUSDT,15,1658139300,0.2784,0.27895,0.27591,0.27792
CEEKUSDT,15,1658140200,0.27792,0.27853,0.27542,0.27555
CEEKUSDT,15,1658141100,0.27555,0.27555,0.27184,0.27288
CEEKUSDT,15,1658142000,0.27288,0.27637,0.2709,0.27534
CEEKUSDT,15,1658142900,0.27534,0.27748,0.27483,0.27748
CEEKUSDT,15,1658143800,0.27748,0.27751,0.27358,0.27387
CEEKUSDT,15,1658144700,0.27387,0.27555,0.27295,0.2752
CEEKUSDT,15,1658145600,0.2752,0.27554,0.27123,0.27291
CEEKUSDT,15,1658146500,0.27291,0.2731,0.27036,0.27163
CEEKUSDT,15,1658147400,0.27163,0.27228,0.27153,0.27164
CEEKUSDT,15,1658148300,0.27164,0.27362,0.27098,0.27328
CEEKUSDT,15,1658149200,0.27328,0.27584,0.27263,0.27554
CEEKUSDT,15,1658150100,0.27554,0.27774,0.27494,0.27774
CEEKUSDT,15,1658151000,0.27774,0.278,0.27536,0.27631
CEEKUSDT,15,1658151900,0.27631,0.27645,0.27404,0.27537
CEEKUSDT,15,1658152800,0.27537,0.27636,0.27514,0.2762
CEEKUSDT,15,1658153700,0.2762,0.27724,0.27316,0.27428
CEEKUSDT,15,1658154600,0.27428,0.27516,0.2709,0.27136
CEEKUSDT,15,1658155500,0.27136,0.27491,0.27136,0.27455
CEEKUSDT,15,1658156400,0.27455,0.275,0.27348,0.27458
CEEKUSDT,15,1658157300,0.27458,0.27529,0.27413,0.27513
CEEKUSDT,15,1658158200,0.27513,0.27677,0.27471,0.27618
CEEKUSDT,15,1658159100,0.27618,0.27868,0.27618,0.27835
CEEKUSDT,15,1658160000,0.27835,0.27943,0.27203,0.27375
CEEKUSDT,15,1658160900,0.27375,0.27498,0.27231,0.27271
CEEKUSDT,15,1658161800,0.27271,0.27428,0.27174,0.27428
CEEKUSDT,15,1658162700,0.27428,0.27456,0.27213,0.2733
CEEKUSDT,15,1658163600,0.2733,0.2739,0.27127,0.27302
CEEKUSDT,15,1658164500,0.27302,0.27306,0.27172,0.27224
CEEKUSDT,15,1658165400,0.27224,0.27244,0.26974,0.27023
CEEKUSDT,15,1658166300,0.27023,0.27222,0.26823,0.27136
CEEKUSDT,15,1658167200,0.27136,0.27573,0.26983,0.27392
CEEKUSDT,15,1658168100,0.27392,0.29843,0.27392,0.2982
CEEKUSDT,15,1658169000,0.2982,0.2982,0.28773,0.29039
CEEKUSDT,15,1658169900,0.29039,0.29053,0.28696,0.28819
CEEKUSDT,15,1658170800,0.28819,0.28848,0.28187,0.28287
CEEKUSDT,15,1658171700,0.28287,0.2834,0.2807,0.28252
CEEKUSDT,15,1658172600,0.28252,0.28342,0.28139,0.28155
CEEKUSDT,15,1658173500,0.28155,0.2832,0.28016,0.28299
CEEKUSDT,15,1658174400,0.28299,0.28668,0.28164,0.28536
CEEKUSDT,15,1658175300,0.28536,0.28634,0.28379,0.28509
CEEKUSDT,15,1658176200,0.28509,0.29054,0.28507,0.28889
CEEKUSDT,15,1658177100,0.28889,0.28926,0.28531,0.28659
CEEKUSDT,15,1658178000,0.28659,0.2877,0.28631,0.28755
CEEKUSDT,15,1658178900,0.28755,0.29297,0.28736,0.29042
CEEKUSDT,15,1658179800,0.29042,0.29123,0.28832,0.2887
CEEKUSDT,15,1658180700,0.2887,0.2888,0.28606,0.28617
CEEKUSDT,15,1658181600,0.28617,0.28671,0.28525,0.28567
CEEKUSDT,15,1658182500,0.28567,0.28575,0.28284,0.28363
CEEKUSDT,15,1658183400,0.28363,0.28519,0.28308,0.28447
CEEKUSDT,15,1658184300,0.28447,0.28597,0.28363,0.28385
CEEKUSDT,15,1658185200,0.28385,0.28624,0.2836,0.28449
CEEKUSDT,15,1658186100,0.28449,0.28877,0.28449,0.28843
CEEKUSDT,15,1658187000,0.28843,0.29041,0.28816,0.28945
CEEKUSDT,15,1658187900,0.28945,0.28977,0.28651,0.28717
CEEKUSDT,15,1658188800,0.28717,0.29151,0.28488,0.29102
CEEKUSDT,15,1658189700,0.29102,0.29119,0.2875,0.28813
CEEKUSDT,15,1658190600,0.28813,0.28907,0.28676,0.28775
CEEKUSDT,15,1658191500,0.28775,0.28961,0.286,0.28633
CEEKUSDT,15,1658192400,0.28633,0.28694,0.28484,0.28507
CEEKUSDT,15,1658193300,0.28507,0.28541,0.28432,0.28522
CEEKUSDT,15,1658194200,0.28522,0.2868,0.28493,0.28624
CEEKUSDT,15,1658195100,0.28624,0.2876,0.28559,0.28703
CEEKUSDT,15,1658196000,0.28703,0.28703,0.28461,0.28514
CEEKUSDT,15,1658196900,0.28514,0.28514,0.28218,0.28367
CEEKUSDT,15,1658197800,0.28367,0.28482,0.28332,0.28482
CEEKUSDT,15,1658198700,0.28482,0.28504,0.2833,0.28335
CEEKUSDT,15,1658199600,0.28335,0.28444,0.28221,0.2838
CEEKUSDT,15,1658200500,0.2838,0.28541,0.2832,0.28352
CEEKUSDT,15,1658201400,0.28352,0.28374,0.28112,0.28151
CEEKUSDT,15,1658202300,0.28151,0.28162,0.27891,0.28065
CEEKUSDT,15,1658203200,0.28065,0.28186,0.27958,0.28074
CEEKUSDT,15,1658204100,0.28074,0.28433,0.28074,0.2834
CEEKUSDT,15,1658205000,0.2834,0.28447,0.28312,0.28397
CEEKUSDT,15,1658205900,0.28397,0.28405,0.28179,0.28218
CEEKUSDT,15,1658206800,0.28218,0.28351,0.28113,0.28198
CEEKUSDT,15,1658207700,0.28198,0.28323,0.28144,0.28259
CEEKUSDT,15,1658208600,0.28259,0.28315,0.28164,0.28315
CEEKUSDT,15,1658209500,0.28315,0.28355,0.2828,0.28293
CEEKUSDT,15,1658210400,0.28293,0.2832,0.28064,0.28174
CEEKUSDT,15,1658211300,0.28174,0.28337,0.2816,0.28301
CEEKUSDT,15,1658212200,0.28301,0.28327,0.28127,0.2815
CEEKUSDT,15,1658213100,0.2815,0.28152,0.27886,0.27953
CEEKUSDT,15,1658214000,0.27953,0.28069,0.27651,0.27738
