symbol,period,start_at,open,high,low,close
BELUSDT,15,1655445600,0.8424,0.8446,0.8409,0.8443
BELUSDT,15,1655446500,0.8443,0.8444,0.8371,0.8437
BELUSDT,15,1655447400,0.8437,0.8531,0.8427,0.8501
BELUSDT,15,1655448300,0.8501,0.8591,0.8501,0.854
BELUSDT,15,1655449200,0.854,0.8583,0.847,0.8484
BELUSDT,15,1655450100,0.8484,0.8642,0.8475,0.8634
BELUSDT,15,1655451000,0.8634,0.8674,0.8585,0.8633
BELUSDT,15,1655451900,0.8633,0.866,0.856,0.8586
BELUSDT,15,1655452800,0.8586,0.8602,0.8517,0.8594
BELUSDT,15,1655453700,0.8594,0.8619,0.855,0.8605
BELUSDT,15,1655454600,0.8605,0.8644,0.8544,0.8602
BELUSDT,15,1655455500,0.8602,0.8602,0.8525,0.8534
BELUSDT,15,1655456400,0.8534,0.8557,0.8483,0.8522
BELUSDT,15,1655457300,0.8522,0.8552,0.8456,0.8524
BELUSDT,15,1655458200,0.8524,0.8551,0.8424,0.8476
BELUSDT,15,1655459100,0.8476,0.8946,0.8476,0.8894
BELUSDT,15,1655460000,0.8894,0.9037,0.8814,0.892
BELUSDT,15,1655460900,0.892,0.8999,0.8825,0.8939
BELUSDT,15,1655461800,0.8939,0.9171,0.8925,0.9171
BELUSDT,15,1655462700,0.9171,0.9258,0.9121,0.9215
BELUSDT,15,1655463600,0.9215,0.9269,0.9127,0.915
BELUSDT,15,1655464500,0.915,0.9164,0.9049,0.9115
BELUSDT,15,1655465400,0.9115,0.9116,0.8878,0.8931
BELUSDT,15,1655466300,0.8931,0.8957,0.88,0.8905
BELUSDT,15,1655467200,0.8905,0.903,0.8905,0.8981
BELUSDT,15,1655468100,0.8981,0.9024,0.8881,0.9024
BELUSDT,15,1655469000,0.9024,0.918,0.9001,0.9054
BELUSDT,15,1655469900,0.9054,0.9166,0.8995,0.9045
BELUSDT,15,1655470800,0.9045,0.9136,0.9019,0.9019
BELUSDT,15,1655471700,0.9019,0.9046,0.896,0.903
BELUSDT,15,1655472600,0.903,0.9105,0.8965,0.905
BELUSDT,15,1655473500,0.905,0.9498,0.9033,0.9302
BELUSDT,15,1655474400,0.9302,0.9383,0.924,0.9251
BELUSDT,15,1655475300,0.9251,0.9289,0.908,0.9121
BELUSDT,15,1655476200,0.9121,0.9219,0.9076,0.9144
BELUSDT,15,1655477100,0.9144,0.9169,0.9015,0.9015
BELUSDT,15,1655478000,0.9015,0.9238,0.8992,0.9199
BELUSDT,15,1655478900,0.9199,0.9294,0.9129,0.9232
BELUSDT,15,1655479800,0.9232,0.9232,0.9054,0.9101
BELUSDT,15,1655480700,0.9101,0.9147,0.9064,0.9094
BELUSDT,15,1655481600,0.9094,0.9169,0.9069,0.9156
BELUSDT,15,1655482500,0.9156,0.9225,0.9099,0.9107
BELUSDT,15,1655483400,0.9107,0.9128,0.9035,0.9097
BELUSDT,15,1655484300,0.9097,0.9144,0.9045,0.9109
BELUSDT,15,1655485200,0.9109,0.9228,0.9073,0.918
BELUSDT,15,1655486100,0.918,0.9191,0.91,0.9131
BELUSDT,15,1655487000,0.9131,0.9155,0.9038,0.9121
BELUSDT,15,1655487900,0.9121,0.9129,0.9061,0.9077
BELUSDT,15,1655488800,0.9077,0.918,0.9063,0.918
BELUSDT,15,1655489700,0.918,0.9204,0.9116,0.9138
BELUSDT,15,1655490600,0.9138,0.9138,0.909,0.9112
BELUSDT,15,1655491500,0.9112,0.9161,0.9102,0.9108
BELUSDT,15,1655492400,0.9108,0.9195,0.9061,0.9157
BELUSDT,15,1655493300,0.9157,0.9185,0.8938,0.9056
BELUSDT,15,1655494200,0.9056,0.9099,0.9008,0.9045
BELUSDT,15,1655495100,0.9045,0.9058,0.8937,0.8997
BELUSDT,15,1655496000,0.8997,0.9084,0.8989,0.9007
BELUSDT,15,1655496900,0.9007,0.9131,0.8997,0.913
BELUSDT,15,1655497800,0.913,0.9144,0.9063,0.9076
BELUSDT,15,1655498700,0.9076,0.9095,0.904,0.9056
BELUSDT,15,1655499600,0.9056,0.907,0.8973,0.8991
BELUSDT,15,1655500500,0.8991,0.9016,0.899,0.9
BELUSDT,15,1655501400,0.9,0.9009,0.8953,0.8979
BELUSDT,15,1655502300,0.8979,0.9023,0.8961,0.9011
BELUSDT,15,1655503200,0.9011,0.9043,0.8964,0.899
BELUSDT,15,1655504100,0.899,0.9022,0.8846,0.8909
BELUSDT,15,1655505000,0.8909,0.8913,0.8842,0.8884
BELUSDT,15,1655505900,0.8884,0.892,0.887,0.8873
BELUSDT,15,1655506800,0.8873,0.8901,0.8865,0.8865
BELUSDT,15,1655507700,0.8865,0.8951,0.8844,0.8928
BELUSDT,15,1655508600,0.8928,0.8989,0.891,0.8915
BELUSDT,15,1655509500,0.8915,0.892,0.8849,0.8887
BELUSDT,15,1655510400,0.8887,0.9007,0.8848,0.8998
BELUSDT,15,1655511300,0.8998,0.9032,0.8966,0.9025
BELUSDT,15,1655512200,0.9025,0.9051,0.9008,0.9018
BELUSDT,15,1655513100,0.9018,0.9026,0.8961,0.8961
BELUSDT,15,1655514000,0.8961,0.9007,0.8903,0.8911
BELUSDT,15,1655514900,0.8911,0.8943,0.8845,0.8845
BELUSDT,15,1655515800,0.8845,0.8876,0.8768,0.8768
BELUSDT,15,1655516700,0.8768,0.8806,0.8722,0.8743
BELUSDT,15,1655517600,0.8743,0.8754,0.8637,0.8714
BELUSDT,15,1655518500,0.8714,0.8714,0.8597,0.8639
BELUSDT,15,1655519400,0.8639,0.8658,0.86,0.8619
BELUSDT,15,1655520300,0.8619,0.8694,0.8611,0.8694
BELUSDT,15,1655521200,0.8694,0.8762,0.8694,0.8702
BELUSDT,15,1655522100,0.8702,0.8739,0.8683,0.8704
BELUSDT,15,1655523000,0.8704,0.8728,0.8672,0.8684
BELUSDT,15,1655523900,0.8684,0.8699,0.8661,0.8698
BELUSDT,15,1655524800,0.8698,0.8743,0.8676,0.8738
BELUSDT,15,1655525700,0.8738,0.8745,0.869,0.8738
BELUSDT,15,1655526600,0.8738,0.8791,0.8718,0.8768
BELUSDT,15,1655527500,0.8768,0.8777,0.8748,0.8773
BELUSDT,15,1655528400,0.8773,0.879,0.8727,0.8727
BELUSDT,15,1655529300,0.8727,0.8727,0.8686,0.8709
BELUSDT,15,1655530200,0.8709,0.873,0.8676,0.8689
BELUSDT,15,1655531100,0.8689,0.8712,0.8628,0.8655
