symbol,period,start_at,open,high,low,close
RSRUSDT,15,1652565600,0.00435,0.00437,0.00434,0.00437
RSRUSDT,15,1652566500,0.00437,0.00438,0.00434,0.00435
RSRUSDT,15,1652567400,0.00435,0.00437,0.00431,0.00434
RSRUSDT,15,1652568300,0.00434,0.0045,0.00434,0.00447
RSRUSDT,15,1652569200,0.00447,0.00448,0.00442,0.00442
RSRUSDT,15,1652570100,0.00442,0.00448,0.00441,0.00448
RSRUSDT,15,1652571000,0.00448,0.00454,0.00445,0.00453
RSRUSDT,15,1652571900,0.00453,0.00456,0.00451,0.00453
RSRUSDT,15,1652572800,0.00453,0.00455,0.00447,0.00449
RSRUSDT,15,1652573700,0.00449,0.00465,0.00449,0.00465
RSRUSDT,15,1652574600,0.00465,0.00467,0.00458,0.00459
RSRUSDT,15,1652575500,0.00459,0.0046,0.00456,0.00456
RSRUSDT,15,1652576400,0.00456,0.00459,0.00454,0.00454
RSRUSDT,15,1652577300,0.00454,0.00456,0.00451,0.00451
RSRUSDT,15,1652578200,0.00451,0.00455,0.0045,0.00455
RSRUSDT,15,1652579100,0.00455,0.00459,0.00455,0.00457
RSRUSDT,15,1652580000,0.00457,0.00459,0.00451,0.00451
RSRUSDT,15,1652580900,0.00451,0.00451,0.00446,0.00446
RSRUSDT,15,1652581800,0.00446,0.00446,0.00442,0.00442
RSRUSDT,15,1652582700,0.00442,0.00444,0.0044,0.00444
RSRUSDT,15,1652583600,0.00444,0.00446,0.00443,0.00443
RSRUSDT,15,1652584500,0.00443,0.00443,0.00438,0.00438
RSRUSDT,15,1652585400,0.00438,0.00439,0.00436,0.00438
RSRUSDT,15,1652586300,0.00438,0.00439,0.00438,0.00438
RSRUSDT,15,1652587200,0.00438,0.00443,0.00438,0.00443
RSRUSDT,15,1652588100,0.00443,0.00444,0.00442,0.00442
RSRUSDT,15,1652589000,0.00442,0.00443,0.00438,0.00439
RSRUSDT,15,1652589900,0.00439,0.00442,0.00439,0.00442
RSRUSDT,15,1652590800,0.00442,0.00443,0.00441,0.00443
RSRUSDT,15,1652591700,0.00443,0.00446,0.00442,0.00445
RSRUSDT,15,1652592600,0.00445,0.00449,0.00444,0.00449
RSRUSDT,15,1652593500,0.00449,0.00455,0.00448,0.00454
RSRUSDT,15,1652594400,0.00454,0.00457,0.00454,0.00454
RSRUSDT,15,1652595300,0.00454,0.00459,0.00453,0.00458
RSRUSDT,15,1652596200,0.00458,0.00458,0.00455,0.00455
RSRUSDT,15,1652597100,0.00455,0.00462,0.00454,0.00461
RSRUSDT,15,1652598000,0.00461,0.00464,0.0046,0.0046
RSRUSDT,15,1652598900,0.0046,0.00463,0.0046,0.00462
RSRUSDT,15,1652599800,0.00462,0.00466,0.00462,0.00465
RSRUSDT,15,1652600700,0.00465,0.00465,0.00461,0.00462
RSRUSDT,15,1652601600,0.00462,0.00463,0.00458,0.00458
RSRUSDT,15,1652602500,0.00458,0.0046,0.00455,0.00458
RSRUSDT,15,1652603400,0.00458,0.00461,0.00457,0.00459
RSRUSDT,15,1652604300,0.00459,0.00459,0.00454,0.00456
RSRUSDT,15,1652605200,0.00456,0.00457,0.00454,0.00454
RSRUSDT,15,1652606100,0.00454,0.00459,0.00453,0.00458
RSRUSDT,15,1652607000,0.00458,0.00462,0.00458,0.00462
RSRUSDT,15,1652607900,0.00462,0.00466,0.00462,0.00464
RSRUSDT,15,1652608800,0.00464,0.00464,0.00458,0.00459
RSRUSDT,15,1652609700,0.00459,0.0046,0.00458,0.0046
RSRUSDT,15,1652610600,0.0046,0.00463,0.00458,0.00462
RSRUSDT,15,1652611500,0.00462,0.00472,0.0046,0.00471
RSRUSDT,15,1652612400,0.00471,0.00472,0.00469,0.00469
RSRUSDT,15,1652613300,0.00469,0.00469,0.00464,0.00467
RSRUSDT,15,1652614200,0.00467,0.00479,0.00466,0.00478
RSRUSDT,15,1652615100,0.00478,0.00478,0.00475,0.00476
RSRUSDT,15,1652616000,0.00476,0.00481,0.00473,0.00473
RSRUSDT,15,1652616900,0.00473,0.00474,0.0047,0.00471
RSRUSDT,15,1652617800,0.00471,0.00472,0.00465,0.00472
RSRUSDT,15,1652618700,0.00472,0.00473,0.0047,0.00473
RSRUSDT,15,1652619600,0.00473,0.00473,0.00469,0.00471
RSRUSDT,15,1652620500,0.00471,0.00472,0.00468,0.00469
RSRUSDT,15,1652621400,0.00469,0.00469,0.00465,0.00466
RSRUSDT,15,1652622300,0.00466,0.00467,0.00464,0.00464
RSRUSDT,15,1652623200,0.00464,0.00464,0.00459,0.0046
RSRUSDT,15,1652624100,0.0046,0.0046,0.00454,0.00455
RSRUSDT,15,1652625000,0.00455,0.00458,0.00452,0.00458
RSRUSDT,15,1652625900,0.00458,0.00461,0.00458,0.0046
RSRUSDT,15,1652626800,0.0046,0.00468,0.0046,0.00467
RSRUSDT,15,1652627700,0.00467,0.00467,0.00464,0.00465
RSRUSDT,15,1652628600,0.00465,0.00465,0.00458,0.00459
RSRUSDT,15,1652629500,0.00459,0.0046,0.00455,0.00458
RSRUSDT,15,1652630400,0.00458,0.00463,0.00457,0.00461
RSRUSDT,15,1652631300,0.00461,0.00466,0.00461,0.00465
RSRUSDT,15,1652632200,0.00465,0.0047,0.00463,0.00469
RSRUSDT,15,1652633100,0.00469,0.0047,0.00468,0.0047
RSRUSDT,15,1652634000,0.0047,0.0047,0.00468,0.0047
RSRUSDT,15,1652634900,0.0047,0.00472,0.00468,0.00469
RSRUSDT,15,1652635800,0.00469,0.00469,0.00458,0.00458
RSRUSDT,15,1652636700,0.00458,0.00458,0.00445,0.00449
RSRUSDT,15,1652637600,0.00449,0.0045,0.00441,0.00442
RSRUSDT,15,1652638500,0.00442,0.00443,0.00433,0.00433
RSRUSDT,15,1652639400,0.00433,0.00434,0.00411,0.00411
RSRUSDT,15,1652640300,0.00411,0.00422,0.0041,0.0042
RSRUSDT,15,1652641200,0.0042,0.00424,0.00418,0.00421
RSRUSDT,15,1652642100,0.00421,0.00428,0.00421,0.00422
RSRUSDT,15,1652643000,0.00422,0.00433,0.00422,0.00432
RSRUSDT,15,1652643900,0.00432,0.00437,0.00432,0.00436
RSRUSDT,15,1652644800,0.00436,0.00449,0.00435,0.00446
RSRUSDT,15,1652645700,0.00446,0.0045,0.00444,0.00448
RSRUSDT,15,1652646600,0.00448,0.0045,0.00446,0.00446
RSRUSDT,15,1652647500,0.00446,0.00453,0.00443,0.00453
RSRUSDT,15,1652648400,0.00453,0.00457,0.00449,0.00451
RSRUSDT,15,1652649300,0.00451,0.00451,0.00447,0.00447
RSRUSDT,15,1652650200,0.00447,0.00453,0.00446,0.00452
RSRUSDT,15,1652651100,0.00452,0.00453,0.0045,0.00452
RSRUSDT,15,1669935600,0.00414,0.004158,0.00414,0.004157
RSRUSDT,15,1669935600,0.00414,0.004158,0.00414,0.004148
RSRUSDT,1,1669935600,0.00414,0.004158,0.00414,0.004158
RSRUSDT,1,1669935660,0.004158,0.004158,0.004157,0.004157
RSRUSDT,1,1669935720,0.004157,0.004157,0.00415,0.00415
RSRUSDT,1,1669935780,0.00415,0.004157,0.00415,0.00415
RSRUSDT,1,1669935840,0.00415,0.00415,0.004148,0.004148
RSRUSDT,1,1669935900,0.004148,0.004148,0.004141,0.004141
