symbol,period,start_at,open,high,low,close
STORJUSDT,15,1652565600,0.5361,0.5363,0.5295,0.5356
STORJUSDT,15,1652566500,0.5356,0.5356,0.5326,0.5327
STORJUSDT,15,1652567400,0.5327,0.5332,0.5281,0.5286
STORJUSDT,15,1652568300,0.5286,0.5427,0.5286,0.5396
STORJUSDT,15,1652569200,0.5396,0.5422,0.5346,0.5362
STORJUSDT,15,1652570100,0.5362,0.5399,0.5331,0.5382
STORJUSDT,15,1652571000,0.5382,0.5419,0.534,0.5419
STORJUSDT,15,1652571900,0.5419,0.5482,0.5404,0.5428
STORJUSDT,15,1652572800,0.5428,0.5507,0.5404,0.5445
STORJUSDT,15,1652573700,0.5445,0.5546,0.5445,0.5513
STORJUSDT,15,1652574600,0.5513,0.5545,0.5438,0.5541
STORJUSDT,15,1652575500,0.5541,0.5582,0.5454,0.5477
STORJUSDT,15,1652576400,0.5477,0.5519,0.5439,0.5517
STORJUSDT,15,1652577300,0.5517,0.5695,0.5517,0.5629
STORJUSDT,15,1652578200,0.5629,0.5662,0.5509,0.5571
STORJUSDT,15,1652579100,0.5571,0.5736,0.5558,0.5638
STORJUSDT,15,1652580000,0.5638,0.5779,0.5581,0.5581
STORJUSDT,15,1652580900,0.5581,0.5652,0.5532,0.5551
STORJUSDT,15,1652581800,0.5551,0.5551,0.5492,0.5507
STORJUSDT,15,1652582700,0.5507,0.5553,0.5483,0.5553
STORJUSDT,15,1652583600,0.5553,0.5571,0.5499,0.5499
STORJUSDT,15,1652584500,0.5499,0.5499,0.537,0.537
STORJUSDT,15,1652585400,0.537,0.5409,0.5363,0.5393
STORJUSDT,15,1652586300,0.5393,0.5414,0.5386,0.5396
STORJUSDT,15,1652587200,0.5396,0.5485,0.5386,0.5471
STORJUSDT,15,1652588100,0.5471,0.5521,0.5459,0.5499
STORJUSDT,15,1652589000,0.5499,0.5514,0.5387,0.5415
STORJUSDT,15,1652589900,0.5415,0.5462,0.5406,0.5433
STORJUSDT,15,1652590800,0.5433,0.5434,0.5386,0.5422
STORJUSDT,15,1652591700,0.5422,0.5487,0.5409,0.5482
STORJUSDT,15,1652592600,0.5482,0.5542,0.5481,0.5541
STORJUSDT,15,1652593500,0.5541,0.5581,0.5534,0.5542
STORJUSDT,15,1652594400,0.5542,0.5561,0.553,0.5535
STORJUSDT,15,1652595300,0.5535,0.5561,0.5508,0.5527
STORJUSDT,15,1652596200,0.5527,0.5529,0.5486,0.5486
STORJUSDT,15,1652597100,0.5486,0.5567,0.5473,0.5564
STORJUSDT,15,1652598000,0.5564,0.5606,0.5546,0.5563
STORJUSDT,15,1652598900,0.5563,0.5583,0.554,0.554
STORJUSDT,15,1652599800,0.554,0.554,0.5509,0.5515
STORJUSDT,15,1652600700,0.5515,0.5515,0.5453,0.548
STORJUSDT,15,1652601600,0.548,0.5508,0.5458,0.5476
STORJUSDT,15,1652602500,0.5476,0.5534,0.5429,0.5519
STORJUSDT,15,1652603400,0.5519,0.5544,0.5499,0.5518
STORJUSDT,15,1652604300,0.5518,0.5518,0.5445,0.5448
STORJUSDT,15,1652605200,0.5448,0.5479,0.5439,0.5451
STORJUSDT,15,1652606100,0.5451,0.551,0.5439,0.5501
STORJUSDT,15,1652607000,0.5501,0.5544,0.55,0.5544
STORJUSDT,15,1652607900,0.5544,0.5575,0.5538,0.5545
STORJUSDT,15,1652608800,0.5545,0.5545,0.5483,0.5507
STORJUSDT,15,1652609700,0.5507,0.5518,0.549,0.5504
STORJUSDT,15,1652610600,0.5504,0.565,0.5493,0.5615
STORJUSDT,15,1652611500,0.5615,0.5695,0.5601,0.5661
STORJUSDT,15,1652612400,0.5661,0.5663,0.5604,0.5636
STORJUSDT,15,1652613300,0.5636,0.5645,0.5578,0.5633
STORJUSDT,15,1652614200,0.5633,0.568,0.5626,0.5626
STORJUSDT,15,1652615100,0.5626,0.5662,0.5607,0.5614
STORJUSDT,15,1652616000,0.5614,0.5676,0.5614,0.5633
STORJUSDT,15,1652616900,0.5633,0.5659,0.5578,0.5581
STORJUSDT,15,1652617800,0.5581,0.5604,0.5548,0.5601
STORJUSDT,15,1652618700,0.5601,0.5611,0.5559,0.5574
STORJUSDT,15,1652619600,0.5574,0.5574,0.5544,0.5567
STORJUSDT,15,1652620500,0.5567,0.5606,0.5522,0.5533
STORJUSDT,15,1652621400,0.5533,0.5533,0.5483,0.5486
STORJUSDT,15,1652622300,0.5486,0.5496,0.547,0.5489
STORJUSDT,15,1652623200,0.5489,0.5504,0.5394,0.5429
STORJUSDT,15,1652624100,0.5429,0.5442,0.5379,0.543
STORJUSDT,15,1652625000,0.543,0.549,0.5402,0.547
STORJUSDT,15,1652625900,0.547,0.5509,0.547,0.5495
STORJUSDT,15,1652626800,0.5495,0.5604,0.5494,0.5589
STORJUSDT,15,1652627700,0.5589,0.5589,0.5541,0.5557
STORJUSDT,15,1652628600,0.5557,0.5568,0.5471,0.549
STORJUSDT,15,1652629500,0.549,0.5517,0.5422,0.5488
STORJUSDT,15,1652630400,0.5488,0.5544,0.5474,0.5514
STORJUSDT,15,1652631300,0.5514,0.5576,0.5514,0.5554
STORJUSDT,15,1652632200,0.5554,0.5664,0.5544,0.5661
STORJUSDT,15,1652633100,0.5661,0.5664,0.5631,0.5636
STORJUSDT,15,1652634000,0.5636,0.564,0.5602,0.5639
STORJUSDT,15,1652634900,0.5639,0.566,0.5637,0.5641
STORJUSDT,15,1652635800,0.5641,0.5643,0.5531,0.5536
STORJUSDT,15,1652636700,0.5536,0.5551,0.5486,0.5492
STORJUSDT,15,1652637600,0.5492,0.5499,0.5472,0.5498
STORJUSDT,15,1652638500,0.5498,0.5552,0.5498,0.5522
STORJUSDT,15,1652639400,0.5522,0.5583,0.5517,0.5578
STORJUSDT,15,1652640300,0.5578,0.5585,0.5555,0.5579
STORJUSDT,15,1652641200,0.5579,0.5581,0.5545,0.5555
STORJUSDT,15,1652642100,0.5555,0.5573,0.5528,0.5537
STORJUSDT,15,1652643000,0.5537,0.5596,0.5537,0.5577
STORJUSDT,15,1652643900,0.5577,0.5646,0.5577,0.5642
STORJUSDT,15,1652644800,0.5642,0.5762,0.5624,0.5732
STORJUSDT,15,1652645700,0.5732,0.5761,0.572,0.5723
STORJUSDT,15,1652646600,0.5723,0.578,0.5708,0.5776
STORJUSDT,15,1652647500,0.5776,0.5817,0.576,0.5807
STORJUSDT,15,1652648400,0.5807,0.5822,0.5768,0.5772
STORJUSDT,15,1652649300,0.5772,0.5772,0.574,0.5757
STORJUSDT,15,1652650200,0.5757,0.5843,0.5757,0.5842
STORJUSDT,15,1652651100,0.5842,0.5875,0.5828,0.5868
STORJUSDT,15,1669935600,0.3348,0.3354,0.3348,0.3354
STORJUSDT,15,1669935600,0.3348,0.3354,0.3348,0.3353
STORJUSDT,1,1669935600,0.3348,0.3354,0.3348,0.3354
STORJUSDT,1,1669935660,0.3354,0.3354,0.3353,0.3354
STORJUSDT,1,1669935720,0.3354,0.3354,0.3354,0.3354
STORJUSDT,1,1669935780,0.3354,0.3354,0.3352,0.3353
STORJUSDT,1,1669935840,0.3353,0.3353,0.3353,0.3353
STORJUSDT,1,1669935900,0.3353,0.3353,0.3353,0.3353
