symbol,period,start_at,open,high,low,close
XLMUSDT,15,1652565600,0.13769,0.13871,0.13684,0.13866
XLMUSDT,15,1652566500,0.13866,0.13877,0.13733,0.13743
XLMUSDT,15,1652567400,0.13743,0.13743,0.13609,0.1366
XLMUSDT,15,1652568300,0.1366,0.13887,0.13656,0.13758
XLMUSDT,15,1652569200,0.13758,0.13804,0.13663,0.13693
XLMUSDT,15,1652570100,0.13693,0.13835,0.13687,0.13829
XLMUSDT,15,1652571000,0.13829,0.1388,0.13764,0.13871
XLMUSDT,15,1652571900,0.13871,0.13887,0.13798,0.13827
XLMUSDT,15,1652572800,0.13827,0.13877,0.13722,0.13745
XLMUSDT,15,1652573700,0.13745,0.13893,0.13743,0.13871
XLMUSDT,15,1652574600,0.13871,0.1389,0.13699,0.13726
XLMUSDT,15,1652575500,0.13726,0.1373,0.13662,0.13689
XLMUSDT,15,1652576400,0.13689,0.13733,0.13653,0.13722
XLMUSDT,15,1652577300,0.13722,0.13759,0.1372,0.1373
XLMUSDT,15,1652578200,0.1373,0.13755,0.13654,0.13719
XLMUSDT,15,1652579100,0.13719,0.13753,0.13706,0.1372
XLMUSDT,15,1652580000,0.1372,0.13773,0.13581,0.13588
XLMUSDT,15,1652580900,0.13588,0.13636,0.13512,0.13531
XLMUSDT,15,1652581800,0.13531,0.13556,0.13451,0.13461
XLMUSDT,15,1652582700,0.13461,0.13537,0.13434,0.13516
XLMUSDT,15,1652583600,0.13516,0.13543,0.13454,0.13459
XLMUSDT,15,1652584500,0.13459,0.13479,0.13406,0.13457
XLMUSDT,15,1652585400,0.13457,0.13557,0.13432,0.13557
XLMUSDT,15,1652586300,0.13557,0.13638,0.13556,0.13624
XLMUSDT,15,1652587200,0.13624,0.13673,0.13611,0.13651
XLMUSDT,15,1652588100,0.13651,0.13668,0.13607,0.13613
XLMUSDT,15,1652589000,0.13613,0.13616,0.13521,0.13584
XLMUSDT,15,1652589900,0.13584,0.1364,0.13565,0.13578
XLMUSDT,15,1652590800,0.13578,0.13608,0.13532,0.13581
XLMUSDT,15,1652591700,0.13581,0.13604,0.13557,0.13581
XLMUSDT,15,1652592600,0.13581,0.1372,0.13558,0.13715
XLMUSDT,15,1652593500,0.13715,0.1385,0.13697,0.13803
XLMUSDT,15,1652594400,0.13803,0.13851,0.13767,0.13769
XLMUSDT,15,1652595300,0.13769,0.13808,0.1374,0.13777
XLMUSDT,15,1652596200,0.13777,0.13787,0.13699,0.13711
XLMUSDT,15,1652597100,0.13711,0.13809,0.13691,0.13797
XLMUSDT,15,1652598000,0.13797,0.13872,0.13796,0.13799
XLMUSDT,15,1652598900,0.13799,0.13823,0.13754,0.13763
XLMUSDT,15,1652599800,0.13763,0.13788,0.13744,0.1376
XLMUSDT,15,1652600700,0.1376,0.13767,0.13622,0.13634
XLMUSDT,15,1652601600,0.13634,0.13638,0.13512,0.13512
XLMUSDT,15,1652602500,0.13512,0.1356,0.13466,0.13482
XLMUSDT,15,1652603400,0.13482,0.13531,0.13454,0.13521
XLMUSDT,15,1652604300,0.13521,0.13545,0.13458,0.13532
XLMUSDT,15,1652605200,0.13532,0.13591,0.1352,0.13528
XLMUSDT,15,1652606100,0.13528,0.13643,0.13521,0.13623
XLMUSDT,15,1652607000,0.13623,0.13668,0.13619,0.13657
XLMUSDT,15,1652607900,0.13657,0.13697,0.13651,0.13687
XLMUSDT,15,1652608800,0.13687,0.13696,0.13601,0.13645
XLMUSDT,15,1652609700,0.13645,0.13695,0.13624,0.13679
XLMUSDT,15,1652610600,0.13679,0.13739,0.13641,0.13698
XLMUSDT,15,1652611500,0.13698,0.13862,0.13676,0.13851
XLMUSDT,15,1652612400,0.13851,0.13852,0.13805,0.13807
XLMUSDT,15,1652613300,0.13807,0.13851,0.1374,0.13832
XLMUSDT,15,1652614200,0.13832,0.13959,0.13809,0.13896
XLMUSDT,15,1652615100,0.13896,0.13987,0.13893,0.13971
XLMUSDT,15,1652616000,0.13971,0.14079,0.13939,0.1395
XLMUSDT,15,1652616900,0.1395,0.14013,0.1389,0.13893
XLMUSDT,15,1652617800,0.13893,0.14035,0.13848,0.1401
XLMUSDT,15,1652618700,0.1401,0.1404,0.13973,0.14021
XLMUSDT,15,1652619600,0.14021,0.14021,0.13941,0.14004
XLMUSDT,15,1652620500,0.14004,0.14012,0.13864,0.13891
XLMUSDT,15,1652621400,0.13891,0.13893,0.13832,0.13842
XLMUSDT,15,1652622300,0.13842,0.13857,0.13799,0.1384
XLMUSDT,15,1652623200,0.1384,0.13847,0.13731,0.13809
XLMUSDT,15,1652624100,0.13809,0.1381,0.137,0.13739
XLMUSDT,15,1652625000,0.13739,0.138,0.13656,0.13776
XLMUSDT,15,1652625900,0.13776,0.13842,0.13749,0.13797
XLMUSDT,15,1652626800,0.13797,0.13923,0.13791,0.1392
XLMUSDT,15,1652627700,0.1392,0.1392,0.13813,0.1384
XLMUSDT,15,1652628600,0.1384,0.1384,0.13758,0.13786
XLMUSDT,15,1652629500,0.13786,0.13804,0.13708,0.13792
XLMUSDT,15,1652630400,0.13792,0.13865,0.13742,0.13753
XLMUSDT,15,1652631300,0.13753,0.13838,0.13751,0.13834
XLMUSDT,15,1652632200,0.13834,0.1394,0.13808,0.13933
XLMUSDT,15,1652633100,0.13933,0.13939,0.13831,0.13858
XLMUSDT,15,1652634000,0.13858,0.1392,0.13838,0.13903
XLMUSDT,15,1652634900,0.13903,0.13917,0.13865,0.13882
XLMUSDT,15,1652635800,0.13882,0.13884,0.13722,0.13725
XLMUSDT,15,1652636700,0.13725,0.13729,0.13643,0.13645
XLMUSDT,15,1652637600,0.13645,0.13711,0.13633,0.13709
XLMUSDT,15,1652638500,0.13709,0.1375,0.1368,0.13718
XLMUSDT,15,1652639400,0.13718,0.13842,0.137,0.13841
XLMUSDT,15,1652640300,0.13841,0.13884,0.13792,0.13876
XLMUSDT,15,1652641200,0.13876,0.13882,0.13789,0.13805
XLMUSDT,15,1652642100,0.13805,0.1391,0.13805,0.13866
XLMUSDT,15,1652643000,0.13866,0.13984,0.13866,0.13953
XLMUSDT,15,1652643900,0.13953,0.14032,0.13898,0.14029
XLMUSDT,15,1652644800,0.14029,0.14186,0.13965,0.14174
XLMUSDT,15,1652645700,0.14174,0.14196,0.14063,0.14108
XLMUSDT,15,1652646600,0.14108,0.14223,0.14049,0.14219
XLMUSDT,15,1652647500,0.14219,0.14287,0.14186,0.14242
XLMUSDT,15,1652648400,0.14242,0.14311,0.14214,0.1422
XLMUSDT,15,1652649300,0.1422,0.14224,0.14191,0.14199
XLMUSDT,15,1652650200,0.14199,0.14269,0.14184,0.14262
XLMUSDT,15,1652651100,0.14262,0.14318,0.14251,0.14316
XLMUSDT,15,1669935600,0.08755,0.08761,0.08753,0.08757
XLMUSDT,15,1669935600,0.08755,0.08761,0.08751,0.08755
XLMUSDT,1,1669935600,0.08755,0.08761,0.08753,0.08759
XLMUSDT,1,1669935660,0.08759,0.08759,0.08756,0.08757
XLMUSDT,1,1669935720,0.08757,0.08761,0.08755,0.08761
XLMUSDT,1,1669935780,0.08761,0.08761,0.08752,0.08752
XLMUSDT,1,1669935840,0.08752,0.08753,0.08751,0.08753
XLMUSDT,1,1669935900,0.08753,0.08757,0.08752,0.08757
