symbol,period,start_at,open,high,low,close
KNCUSDT,15,1652565600,1.5767,1.59,1.5767,1.59
KNCUSDT,15,1652566500,1.59,1.5921,1.5791,1.5802
KNCUSDT,15,1652567400,1.5802,1.5816,1.5704,1.5771
KNCUSDT,15,1652568300,1.5771,1.6197,1.5771,1.6134
KNCUSDT,15,1652569200,1.6134,1.6223,1.5983,1.6088
KNCUSDT,15,1652570100,1.6088,1.6311,1.6082,1.6291
KNCUSDT,15,1652571000,1.6291,1.6577,1.6212,1.6372
KNCUSDT,15,1652571900,1.6372,1.6685,1.6343,1.6512
KNCUSDT,15,1652572800,1.6512,1.6652,1.6091,1.6147
KNCUSDT,15,1652573700,1.6147,1.6555,1.6147,1.6476
KNCUSDT,15,1652574600,1.6476,1.6549,1.6172,1.6209
KNCUSDT,15,1652575500,1.6209,1.6218,1.611,1.6151
KNCUSDT,15,1652576400,1.6151,1.6151,1.5861,1.5954
KNCUSDT,15,1652577300,1.5954,1.6079,1.5868,1.6017
KNCUSDT,15,1652578200,1.6017,1.6081,1.5817,1.6029
KNCUSDT,15,1652579100,1.6029,1.6244,1.5994,1.6107
KNCUSDT,15,1652580000,1.6107,1.6268,1.5833,1.5884
KNCUSDT,15,1652580900,1.5884,1.5902,1.5655,1.566
KNCUSDT,15,1652581800,1.566,1.5754,1.5534,1.5543
KNCUSDT,15,1652582700,1.5543,1.5692,1.5519,1.5655
KNCUSDT,15,1652583600,1.5655,1.5773,1.561,1.5655
KNCUSDT,15,1652584500,1.5655,1.5655,1.552,1.5582
KNCUSDT,15,1652585400,1.5582,1.578,1.5496,1.5724
KNCUSDT,15,1652586300,1.5724,1.5934,1.5724,1.5845
KNCUSDT,15,1652587200,1.5845,1.6128,1.5845,1.6093
KNCUSDT,15,1652588100,1.6093,1.613,1.5962,1.5999
KNCUSDT,15,1652589000,1.5999,1.6042,1.579,1.5908
KNCUSDT,15,1652589900,1.5908,1.6013,1.5876,1.5919
KNCUSDT,15,1652590800,1.5919,1.5926,1.579,1.5874
KNCUSDT,15,1652591700,1.5874,1.6093,1.5874,1.6053
KNCUSDT,15,1652592600,1.6053,1.6196,1.5987,1.6196
KNCUSDT,15,1652593500,1.6196,1.6589,1.6178,1.6586
KNCUSDT,15,1652594400,1.6586,1.685,1.653,1.6562
KNCUSDT,15,1652595300,1.6562,1.6562,1.6402,1.6482
KNCUSDT,15,1652596200,1.6482,1.6533,1.6275,1.6308
KNCUSDT,15,1652597100,1.6308,1.6453,1.6241,1.6388
KNCUSDT,15,1652598000,1.6388,1.6549,1.6329,1.6459
KNCUSDT,15,1652598900,1.6459,1.6475,1.6224,1.6253
KNCUSDT,15,1652599800,1.6253,1.63,1.6197,1.6264
KNCUSDT,15,1652600700,1.6264,1.6264,1.6079,1.6115
KNCUSDT,15,1652601600,1.6115,1.6186,1.6059,1.6101
KNCUSDT,15,1652602500,1.6101,1.616,1.5985,1.6037
KNCUSDT,15,1652603400,1.6037,1.6148,1.6016,1.6089
KNCUSDT,15,1652604300,1.6089,1.609,1.5894,1.5948
KNCUSDT,15,1652605200,1.5948,1.6032,1.5893,1.5893
KNCUSDT,15,1652606100,1.5893,1.6131,1.5875,1.6049
KNCUSDT,15,1652607000,1.6049,1.6183,1.6037,1.6173
KNCUSDT,15,1652607900,1.6173,1.6206,1.6128,1.6146
KNCUSDT,15,1652608800,1.6146,1.6172,1.599,1.6066
KNCUSDT,15,1652609700,1.6066,1.6191,1.6046,1.6146
KNCUSDT,15,1652610600,1.6146,1.6276,1.6052,1.6254
KNCUSDT,15,1652611500,1.6254,1.648,1.6193,1.6468
KNCUSDT,15,1652612400,1.6468,1.6498,1.6342,1.6357
KNCUSDT,15,1652613300,1.6357,1.6466,1.6219,1.6413
KNCUSDT,15,1652614200,1.6413,1.6777,1.6412,1.6677
KNCUSDT,15,1652615100,1.6677,1.6826,1.6634,1.6702
KNCUSDT,15,1652616000,1.6702,1.6847,1.6554,1.6581
KNCUSDT,15,1652616900,1.6581,1.6754,1.6453,1.6454
KNCUSDT,15,1652617800,1.6454,1.6584,1.636,1.6563
KNCUSDT,15,1652618700,1.6563,1.6652,1.6419,1.644
KNCUSDT,15,1652619600,1.644,1.644,1.6211,1.6403
KNCUSDT,15,1652620500,1.6403,1.6449,1.6152,1.6268
KNCUSDT,15,1652621400,1.6268,1.6345,1.6135,1.6138
KNCUSDT,15,1652622300,1.6138,1.6242,1.6071,1.6211
KNCUSDT,15,1652623200,1.6211,1.622,1.5904,1.6087
KNCUSDT,15,1652624100,1.6087,1.6123,1.5828,1.5935
KNCUSDT,15,1652625000,1.5935,1.6066,1.5772,1.6035
KNCUSDT,15,1652625900,1.6035,1.6144,1.5991,1.6048
KNCUSDT,15,1652626800,1.6048,1.6274,1.6019,1.6232
KNCUSDT,15,1652627700,1.6232,1.6232,1.5974,1.6067
KNCUSDT,15,1652628600,1.6067,1.6067,1.5873,1.5965
KNCUSDT,15,1652629500,1.5965,1.6042,1.5782,1.5932
KNCUSDT,15,1652630400,1.5932,1.6007,1.5772,1.5829
KNCUSDT,15,1652631300,1.5829,1.5984,1.5822,1.5965
KNCUSDT,15,1652632200,1.5965,1.6193,1.5919,1.6167
KNCUSDT,15,1652633100,1.6167,1.6191,1.6065,1.6124
KNCUSDT,15,1652634000,1.6124,1.6172,1.6043,1.6159
KNCUSDT,15,1652634900,1.6159,1.6199,1.6113,1.6113
KNCUSDT,15,1652635800,1.6113,1.6128,1.5835,1.5843
KNCUSDT,15,1652636700,1.5843,1.5895,1.5761,1.5802
KNCUSDT,15,1652637600,1.5802,1.5836,1.5692,1.5783
KNCUSDT,15,1652638500,1.5783,1.5839,1.5717,1.5752
KNCUSDT,15,1652639400,1.5752,1.5999,1.5679,1.5999
KNCUSDT,15,1652640300,1.5999,1.6012,1.5813,1.5846
KNCUSDT,15,1652641200,1.5846,1.5852,1.57,1.5758
KNCUSDT,15,1652642100,1.5758,1.5811,1.5722,1.5735
KNCUSDT,15,1652643000,1.5735,1.5937,1.5735,1.5922
KNCUSDT,15,1652643900,1.5922,1.6152,1.5922,1.6149
KNCUSDT,15,1652644800,1.6149,1.6613,1.6104,1.6576
KNCUSDT,15,1652645700,1.6576,1.6621,1.6391,1.6438
KNCUSDT,15,1652646600,1.6438,1.6577,1.6368,1.656
KNCUSDT,15,1652647500,1.656,1.6691,1.6519,1.6636
KNCUSDT,15,1652648400,1.6636,1.6752,1.6598,1.6703
KNCUSDT,15,1652649300,1.6703,1.6794,1.659,1.6594
KNCUSDT,15,1652650200,1.6594,1.6656,1.6562,1.6641
KNCUSDT,15,1652651100,1.6641,1.6819,1.6631,1.6765
KNCUSDT,15,1669935600,0.6722,0.6746,0.6722,0.6738
KNCUSDT,15,1669935600,0.6722,0.6747,0.6722,0.6728
KNCUSDT,1,1669935600,0.6722,0.6746,0.6722,0.6746
KNCUSDT,1,1669935660,0.6746,0.6746,0.6738,0.6739
KNCUSDT,1,1669935720,0.6739,0.6747,0.6738,0.6739
KNCUSDT,1,1669935780,0.6739,0.674,0.6727,0.6727
KNCUSDT,1,1669935840,0.6727,0.6729,0.6727,0.6728
KNCUSDT,1,1669935900,0.6728,0.6728,0.6728,0.6728
