symbol,period,start_at,open,high,low,close
RUNEUSDT,15,1652565600,3.342,3.435,3.323,3.424
RUNEUSDT,15,1652566500,3.424,3.424,3.371,3.374
RUNEUSDT,15,1652567400,3.374,3.381,3.352,3.376
RUNEUSDT,15,1652568300,3.376,3.522,3.37,3.485
RUNEUSDT,15,1652569200,3.485,3.499,3.446,3.456
RUNEUSDT,15,1652570100,3.456,3.5,3.456,3.491
RUNEUSDT,15,1652571000,3.491,3.504,3.466,3.489
RUNEUSDT,15,1652571900,3.489,3.5,3.421,3.429
RUNEUSDT,15,1652572800,3.429,3.456,3.393,3.404
RUNEUSDT,15,1652573700,3.404,3.484,3.404,3.461
RUNEUSDT,15,1652574600,3.461,3.487,3.413,3.425
RUNEUSDT,15,1652575500,3.425,3.425,3.377,3.384
RUNEUSDT,15,1652576400,3.384,3.408,3.364,3.368
RUNEUSDT,15,1652577300,3.368,3.377,3.346,3.348
RUNEUSDT,15,1652578200,3.348,3.356,3.299,3.314
RUNEUSDT,15,1652579100,3.314,3.334,3.304,3.31
RUNEUSDT,15,1652580000,3.31,3.358,3.27,3.276
RUNEUSDT,15,1652580900,3.276,3.301,3.259,3.273
RUNEUSDT,15,1652581800,3.273,3.278,3.239,3.247
RUNEUSDT,15,1652582700,3.247,3.278,3.235,3.263
RUNEUSDT,15,1652583600,3.263,3.276,3.249,3.251
RUNEUSDT,15,1652584500,3.251,3.255,3.205,3.224
RUNEUSDT,15,1652585400,3.224,3.254,3.205,3.242
RUNEUSDT,15,1652586300,3.242,3.262,3.242,3.258
RUNEUSDT,15,1652587200,3.258,3.292,3.235,3.287
RUNEUSDT,15,1652588100,3.287,3.304,3.273,3.28
RUNEUSDT,15,1652589000,3.28,3.284,3.234,3.256
RUNEUSDT,15,1652589900,3.256,3.281,3.237,3.267
RUNEUSDT,15,1652590800,3.267,3.281,3.247,3.266
RUNEUSDT,15,1652591700,3.266,3.295,3.255,3.286
RUNEUSDT,15,1652592600,3.286,3.32,3.269,3.316
RUNEUSDT,15,1652593500,3.316,3.372,3.31,3.361
RUNEUSDT,15,1652594400,3.361,3.406,3.359,3.379
RUNEUSDT,15,1652595300,3.379,3.431,3.366,3.426
RUNEUSDT,15,1652596200,3.426,3.435,3.366,3.372
RUNEUSDT,15,1652597100,3.372,3.412,3.366,3.406
RUNEUSDT,15,1652598000,3.406,3.441,3.401,3.417
RUNEUSDT,15,1652598900,3.417,3.426,3.374,3.378
RUNEUSDT,15,1652599800,3.378,3.395,3.36,3.391
RUNEUSDT,15,1652600700,3.391,3.393,3.333,3.341
RUNEUSDT,15,1652601600,3.341,3.351,3.302,3.306
RUNEUSDT,15,1652602500,3.306,3.337,3.287,3.331
RUNEUSDT,15,1652603400,3.331,3.346,3.317,3.332
RUNEUSDT,15,1652604300,3.332,3.332,3.271,3.279
RUNEUSDT,15,1652605200,3.279,3.29,3.26,3.261
RUNEUSDT,15,1652606100,3.261,3.29,3.256,3.285
RUNEUSDT,15,1652607000,3.285,3.29,3.273,3.289
RUNEUSDT,15,1652607900,3.289,3.29,3.278,3.289
RUNEUSDT,15,1652608800,3.289,3.29,3.255,3.268
RUNEUSDT,15,1652609700,3.268,3.281,3.249,3.274
RUNEUSDT,15,1652610600,3.274,3.29,3.259,3.288
RUNEUSDT,15,1652611500,3.288,3.356,3.287,3.351
RUNEUSDT,15,1652612400,3.351,3.37,3.337,3.34
RUNEUSDT,15,1652613300,3.34,3.373,3.32,3.367
RUNEUSDT,15,1652614200,3.367,3.455,3.359,3.444
RUNEUSDT,15,1652615100,3.444,3.5,3.438,3.445
RUNEUSDT,15,1652616000,3.445,3.497,3.445,3.472
RUNEUSDT,15,1652616900,3.472,3.532,3.462,3.462
RUNEUSDT,15,1652617800,3.462,3.467,3.434,3.457
RUNEUSDT,15,1652618700,3.457,3.475,3.425,3.438
RUNEUSDT,15,1652619600,3.438,3.439,3.399,3.434
RUNEUSDT,15,1652620500,3.434,3.439,3.375,3.395
RUNEUSDT,15,1652621400,3.395,3.411,3.373,3.382
RUNEUSDT,15,1652622300,3.382,3.415,3.369,3.402
RUNEUSDT,15,1652623200,3.402,3.405,3.332,3.362
RUNEUSDT,15,1652624100,3.362,3.371,3.326,3.348
RUNEUSDT,15,1652625000,3.348,3.405,3.334,3.396
RUNEUSDT,15,1652625900,3.396,3.414,3.38,3.404
RUNEUSDT,15,1652626800,3.404,3.438,3.403,3.431
RUNEUSDT,15,1652627700,3.431,3.431,3.387,3.398
RUNEUSDT,15,1652628600,3.398,3.398,3.359,3.375
RUNEUSDT,15,1652629500,3.375,3.4,3.344,3.377
RUNEUSDT,15,1652630400,3.377,3.449,3.366,3.431
RUNEUSDT,15,1652631300,3.431,3.451,3.422,3.442
RUNEUSDT,15,1652632200,3.442,3.493,3.419,3.49
RUNEUSDT,15,1652633100,3.49,3.497,3.479,3.493
RUNEUSDT,15,1652634000,3.493,3.551,3.484,3.539
RUNEUSDT,15,1652634900,3.539,3.61,3.539,3.597
RUNEUSDT,15,1652635800,3.597,3.599,3.486,3.494
RUNEUSDT,15,1652636700,3.494,3.494,3.45,3.459
RUNEUSDT,15,1652637600,3.459,3.461,3.42,3.434
RUNEUSDT,15,1652638500,3.434,3.456,3.428,3.439
RUNEUSDT,15,1652639400,3.439,3.524,3.439,3.522
RUNEUSDT,15,1652640300,3.522,3.528,3.487,3.488
RUNEUSDT,15,1652641200,3.488,3.514,3.457,3.465
RUNEUSDT,15,1652642100,3.465,3.486,3.458,3.466
RUNEUSDT,15,1652643000,3.466,3.539,3.465,3.525
RUNEUSDT,15,1652643900,3.525,3.557,3.513,3.542
RUNEUSDT,15,1652644800,3.542,3.571,3.514,3.549
RUNEUSDT,15,1652645700,3.549,3.63,3.525,3.628
RUNEUSDT,15,1652646600,3.628,3.707,3.598,3.634
RUNEUSDT,15,1652647500,3.634,3.716,3.618,3.701
RUNEUSDT,15,1652648400,3.701,3.731,3.677,3.691
RUNEUSDT,15,1652649300,3.691,3.734,3.687,3.695
RUNEUSDT,15,1652650200,3.695,3.743,3.69,3.715
RUNEUSDT,15,1652651100,3.715,3.738,3.711,3.73
RUNEUSDT,15,1669935600,1.331,1.332,1.326,1.326
RUNEUSDT,15,1669935600,1.331,1.332,1.325,1.326
RUNEUSDT,1,1669935600,1.331,1.332,1.33,1.33
RUNEUSDT,1,1669935660,1.33,1.33,1.326,1.327
RUNEUSDT,1,1669935720,1.327,1.328,1.327,1.327
RUNEUSDT,1,1669935780,1.327,1.327,1.325,1.325
RUNEUSDT,1,1669935840,1.325,1.327,1.325,1.327
RUNEUSDT,1,1669935900,1.327,1.327,1.326,1.327
