symbol,period,start_at,open,high,low,close
CTKUSDT,15,1652565600,0.798,0.802,0.795,0.801
CTKUSDT,15,1652566500,0.801,0.801,0.798,0.798
CTKUSDT,15,1652567400,0.798,0.799,0.795,0.799
CTKUSDT,15,1652568300,0.799,0.818,0.799,0.817
CTKUSDT,15,1652569200,0.817,0.819,0.81,0.811
CTKUSDT,15,1652570100,0.811,0.815,0.809,0.815
CTKUSDT,15,1652571000,0.815,0.822,0.811,0.821
CTKUSDT,15,1652571900,0.821,0.823,0.817,0.818
CTKUSDT,15,1652572800,0.818,0.821,0.808,0.812
CTKUSDT,15,1652573700,0.812,0.823,0.811,0.819
CTKUSDT,15,1652574600,0.819,0.821,0.809,0.81
CTKUSDT,15,1652575500,0.81,0.815,0.808,0.814
CTKUSDT,15,1652576400,0.814,0.815,0.804,0.805
CTKUSDT,15,1652577300,0.805,0.808,0.804,0.807
CTKUSDT,15,1652578200,0.807,0.807,0.8,0.803
CTKUSDT,15,1652579100,0.803,0.808,0.801,0.807
CTKUSDT,15,1652580000,0.807,0.81,0.796,0.798
CTKUSDT,15,1652580900,0.798,0.798,0.789,0.79
CTKUSDT,15,1652581800,0.79,0.79,0.782,0.782
CTKUSDT,15,1652582700,0.782,0.784,0.78,0.783
CTKUSDT,15,1652583600,0.783,0.789,0.783,0.783
CTKUSDT,15,1652584500,0.783,0.785,0.778,0.782
CTKUSDT,15,1652585400,0.782,0.785,0.781,0.784
CTKUSDT,15,1652586300,0.784,0.784,0.781,0.782
CTKUSDT,15,1652587200,0.782,0.788,0.779,0.788
CTKUSDT,15,1652588100,0.788,0.792,0.785,0.791
CTKUSDT,15,1652589000,0.791,0.792,0.779,0.784
CTKUSDT,15,1652589900,0.784,0.788,0.784,0.786
CTKUSDT,15,1652590800,0.786,0.788,0.782,0.787
CTKUSDT,15,1652591700,0.787,0.793,0.786,0.791
CTKUSDT,15,1652592600,0.791,0.799,0.79,0.799
CTKUSDT,15,1652593500,0.799,0.802,0.795,0.802
CTKUSDT,15,1652594400,0.802,0.816,0.802,0.81
CTKUSDT,15,1652595300,0.81,0.816,0.808,0.813
CTKUSDT,15,1652596200,0.813,0.815,0.81,0.811
CTKUSDT,15,1652597100,0.811,0.817,0.809,0.815
CTKUSDT,15,1652598000,0.815,0.82,0.81,0.813
CTKUSDT,15,1652598900,0.813,0.814,0.808,0.808
CTKUSDT,15,1652599800,0.808,0.81,0.807,0.81
CTKUSDT,15,1652600700,0.81,0.81,0.8,0.801
CTKUSDT,15,1652601600,0.801,0.803,0.794,0.794
CTKUSDT,15,1652602500,0.794,0.796,0.791,0.795
CTKUSDT,15,1652603400,0.795,0.795,0.789,0.793
CTKUSDT,15,1652604300,0.793,0.793,0.788,0.789
CTKUSDT,15,1652605200,0.789,0.792,0.785,0.79
CTKUSDT,15,1652606100,0.79,0.796,0.79,0.793
CTKUSDT,15,1652607000,0.793,0.799,0.793,0.799
CTKUSDT,15,1652607900,0.799,0.8,0.796,0.798
CTKUSDT,15,1652608800,0.798,0.8,0.793,0.795
CTKUSDT,15,1652609700,0.795,0.799,0.793,0.799
CTKUSDT,15,1652610600,0.799,0.801,0.798,0.8
CTKUSDT,15,1652611500,0.8,0.807,0.8,0.805
CTKUSDT,15,1652612400,0.805,0.814,0.805,0.81
CTKUSDT,15,1652613300,0.81,0.814,0.805,0.812
CTKUSDT,15,1652614200,0.812,0.818,0.812,0.815
CTKUSDT,15,1652615100,0.815,0.823,0.815,0.82
CTKUSDT,15,1652616000,0.82,0.825,0.819,0.821
CTKUSDT,15,1652616900,0.821,0.827,0.82,0.826
CTKUSDT,15,1652617800,0.826,0.826,0.812,0.816
CTKUSDT,15,1652618700,0.816,0.819,0.797,0.8
CTKUSDT,15,1652619600,0.8,0.804,0.794,0.801
CTKUSDT,15,1652620500,0.801,0.814,0.801,0.81
CTKUSDT,15,1652621400,0.81,0.811,0.799,0.799
CTKUSDT,15,1652622300,0.799,0.804,0.796,0.8
CTKUSDT,15,1652623200,0.8,0.801,0.791,0.796
CTKUSDT,15,1652624100,0.796,0.801,0.795,0.799
CTKUSDT,15,1652625000,0.799,0.801,0.793,0.797
CTKUSDT,15,1652625900,0.797,0.8,0.796,0.796
CTKUSDT,15,1652626800,0.796,0.811,0.796,0.81
CTKUSDT,15,1652627700,0.81,0.81,0.801,0.802
CTKUSDT,15,1652628600,0.802,0.802,0.793,0.793
CTKUSDT,15,1652629500,0.793,0.796,0.785,0.794
CTKUSDT,15,1652630400,0.794,0.799,0.792,0.795
CTKUSDT,15,1652631300,0.795,0.801,0.795,0.799
CTKUSDT,15,1652632200,0.799,0.811,0.798,0.809
CTKUSDT,15,1652633100,0.809,0.809,0.804,0.804
CTKUSDT,15,1652634000,0.804,0.805,0.802,0.805
CTKUSDT,15,1652634900,0.805,0.806,0.802,0.803
CTKUSDT,15,1652635800,0.803,0.803,0.793,0.794
CTKUSDT,15,1652636700,0.794,0.795,0.788,0.788
CTKUSDT,15,1652637600,0.788,0.788,0.784,0.786
CTKUSDT,15,1652638500,0.786,0.79,0.784,0.789
CTKUSDT,15,1652639400,0.789,0.793,0.787,0.793
CTKUSDT,15,1652640300,0.793,0.796,0.792,0.794
CTKUSDT,15,1652641200,0.794,0.794,0.784,0.787
CTKUSDT,15,1652642100,0.787,0.791,0.787,0.79
CTKUSDT,15,1652643000,0.79,0.792,0.788,0.791
CTKUSDT,15,1652643900,0.791,0.798,0.79,0.798
CTKUSDT,15,1652644800,0.798,0.805,0.792,0.802
CTKUSDT,15,1652645700,0.802,0.807,0.801,0.806
CTKUSDT,15,1652646600,0.806,0.81,0.805,0.808
CTKUSDT,15,1652647500,0.808,0.813,0.806,0.813
CTKUSDT,15,1652648400,0.813,0.816,0.809,0.81
CTKUSDT,15,1652649300,0.81,0.813,0.809,0.811
CTKUSDT,15,1652650200,0.811,0.816,0.811,0.816
CTKUSDT,15,1652651100,0.816,0.817,0.814,0.816
CTKUSDT,15,1669935600,0.776,0.776,0.776,0.776
CTKUSDT,15,1669935600,0.776,0.777,0.776,0.777
CTKUSDT,1,1669935600,0.776,0.776,0.776,0.776
CTKUSDT,1,1669935660,0.776,0.777,0.776,0.777
CTKUSDT,1,1669935720,0.777,0.777,0.777,0.777
CTKUSDT,1,1669935780,0.777,0.777,0.777,0.777
CTKUSDT,1,1669935840,0.777,0.777,0.777,0.777
CTKUSDT,1,1669935900,0.777,0.777,0.776,0.776
