symbol,period,start_at,open,high,low,close
JSTUSDT,15,1652565600,0.04044,0.04054,0.04029,0.04054
JSTUSDT,15,1652566500,0.04054,0.0406,0.0405,0.04051
JSTUSDT,15,1652567400,0.04051,0.04085,0.04047,0.04084
JSTUSDT,15,1652568300,0.04084,0.04146,0.04073,0.04143
JSTUSDT,15,1652569200,0.04143,0.04163,0.04128,0.0413
JSTUSDT,15,1652570100,0.0413,0.04176,0.0413,0.04175
JSTUSDT,15,1652571000,0.04175,0.04188,0.04166,0.04177
JSTUSDT,15,1652571900,0.04177,0.04201,0.04165,0.04194
JSTUSDT,15,1652572800,0.04194,0.04194,0.04104,0.04104
JSTUSDT,15,1652573700,0.04104,0.04183,0.04104,0.04154
JSTUSDT,15,1652574600,0.04154,0.04161,0.04112,0.04114
JSTUSDT,15,1652575500,0.04114,0.04115,0.04084,0.04096
JSTUSDT,15,1652576400,0.04096,0.04109,0.04089,0.04103
JSTUSDT,15,1652577300,0.04103,0.04117,0.04101,0.04102
JSTUSDT,15,1652578200,0.04102,0.04106,0.04077,0.04095
JSTUSDT,15,1652579100,0.04095,0.04115,0.04092,0.04111
JSTUSDT,15,1652580000,0.04111,0.04122,0.04065,0.04068
JSTUSDT,15,1652580900,0.04068,0.04085,0.04065,0.04067
JSTUSDT,15,1652581800,0.04067,0.04071,0.04054,0.04056
JSTUSDT,15,1652582700,0.04056,0.04074,0.04052,0.04064
JSTUSDT,15,1652583600,0.04064,0.04067,0.04057,0.04062
JSTUSDT,15,1652584500,0.04062,0.04063,0.04025,0.04027
JSTUSDT,15,1652585400,0.04027,0.04046,0.04019,0.04043
JSTUSDT,15,1652586300,0.04043,0.04061,0.04043,0.04059
JSTUSDT,15,1652587200,0.04059,0.04092,0.04046,0.04091
JSTUSDT,15,1652588100,0.04091,0.04091,0.04055,0.04063
JSTUSDT,15,1652589000,0.04063,0.04065,0.04007,0.04025
JSTUSDT,15,1652589900,0.04025,0.04055,0.04024,0.04043
JSTUSDT,15,1652590800,0.04043,0.04043,0.04023,0.04039
JSTUSDT,15,1652591700,0.04039,0.04325,0.04038,0.04106
JSTUSDT,15,1652592600,0.04106,0.04134,0.0409,0.04132
JSTUSDT,15,1652593500,0.04132,0.04201,0.04124,0.04143
JSTUSDT,15,1652594400,0.04143,0.04176,0.04141,0.04161
JSTUSDT,15,1652595300,0.04161,0.0418,0.0415,0.04174
JSTUSDT,15,1652596200,0.04174,0.04189,0.04149,0.04154
JSTUSDT,15,1652597100,0.04154,0.0418,0.04149,0.0418
JSTUSDT,15,1652598000,0.0418,0.04193,0.04121,0.04136
JSTUSDT,15,1652598900,0.04136,0.04151,0.0412,0.04121
JSTUSDT,15,1652599800,0.04121,0.04122,0.04104,0.04104
JSTUSDT,15,1652600700,0.04104,0.04111,0.04089,0.04095
JSTUSDT,15,1652601600,0.04095,0.04108,0.04083,0.04084
JSTUSDT,15,1652602500,0.04084,0.04089,0.04065,0.0408
JSTUSDT,15,1652603400,0.0408,0.04342,0.0408,0.04177
JSTUSDT,15,1652604300,0.04177,0.04183,0.04102,0.04133
JSTUSDT,15,1652605200,0.04133,0.04139,0.04096,0.04104
JSTUSDT,15,1652606100,0.04104,0.04127,0.04076,0.04101
JSTUSDT,15,1652607000,0.04101,0.0412,0.04101,0.0412
JSTUSDT,15,1652607900,0.0412,0.04132,0.0411,0.04123
JSTUSDT,15,1652608800,0.04123,0.04131,0.04098,0.04104
JSTUSDT,15,1652609700,0.04104,0.04116,0.04101,0.04114
JSTUSDT,15,1652610600,0.04114,0.04139,0.04102,0.04134
JSTUSDT,15,1652611500,0.04134,0.04171,0.04128,0.04164
JSTUSDT,15,1652612400,0.04164,0.04164,0.04139,0.04144
JSTUSDT,15,1652613300,0.04144,0.0415,0.04129,0.04146
JSTUSDT,15,1652614200,0.04146,0.04184,0.04144,0.0417
JSTUSDT,15,1652615100,0.0417,0.04205,0.0417,0.04184
JSTUSDT,15,1652616000,0.04184,0.04222,0.04183,0.04204
JSTUSDT,15,1652616900,0.04204,0.04222,0.0419,0.04197
JSTUSDT,15,1652617800,0.04197,0.04198,0.04168,0.04198
JSTUSDT,15,1652618700,0.04198,0.04202,0.04171,0.0418
JSTUSDT,15,1652619600,0.0418,0.04193,0.04164,0.04193
JSTUSDT,15,1652620500,0.04193,0.04195,0.04139,0.04151
JSTUSDT,15,1652621400,0.04151,0.04153,0.04118,0.04119
JSTUSDT,15,1652622300,0.04119,0.0413,0.04111,0.04128
JSTUSDT,15,1652623200,0.04128,0.04135,0.04085,0.041
JSTUSDT,15,1652624100,0.041,0.04102,0.04036,0.04043
JSTUSDT,15,1652625000,0.04043,0.0407,0.04029,0.04069
JSTUSDT,15,1652625900,0.04069,0.04083,0.04062,0.04067
JSTUSDT,15,1652626800,0.04067,0.04118,0.04067,0.04113
JSTUSDT,15,1652627700,0.04113,0.04113,0.04084,0.04086
JSTUSDT,15,1652628600,0.04086,0.0409,0.04067,0.04073
JSTUSDT,15,1652629500,0.04073,0.04083,0.04048,0.0407
JSTUSDT,15,1652630400,0.0407,0.04084,0.04058,0.04062
JSTUSDT,15,1652631300,0.04062,0.04089,0.04059,0.04085
JSTUSDT,15,1652632200,0.04085,0.04121,0.04085,0.04116
JSTUSDT,15,1652633100,0.04116,0.04116,0.04095,0.0411
JSTUSDT,15,1652634000,0.0411,0.04117,0.04103,0.04116
JSTUSDT,15,1652634900,0.04116,0.04123,0.0411,0.04112
JSTUSDT,15,1652635800,0.04112,0.04113,0.04096,0.04097
JSTUSDT,15,1652636700,0.04097,0.04098,0.04073,0.04077
JSTUSDT,15,1652637600,0.04077,0.04091,0.0407,0.04091
JSTUSDT,15,1652638500,0.04091,0.04108,0.04091,0.04106
JSTUSDT,15,1652639400,0.04106,0.04154,0.04106,0.04154
JSTUSDT,15,1652640300,0.04154,0.04157,0.04133,0.04153
JSTUSDT,15,1652641200,0.04153,0.04157,0.04131,0.04157
JSTUSDT,15,1652642100,0.04157,0.04163,0.0415,0.04152
JSTUSDT,15,1652643000,0.04152,0.04169,0.04141,0.04149
JSTUSDT,15,1652643900,0.04149,0.0418,0.04149,0.04176
JSTUSDT,15,1652644800,0.04176,0.04234,0.04145,0.04205
JSTUSDT,15,1652645700,0.04205,0.04228,0.04197,0.04211
JSTUSDT,15,1652646600,0.04211,0.0422,0.04202,0.04217
JSTUSDT,15,1652647500,0.04217,0.04232,0.04212,0.04231
JSTUSDT,15,1652648400,0.04231,0.0425,0.04231,0.04246
JSTUSDT,15,1652649300,0.04246,0.04246,0.04219,0.04219
JSTUSDT,15,1652650200,0.04219,0.0423,0.04217,0.04227
JSTUSDT,15,1652651100,0.04227,0.04252,0.04227,0.04251
JSTUSDT,15,1669935600,0.02264,0.02265,0.02263,0.02264
JSTUSDT,15,1669935600,0.02264,0.02265,0.02263,0.02264
JSTUSDT,1,1669935600,0.02264,0.02265,0.02263,0.02265
JSTUSDT,1,1669935660,0.02265,0.02265,0.02264,0.02264
JSTUSDT,1,1669935720,0.02264,0.02265,0.02264,0.02265
JSTUSDT,1,1669935780,0.02265,0.02265,0.02263,0.02263
JSTUSDT,1,1669935840,0.02263,0.02263,0.02263,0.02263
JSTUSDT,1,1669935900,0.02263,0.02264,0.02263,0.02264
