symbol,period,start_at,open,high,low,close
UNIUSDT,15,1652565600,5.093,5.137,5.075,5.126
UNIUSDT,15,1652566500,5.126,5.13,5.091,5.091
UNIUSDT,15,1652567400,5.091,5.105,5.06,5.1
UNIUSDT,15,1652568300,5.1,5.197,5.098,5.157
UNIUSDT,15,1652569200,5.157,5.18,5.131,5.147
UNIUSDT,15,1652570100,5.147,5.185,5.126,5.181
UNIUSDT,15,1652571000,5.181,5.201,5.149,5.192
UNIUSDT,15,1652571900,5.192,5.215,5.167,5.171
UNIUSDT,15,1652572800,5.171,5.212,5.135,5.155
UNIUSDT,15,1652573700,5.155,5.248,5.155,5.212
UNIUSDT,15,1652574600,5.212,5.233,5.16,5.188
UNIUSDT,15,1652575500,5.188,5.188,5.145,5.158
UNIUSDT,15,1652576400,5.158,5.169,5.091,5.099
UNIUSDT,15,1652577300,5.099,5.117,5.069,5.07
UNIUSDT,15,1652578200,5.07,5.095,5.052,5.088
UNIUSDT,15,1652579100,5.088,5.13,5.079,5.102
UNIUSDT,15,1652580000,5.102,5.124,5.024,5.034
UNIUSDT,15,1652580900,5.034,5.071,4.998,5.018
UNIUSDT,15,1652581800,5.018,5.051,5.008,5.011
UNIUSDT,15,1652582700,5.011,5.056,4.989,5.028
UNIUSDT,15,1652583600,5.028,5.068,5.027,5.03
UNIUSDT,15,1652584500,5.03,5.03,4.979,5.002
UNIUSDT,15,1652585400,5.002,5.03,4.985,5.021
UNIUSDT,15,1652586300,5.021,5.045,5.019,5.041
UNIUSDT,15,1652587200,5.041,5.093,5.014,5.08
UNIUSDT,15,1652588100,5.08,5.103,5.062,5.074
UNIUSDT,15,1652589000,5.074,5.082,5.0,5.039
UNIUSDT,15,1652589900,5.039,5.074,5.023,5.058
UNIUSDT,15,1652590800,5.058,5.087,5.03,5.06
UNIUSDT,15,1652591700,5.06,5.097,5.054,5.089
UNIUSDT,15,1652592600,5.089,5.152,5.084,5.149
UNIUSDT,15,1652593500,5.149,5.212,5.138,5.18
UNIUSDT,15,1652594400,5.18,5.207,5.151,5.153
UNIUSDT,15,1652595300,5.153,5.203,5.14,5.19
UNIUSDT,15,1652596200,5.19,5.192,5.146,5.156
UNIUSDT,15,1652597100,5.156,5.205,5.143,5.183
UNIUSDT,15,1652598000,5.183,5.223,5.175,5.2
UNIUSDT,15,1652598900,5.2,5.217,5.172,5.184
UNIUSDT,15,1652599800,5.184,5.194,5.171,5.184
UNIUSDT,15,1652600700,5.184,5.187,5.13,5.137
UNIUSDT,15,1652601600,5.137,5.161,5.114,5.12
UNIUSDT,15,1652602500,5.12,5.155,5.09,5.132
UNIUSDT,15,1652603400,5.132,5.161,5.123,5.148
UNIUSDT,15,1652604300,5.148,5.149,5.106,5.116
UNIUSDT,15,1652605200,5.116,5.134,5.098,5.111
UNIUSDT,15,1652606100,5.111,5.178,5.108,5.151
UNIUSDT,15,1652607000,5.151,5.173,5.145,5.168
UNIUSDT,15,1652607900,5.168,5.184,5.151,5.178
UNIUSDT,15,1652608800,5.178,5.204,5.139,5.145
UNIUSDT,15,1652609700,5.145,5.151,5.12,5.139
UNIUSDT,15,1652610600,5.139,5.187,5.122,5.17
UNIUSDT,15,1652611500,5.17,5.263,5.163,5.251
UNIUSDT,15,1652612400,5.251,5.273,5.225,5.233
UNIUSDT,15,1652613300,5.233,5.258,5.201,5.234
UNIUSDT,15,1652614200,5.234,5.296,5.226,5.266
UNIUSDT,15,1652615100,5.266,5.304,5.263,5.288
UNIUSDT,15,1652616000,5.288,5.344,5.286,5.313
UNIUSDT,15,1652616900,5.313,5.346,5.268,5.274
UNIUSDT,15,1652617800,5.274,5.302,5.255,5.296
UNIUSDT,15,1652618700,5.296,5.318,5.269,5.284
UNIUSDT,15,1652619600,5.284,5.319,5.251,5.319
UNIUSDT,15,1652620500,5.319,5.332,5.252,5.264
UNIUSDT,15,1652621400,5.264,5.299,5.25,5.275
UNIUSDT,15,1652622300,5.275,5.276,5.218,5.232
UNIUSDT,15,1652623200,5.232,5.253,5.18,5.21
UNIUSDT,15,1652624100,5.21,5.221,5.166,5.186
UNIUSDT,15,1652625000,5.186,5.22,5.159,5.205
UNIUSDT,15,1652625900,5.205,5.25,5.202,5.24
UNIUSDT,15,1652626800,5.24,5.307,5.237,5.3
UNIUSDT,15,1652627700,5.3,5.3,5.257,5.268
UNIUSDT,15,1652628600,5.268,5.27,5.202,5.211
UNIUSDT,15,1652629500,5.211,5.234,5.177,5.228
UNIUSDT,15,1652630400,5.228,5.258,5.203,5.231
UNIUSDT,15,1652631300,5.231,5.259,5.23,5.253
UNIUSDT,15,1652632200,5.253,5.34,5.23,5.329
UNIUSDT,15,1652633100,5.329,5.352,5.313,5.33
UNIUSDT,15,1652634000,5.33,5.37,5.327,5.33
UNIUSDT,15,1652634900,5.33,5.344,5.315,5.332
UNIUSDT,15,1652635800,5.332,5.332,5.256,5.267
UNIUSDT,15,1652636700,5.267,5.267,5.214,5.229
UNIUSDT,15,1652637600,5.229,5.268,5.192,5.263
UNIUSDT,15,1652638500,5.263,5.28,5.219,5.234
UNIUSDT,15,1652639400,5.234,5.283,5.221,5.282
UNIUSDT,15,1652640300,5.282,5.29,5.238,5.256
UNIUSDT,15,1652641200,5.256,5.256,5.174,5.2
UNIUSDT,15,1652642100,5.2,5.21,5.179,5.192
UNIUSDT,15,1652643000,5.192,5.214,5.178,5.189
UNIUSDT,15,1652643900,5.189,5.245,5.186,5.239
UNIUSDT,15,1652644800,5.239,5.326,5.208,5.308
UNIUSDT,15,1652645700,5.308,5.321,5.268,5.285
UNIUSDT,15,1652646600,5.285,5.313,5.263,5.301
UNIUSDT,15,1652647500,5.301,5.344,5.29,5.33
UNIUSDT,15,1652648400,5.33,5.371,5.323,5.331
UNIUSDT,15,1652649300,5.331,5.359,5.32,5.32
UNIUSDT,15,1652650200,5.32,5.374,5.32,5.355
UNIUSDT,15,1652651100,5.355,5.385,5.347,5.381
UNIUSDT,15,1669935600,5.905,5.92,5.905,5.919
UNIUSDT,15,1669935600,5.905,5.923,5.903,5.903
UNIUSDT,1,1669935600,5.905,5.914,5.905,5.911
UNIUSDT,1,1669935660,5.911,5.919,5.911,5.919
UNIUSDT,1,1669935720,5.919,5.923,5.915,5.917
UNIUSDT,1,1669935780,5.917,5.919,5.908,5.909
UNIUSDT,1,1669935840,5.909,5.91,5.904,5.907
UNIUSDT,1,1669935900,5.907,5.907,5.903,5.903
