symbol,period,start_at,open,high,low,close
TRXUSDT,15,1652565600,0.07194,0.07214,0.07165,0.07212
TRXUSDT,15,1652566500,0.07212,0.07215,0.07172,0.07172
TRXUSDT,15,1652567400,0.07172,0.07213,0.07168,0.07211
TRXUSDT,15,1652568300,0.07211,0.07279,0.07201,0.07271
TRXUSDT,15,1652569200,0.07271,0.0728,0.07212,0.07219
TRXUSDT,15,1652570100,0.07219,0.07261,0.07219,0.07255
TRXUSDT,15,1652571000,0.07255,0.07266,0.07229,0.07252
TRXUSDT,15,1652571900,0.07252,0.07269,0.07232,0.07246
TRXUSDT,15,1652572800,0.07246,0.07247,0.07168,0.0717
TRXUSDT,15,1652573700,0.0717,0.07244,0.0717,0.07233
TRXUSDT,15,1652574600,0.07233,0.07242,0.07139,0.07145
TRXUSDT,15,1652575500,0.07145,0.07145,0.07087,0.07098
TRXUSDT,15,1652576400,0.07098,0.0711,0.0706,0.07063
TRXUSDT,15,1652577300,0.07063,0.07095,0.07063,0.07082
TRXUSDT,15,1652578200,0.07082,0.07091,0.07044,0.07052
TRXUSDT,15,1652579100,0.07052,0.07096,0.07045,0.07083
TRXUSDT,15,1652580000,0.07083,0.07098,0.07042,0.07047
TRXUSDT,15,1652580900,0.07047,0.07064,0.07035,0.07043
TRXUSDT,15,1652581800,0.07043,0.07062,0.07041,0.07054
TRXUSDT,15,1652582700,0.07054,0.07088,0.07045,0.07071
TRXUSDT,15,1652583600,0.07071,0.07083,0.0704,0.07043
TRXUSDT,15,1652584500,0.07043,0.07053,0.07003,0.07013
TRXUSDT,15,1652585400,0.07013,0.07045,0.06998,0.07045
TRXUSDT,15,1652586300,0.07045,0.07055,0.07042,0.07047
TRXUSDT,15,1652587200,0.07047,0.07061,0.07022,0.07054
TRXUSDT,15,1652588100,0.07054,0.07054,0.07022,0.07033
TRXUSDT,15,1652589000,0.07033,0.07035,0.06972,0.06993
TRXUSDT,15,1652589900,0.06993,0.07005,0.06979,0.06979
TRXUSDT,15,1652590800,0.06979,0.06986,0.06947,0.06962
TRXUSDT,15,1652591700,0.06962,0.07008,0.06959,0.06984
TRXUSDT,15,1652592600,0.06984,0.07019,0.06984,0.07018
TRXUSDT,15,1652593500,0.07018,0.0703,0.06995,0.07001
TRXUSDT,15,1652594400,0.07001,0.07018,0.06999,0.07002
TRXUSDT,15,1652595300,0.07002,0.0701,0.06993,0.06997
TRXUSDT,15,1652596200,0.06997,0.07002,0.06974,0.06975
TRXUSDT,15,1652597100,0.06975,0.07018,0.06966,0.07016
TRXUSDT,15,1652598000,0.07016,0.07047,0.07004,0.07009
TRXUSDT,15,1652598900,0.07009,0.07019,0.06965,0.06966
TRXUSDT,15,1652599800,0.06966,0.06966,0.06923,0.06955
TRXUSDT,15,1652600700,0.06955,0.0696,0.0693,0.06937
TRXUSDT,15,1652601600,0.06937,0.06963,0.06923,0.06925
TRXUSDT,15,1652602500,0.06925,0.06931,0.06883,0.06899
TRXUSDT,15,1652603400,0.06899,0.06912,0.06885,0.06886
TRXUSDT,15,1652604300,0.06886,0.06887,0.06846,0.06856
TRXUSDT,15,1652605200,0.06856,0.0687,0.06842,0.06855
TRXUSDT,15,1652606100,0.06855,0.06906,0.06849,0.06881
TRXUSDT,15,1652607000,0.06881,0.06891,0.06859,0.06868
TRXUSDT,15,1652607900,0.06868,0.06876,0.06829,0.06839
TRXUSDT,15,1652608800,0.06839,0.06844,0.06793,0.06825
TRXUSDT,15,1652609700,0.06825,0.06844,0.06817,0.06833
TRXUSDT,15,1652610600,0.06833,0.06855,0.06819,0.06837
TRXUSDT,15,1652611500,0.06837,0.06937,0.06818,0.06925
TRXUSDT,15,1652612400,0.06925,0.06932,0.0689,0.06898
TRXUSDT,15,1652613300,0.06898,0.06933,0.06865,0.06932
TRXUSDT,15,1652614200,0.06932,0.07008,0.06928,0.06982
TRXUSDT,15,1652615100,0.06982,0.07036,0.06976,0.07
TRXUSDT,15,1652616000,0.07,0.0705,0.06998,0.07031
TRXUSDT,15,1652616900,0.07031,0.07077,0.07013,0.07016
TRXUSDT,15,1652617800,0.07016,0.07019,0.06956,0.06997
TRXUSDT,15,1652618700,0.06997,0.07008,0.0696,0.06971
TRXUSDT,15,1652619600,0.06971,0.07,0.06959,0.06998
TRXUSDT,15,1652620500,0.06998,0.07011,0.06948,0.06958
TRXUSDT,15,1652621400,0.06958,0.06961,0.06916,0.06919
TRXUSDT,15,1652622300,0.06919,0.06923,0.06889,0.06894
TRXUSDT,15,1652623200,0.06894,0.06907,0.06842,0.06853
TRXUSDT,15,1652624100,0.06853,0.06861,0.06777,0.06795
TRXUSDT,15,1652625000,0.06795,0.06843,0.06781,0.06836
TRXUSDT,15,1652625900,0.06836,0.06851,0.06815,0.06825
TRXUSDT,15,1652626800,0.06825,0.06895,0.06821,0.06885
TRXUSDT,15,1652627700,0.06885,0.06895,0.06853,0.06867
TRXUSDT,15,1652628600,0.06867,0.0687,0.06825,0.06833
TRXUSDT,15,1652629500,0.06833,0.06845,0.06795,0.06831
TRXUSDT,15,1652630400,0.06831,0.06854,0.06818,0.06838
TRXUSDT,15,1652631300,0.06838,0.06882,0.06827,0.06869
TRXUSDT,15,1652632200,0.06869,0.06892,0.06848,0.06868
TRXUSDT,15,1652633100,0.06868,0.06884,0.06837,0.06881
TRXUSDT,15,1652634000,0.06881,0.069,0.06872,0.06896
TRXUSDT,15,1652634900,0.06896,0.06905,0.0688,0.06891
TRXUSDT,15,1652635800,0.06891,0.06892,0.06863,0.06868
TRXUSDT,15,1652636700,0.06868,0.0688,0.0685,0.06859
TRXUSDT,15,1652637600,0.06859,0.06886,0.06843,0.06885
TRXUSDT,15,1652638500,0.06885,0.06916,0.06884,0.06913
TRXUSDT,15,1652639400,0.06913,0.07,0.06911,0.07
TRXUSDT,15,1652640300,0.07,0.07026,0.06981,0.07018
TRXUSDT,15,1652641200,0.07018,0.07028,0.06992,0.07005
TRXUSDT,15,1652642100,0.07005,0.07017,0.06981,0.07006
TRXUSDT,15,1652643000,0.07006,0.07043,0.07005,0.07036
TRXUSDT,15,1652643900,0.07036,0.07061,0.07027,0.0705
TRXUSDT,15,1652644800,0.0705,0.07204,0.07013,0.07164
TRXUSDT,15,1652645700,0.07164,0.07177,0.07111,0.07155
TRXUSDT,15,1652646600,0.07155,0.07177,0.07141,0.07158
TRXUSDT,15,1652647500,0.07158,0.07165,0.07142,0.07152
TRXUSDT,15,1652648400,0.07152,0.07177,0.07145,0.07166
TRXUSDT,15,1652649300,0.07166,0.07166,0.07114,0.07116
TRXUSDT,15,1652650200,0.07116,0.07141,0.0711,0.07132
TRXUSDT,15,1652651100,0.07132,0.07155,0.07123,0.07153
TRXUSDT,15,1669935600,0.05419,0.05425,0.05418,0.05423
TRXUSDT,15,1669935600,0.05419,0.05425,0.05418,0.05419
TRXUSDT,1,1669935600,0.05419,0.05425,0.05418,0.05424
TRXUSDT,1,1669935660,0.05424,0.05424,0.05423,0.05423
TRXUSDT,1,1669935720,0.05423,0.05423,0.05422,0.05423
TRXUSDT,1,1669935780,0.05423,0.05423,0.05418,0.05418
TRXUSDT,1,1669935840,0.05418,0.0542,0.05418,0.05419
TRXUSDT,1,1669935900,0.05419,0.0542,0.05418,0.05418
