symbol,period,start_at,open,high,low,close
RENUSDT,15,1652565600,0.1603,0.1606,0.1593,0.1605
RENUSDT,15,1652566500,0.1605,0.1612,0.159,0.159
RENUSDT,15,1652567400,0.159,0.1593,0.1584,0.159
RENUSDT,15,1652568300,0.159,0.1623,0.159,0.1616
RENUSDT,15,1652569200,0.1616,0.1628,0.1614,0.1614
RENUSDT,15,1652570100,0.1614,0.1635,0.1611,0.1633
RENUSDT,15,1652571000,0.1633,0.1636,0.1625,0.1636
RENUSDT,15,1652571900,0.1636,0.1645,0.1629,0.1632
RENUSDT,15,1652572800,0.1632,0.1632,0.1602,0.1604
RENUSDT,15,1652573700,0.1604,0.1625,0.1604,0.1618
RENUSDT,15,1652574600,0.1618,0.1621,0.1597,0.1601
RENUSDT,15,1652575500,0.1601,0.1602,0.1593,0.1598
RENUSDT,15,1652576400,0.1598,0.16,0.1582,0.1585
RENUSDT,15,1652577300,0.1585,0.1591,0.1582,0.1583
RENUSDT,15,1652578200,0.1583,0.1589,0.1581,0.1586
RENUSDT,15,1652579100,0.1586,0.1594,0.1585,0.1588
RENUSDT,15,1652580000,0.1588,0.1592,0.1566,0.1567
RENUSDT,15,1652580900,0.1567,0.1568,0.1551,0.1556
RENUSDT,15,1652581800,0.1556,0.1557,0.1538,0.1541
RENUSDT,15,1652582700,0.1541,0.1546,0.1538,0.1544
RENUSDT,15,1652583600,0.1544,0.1549,0.154,0.1541
RENUSDT,15,1652584500,0.1541,0.1543,0.1527,0.1532
RENUSDT,15,1652585400,0.1532,0.1544,0.1529,0.1543
RENUSDT,15,1652586300,0.1543,0.1549,0.1542,0.1547
RENUSDT,15,1652587200,0.1547,0.1557,0.1542,0.1556
RENUSDT,15,1652588100,0.1556,0.156,0.1553,0.1555
RENUSDT,15,1652589000,0.1555,0.1559,0.154,0.1547
RENUSDT,15,1652589900,0.1547,0.1552,0.1544,0.1549
RENUSDT,15,1652590800,0.1549,0.155,0.1541,0.1548
RENUSDT,15,1652591700,0.1548,0.1563,0.1547,0.1563
RENUSDT,15,1652592600,0.1563,0.1577,0.1562,0.1577
RENUSDT,15,1652593500,0.1577,0.1596,0.1575,0.1592
RENUSDT,15,1652594400,0.1592,0.1596,0.1585,0.1586
RENUSDT,15,1652595300,0.1586,0.1597,0.1584,0.1596
RENUSDT,15,1652596200,0.1596,0.1597,0.1588,0.1588
RENUSDT,15,1652597100,0.1588,0.1596,0.1586,0.1595
RENUSDT,15,1652598000,0.1595,0.1608,0.1595,0.1602
RENUSDT,15,1652598900,0.1602,0.1605,0.1595,0.1597
RENUSDT,15,1652599800,0.1597,0.1599,0.1595,0.1598
RENUSDT,15,1652600700,0.1598,0.1599,0.158,0.1582
RENUSDT,15,1652601600,0.1582,0.1582,0.156,0.1561
RENUSDT,15,1652602500,0.1561,0.1563,0.1553,0.1558
RENUSDT,15,1652603400,0.1558,0.1596,0.1557,0.158
RENUSDT,15,1652604300,0.158,0.1602,0.158,0.1593
RENUSDT,15,1652605200,0.1593,0.1594,0.1566,0.1566
RENUSDT,15,1652606100,0.1566,0.1573,0.1563,0.1565
RENUSDT,15,1652607000,0.1565,0.1572,0.156,0.1568
RENUSDT,15,1652607900,0.1568,0.1573,0.1567,0.1572
RENUSDT,15,1652608800,0.1572,0.1576,0.1562,0.1562
RENUSDT,15,1652609700,0.1562,0.1563,0.1555,0.1556
RENUSDT,15,1652610600,0.1556,0.156,0.1552,0.156
RENUSDT,15,1652611500,0.156,0.1587,0.1559,0.1587
RENUSDT,15,1652612400,0.1587,0.1596,0.1586,0.1594
RENUSDT,15,1652613300,0.1594,0.16,0.1586,0.1598
RENUSDT,15,1652614200,0.1598,0.1618,0.1598,0.1616
RENUSDT,15,1652615100,0.1616,0.1637,0.1616,0.1628
RENUSDT,15,1652616000,0.1628,0.164,0.1628,0.1631
RENUSDT,15,1652616900,0.1631,0.1641,0.1617,0.1617
RENUSDT,15,1652617800,0.1617,0.1619,0.1606,0.1619
RENUSDT,15,1652618700,0.1619,0.1624,0.1604,0.1606
RENUSDT,15,1652619600,0.1606,0.1608,0.1598,0.1608
RENUSDT,15,1652620500,0.1608,0.1612,0.1588,0.1589
RENUSDT,15,1652621400,0.1589,0.1596,0.1586,0.159
RENUSDT,15,1652622300,0.159,0.1595,0.1583,0.1591
RENUSDT,15,1652623200,0.1591,0.1594,0.1566,0.1575
RENUSDT,15,1652624100,0.1575,0.1577,0.1561,0.1567
RENUSDT,15,1652625000,0.1567,0.1576,0.1557,0.1576
RENUSDT,15,1652625900,0.1576,0.1583,0.1574,0.1582
RENUSDT,15,1652626800,0.1582,0.1603,0.1582,0.1601
RENUSDT,15,1652627700,0.1601,0.1601,0.1592,0.1596
RENUSDT,15,1652628600,0.1596,0.1597,0.158,0.1582
RENUSDT,15,1652629500,0.1582,0.1583,0.1563,0.1572
RENUSDT,15,1652630400,0.1572,0.1577,0.1565,0.1568
RENUSDT,15,1652631300,0.1568,0.1578,0.1568,0.1576
RENUSDT,15,1652632200,0.1576,0.1607,0.1575,0.1607
RENUSDT,15,1652633100,0.1607,0.1614,0.1605,0.1609
RENUSDT,15,1652634000,0.1609,0.1612,0.1603,0.1609
RENUSDT,15,1652634900,0.1609,0.1613,0.1605,0.1605
RENUSDT,15,1652635800,0.1605,0.1605,0.1588,0.1593
RENUSDT,15,1652636700,0.1593,0.161,0.1592,0.1608
RENUSDT,15,1652637600,0.1608,0.1627,0.1603,0.1627
RENUSDT,15,1652638500,0.1627,0.1635,0.1613,0.1613
RENUSDT,15,1652639400,0.1613,0.1614,0.1601,0.161
RENUSDT,15,1652640300,0.161,0.162,0.1608,0.1618
RENUSDT,15,1652641200,0.1618,0.1621,0.1607,0.1614
RENUSDT,15,1652642100,0.1614,0.1628,0.1614,0.1622
RENUSDT,15,1652643000,0.1622,0.1634,0.1622,0.1632
RENUSDT,15,1652643900,0.1632,0.1644,0.1632,0.1641
RENUSDT,15,1652644800,0.1641,0.1665,0.1636,0.1659
RENUSDT,15,1652645700,0.1659,0.167,0.1651,0.1663
RENUSDT,15,1652646600,0.1663,0.1667,0.1656,0.1667
RENUSDT,15,1652647500,0.1667,0.1676,0.1665,0.1672
RENUSDT,15,1652648400,0.1672,0.168,0.167,0.1674
RENUSDT,15,1652649300,0.1674,0.1674,0.1664,0.1667
RENUSDT,15,1652650200,0.1667,0.1677,0.1666,0.1675
RENUSDT,15,1652651100,0.1675,0.1693,0.1674,0.1693
RENUSDT,15,1669935600,0.1047,0.1049,0.1045,0.1046
RENUSDT,15,1669935600,0.1047,0.1049,0.1045,0.1045
RENUSDT,1,1669935600,0.1047,0.1049,0.1047,0.1049
RENUSDT,1,1669935660,0.1049,0.1049,0.1045,0.1048
RENUSDT,1,1669935720,0.1048,0.1048,0.1046,0.1047
RENUSDT,1,1669935780,0.1047,0.1047,0.1046,0.1046
RENUSDT,1,1669935840,0.1046,0.1046,0.1045,0.1045
RENUSDT,1,1669935900,0.1045,0.1046,0.1045,0.1045
