symbol,period,start_at,open,high,low,close
SXPUSDT,15,1652565600,0.4693,0.4733,0.469,0.4727
SXPUSDT,15,1652566500,0.4727,0.4734,0.4693,0.47
SXPUSDT,15,1652567400,0.47,0.4709,0.4687,0.4703
SXPUSDT,15,1652568300,0.4703,0.4802,0.4698,0.4779
SXPUSDT,15,1652569200,0.4779,0.4804,0.4739,0.4747
SXPUSDT,15,1652570100,0.4747,0.478,0.473,0.478
SXPUSDT,15,1652571000,0.478,0.4813,0.4761,0.4812
SXPUSDT,15,1652571900,0.4812,0.4835,0.4789,0.4806
SXPUSDT,15,1652572800,0.4806,0.5062,0.4772,0.492
SXPUSDT,15,1652573700,0.492,0.498,0.4907,0.4928
SXPUSDT,15,1652574600,0.4928,0.4968,0.4908,0.4939
SXPUSDT,15,1652575500,0.4939,0.5007,0.4927,0.4972
SXPUSDT,15,1652576400,0.4972,0.5043,0.4937,0.5005
SXPUSDT,15,1652577300,0.5005,0.5031,0.4951,0.4954
SXPUSDT,15,1652578200,0.4954,0.497,0.4912,0.4968
SXPUSDT,15,1652579100,0.4968,0.4982,0.4934,0.494
SXPUSDT,15,1652580000,0.494,0.4968,0.487,0.4879
SXPUSDT,15,1652580900,0.4879,0.4885,0.4821,0.4852
SXPUSDT,15,1652581800,0.4852,0.4871,0.4841,0.4851
SXPUSDT,15,1652582700,0.4851,0.4887,0.484,0.4874
SXPUSDT,15,1652583600,0.4874,0.4909,0.4874,0.4887
SXPUSDT,15,1652584500,0.4887,0.4888,0.4828,0.4837
SXPUSDT,15,1652585400,0.4837,0.4863,0.4829,0.4854
SXPUSDT,15,1652586300,0.4854,0.4867,0.4838,0.4867
SXPUSDT,15,1652587200,0.4867,0.4888,0.4828,0.4881
SXPUSDT,15,1652588100,0.4881,0.4903,0.4873,0.4889
SXPUSDT,15,1652589000,0.4889,0.4889,0.4815,0.4831
SXPUSDT,15,1652589900,0.4831,0.4847,0.4817,0.4827
SXPUSDT,15,1652590800,0.4827,0.484,0.4818,0.484
SXPUSDT,15,1652591700,0.484,0.4877,0.4828,0.4869
SXPUSDT,15,1652592600,0.4869,0.4902,0.4856,0.4896
SXPUSDT,15,1652593500,0.4896,0.4934,0.4895,0.4932
SXPUSDT,15,1652594400,0.4932,0.4946,0.4909,0.4928
SXPUSDT,15,1652595300,0.4928,0.4962,0.4895,0.4942
SXPUSDT,15,1652596200,0.4942,0.4952,0.4924,0.4943
SXPUSDT,15,1652597100,0.4943,0.4958,0.4932,0.4958
SXPUSDT,15,1652598000,0.4958,0.5025,0.4958,0.5017
SXPUSDT,15,1652598900,0.5017,0.5029,0.497,0.498
SXPUSDT,15,1652599800,0.498,0.4992,0.497,0.4991
SXPUSDT,15,1652600700,0.4991,0.4995,0.4935,0.4935
SXPUSDT,15,1652601600,0.4935,0.4935,0.4865,0.4865
SXPUSDT,15,1652602500,0.4865,0.4884,0.4832,0.4862
SXPUSDT,15,1652603400,0.4862,0.4884,0.4851,0.4866
SXPUSDT,15,1652604300,0.4866,0.4871,0.483,0.4841
SXPUSDT,15,1652605200,0.4841,0.4879,0.4833,0.4868
SXPUSDT,15,1652606100,0.4868,0.4922,0.4868,0.4913
SXPUSDT,15,1652607000,0.4913,0.4938,0.4907,0.4938
SXPUSDT,15,1652607900,0.4938,0.4979,0.4938,0.4958
SXPUSDT,15,1652608800,0.4958,0.4989,0.4938,0.495
SXPUSDT,15,1652609700,0.495,0.4951,0.4929,0.494
SXPUSDT,15,1652610600,0.494,0.4952,0.4918,0.4943
SXPUSDT,15,1652611500,0.4943,0.501,0.4936,0.501
SXPUSDT,15,1652612400,0.501,0.5011,0.4965,0.4982
SXPUSDT,15,1652613300,0.4982,0.5021,0.4949,0.5012
SXPUSDT,15,1652614200,0.5012,0.505,0.5011,0.5023
SXPUSDT,15,1652615100,0.5023,0.5064,0.5023,0.5054
SXPUSDT,15,1652616000,0.5054,0.5103,0.5054,0.5066
SXPUSDT,15,1652616900,0.5066,0.507,0.5003,0.5005
SXPUSDT,15,1652617800,0.5005,0.5019,0.4971,0.5012
SXPUSDT,15,1652618700,0.5012,0.5042,0.4989,0.4998
SXPUSDT,15,1652619600,0.4998,0.4998,0.4956,0.498
SXPUSDT,15,1652620500,0.498,0.4985,0.4866,0.4899
SXPUSDT,15,1652621400,0.4899,0.4905,0.4878,0.488
SXPUSDT,15,1652622300,0.488,0.4897,0.4871,0.4887
SXPUSDT,15,1652623200,0.4887,0.49,0.4826,0.485
SXPUSDT,15,1652624100,0.485,0.4874,0.4806,0.4814
SXPUSDT,15,1652625000,0.4814,0.4846,0.477,0.4842
SXPUSDT,15,1652625900,0.4842,0.4867,0.4835,0.4854
SXPUSDT,15,1652626800,0.4854,0.4915,0.4854,0.4912
SXPUSDT,15,1652627700,0.4912,0.4912,0.4876,0.4891
SXPUSDT,15,1652628600,0.4891,0.4891,0.4843,0.4866
SXPUSDT,15,1652629500,0.4866,0.4882,0.4825,0.4843
SXPUSDT,15,1652630400,0.4843,0.4862,0.4821,0.4838
SXPUSDT,15,1652631300,0.4838,0.4921,0.4832,0.4921
SXPUSDT,15,1652632200,0.4921,0.4991,0.4908,0.4985
SXPUSDT,15,1652633100,0.4985,0.4994,0.4961,0.4961
SXPUSDT,15,1652634000,0.4961,0.4993,0.4957,0.497
SXPUSDT,15,1652634900,0.497,0.498,0.4949,0.4956
SXPUSDT,15,1652635800,0.4956,0.4956,0.4871,0.4871
SXPUSDT,15,1652636700,0.4871,0.4887,0.4828,0.4851
SXPUSDT,15,1652637600,0.4851,0.4859,0.4811,0.4821
SXPUSDT,15,1652638500,0.4821,0.4836,0.4742,0.4744
SXPUSDT,15,1652639400,0.4744,0.4768,0.4712,0.4768
SXPUSDT,15,1652640300,0.4768,0.4781,0.4762,0.4769
SXPUSDT,15,1652641200,0.4769,0.477,0.4727,0.4732
SXPUSDT,15,1652642100,0.4732,0.4732,0.4704,0.4713
SXPUSDT,15,1652643000,0.4713,0.476,0.4713,0.4752
SXPUSDT,15,1652643900,0.4752,0.4793,0.4752,0.4786
SXPUSDT,15,1652644800,0.4786,0.4872,0.477,0.4851
SXPUSDT,15,1652645700,0.4851,0.489,0.4836,0.4871
SXPUSDT,15,1652646600,0.4871,0.4912,0.4863,0.4906
SXPUSDT,15,1652647500,0.4906,0.4916,0.4871,0.4909
SXPUSDT,15,1652648400,0.4909,0.4913,0.4866,0.4872
SXPUSDT,15,1652649300,0.4872,0.4878,0.4847,0.4847
SXPUSDT,15,1652650200,0.4847,0.4879,0.4837,0.4868
SXPUSDT,15,1652651100,0.4868,0.4906,0.4866,0.4902
SXPUSDT,15,1669935600,0.2456,0.2462,0.2456,0.2462
SXPUSDT,15,1669935600,0.2456,0.2462,0.2456,0.246
SXPUSDT,1,1669935600,0.2456,0.2458,0.2456,0.2458
SXPUSDT,1,1669935660,0.2458,0.2461,0.2458,0.2461
SXPUSDT,1,1669935720,0.2461,0.2462,0.246,0.246
SXPUSDT,1,1669935780,0.246,0.246,0.2459,0.2459
SXPUSDT,1,1669935840,0.2459,0.2459,0.2459,0.2459
SXPUSDT,1,1669935900,0.2459,0.246,0.2459,0.246
