symbol,period,start_at,open,high,low,close
SCRTUSDT,15,1652565600,1.894,1.897,1.887,1.887
SCRTUSDT,15,1652566500,1.887,1.899,1.886,1.891
SCRTUSDT,15,1652567400,1.891,1.891,1.884,1.886
SCRTUSDT,15,1652568300,1.886,1.912,1.886,1.912
SCRTUSDT,15,1652569200,1.912,1.918,1.907,1.909
SCRTUSDT,15,1652570100,1.909,1.914,1.907,1.911
SCRTUSDT,15,1652571000,1.911,1.932,1.907,1.929
SCRTUSDT,15,1652571900,1.929,1.942,1.928,1.937
SCRTUSDT,15,1652572800,1.937,1.947,1.929,1.934
SCRTUSDT,15,1652573700,1.934,1.959,1.933,1.953
SCRTUSDT,15,1652574600,1.953,1.96,1.944,1.945
SCRTUSDT,15,1652575500,1.945,1.945,1.938,1.938
SCRTUSDT,15,1652576400,1.938,1.943,1.931,1.933
SCRTUSDT,15,1652577300,1.933,1.938,1.926,1.926
SCRTUSDT,15,1652578200,1.926,1.929,1.924,1.927
SCRTUSDT,15,1652579100,1.927,1.933,1.927,1.932
SCRTUSDT,15,1652580000,1.932,1.935,1.919,1.919
SCRTUSDT,15,1652580900,1.919,1.921,1.913,1.919
SCRTUSDT,15,1652581800,1.919,1.919,1.908,1.908
SCRTUSDT,15,1652582700,1.908,1.913,1.907,1.911
SCRTUSDT,15,1652583600,1.911,1.915,1.91,1.91
SCRTUSDT,15,1652584500,1.91,1.911,1.897,1.897
SCRTUSDT,15,1652585400,1.897,1.899,1.895,1.899
SCRTUSDT,15,1652586300,1.899,1.906,1.895,1.904
SCRTUSDT,15,1652587200,1.904,1.904,1.895,1.902
SCRTUSDT,15,1652588100,1.902,1.91,1.902,1.904
SCRTUSDT,15,1652589000,1.904,1.905,1.888,1.895
SCRTUSDT,15,1652589900,1.895,1.9,1.895,1.9
SCRTUSDT,15,1652590800,1.9,1.9,1.89,1.895
SCRTUSDT,15,1652591700,1.895,1.914,1.893,1.901
SCRTUSDT,15,1652592600,1.901,1.905,1.895,1.902
SCRTUSDT,15,1652593500,1.902,1.918,1.902,1.918
SCRTUSDT,15,1652594400,1.918,1.92,1.911,1.913
SCRTUSDT,15,1652595300,1.913,1.926,1.911,1.925
SCRTUSDT,15,1652596200,1.925,1.926,1.912,1.913
SCRTUSDT,15,1652597100,1.913,1.927,1.912,1.927
SCRTUSDT,15,1652598000,1.927,1.939,1.927,1.929
SCRTUSDT,15,1652598900,1.929,1.934,1.926,1.926
SCRTUSDT,15,1652599800,1.926,1.927,1.92,1.92
SCRTUSDT,15,1652600700,1.92,1.923,1.914,1.92
SCRTUSDT,15,1652601600,1.92,1.922,1.912,1.912
SCRTUSDT,15,1652602500,1.912,1.913,1.903,1.909
SCRTUSDT,15,1652603400,1.909,1.909,1.903,1.904
SCRTUSDT,15,1652604300,1.904,1.905,1.897,1.898
SCRTUSDT,15,1652605200,1.898,1.901,1.891,1.893
SCRTUSDT,15,1652606100,1.893,1.905,1.893,1.903
SCRTUSDT,15,1652607000,1.903,1.911,1.901,1.91
SCRTUSDT,15,1652607900,1.91,1.912,1.906,1.906
SCRTUSDT,15,1652608800,1.906,1.909,1.9,1.906
SCRTUSDT,15,1652609700,1.906,1.912,1.903,1.906
SCRTUSDT,15,1652610600,1.906,1.906,1.903,1.905
SCRTUSDT,15,1652611500,1.905,1.927,1.905,1.926
SCRTUSDT,15,1652612400,1.926,1.938,1.924,1.934
SCRTUSDT,15,1652613300,1.934,1.938,1.928,1.936
SCRTUSDT,15,1652614200,1.936,1.955,1.935,1.947
SCRTUSDT,15,1652615100,1.947,1.968,1.947,1.965
SCRTUSDT,15,1652616000,1.965,1.975,1.965,1.972
SCRTUSDT,15,1652616900,1.972,1.978,1.966,1.966
SCRTUSDT,15,1652617800,1.966,1.969,1.957,1.962
SCRTUSDT,15,1652618700,1.962,1.97,1.96,1.969
SCRTUSDT,15,1652619600,1.969,1.969,1.954,1.962
SCRTUSDT,15,1652620500,1.962,1.964,1.95,1.951
SCRTUSDT,15,1652621400,1.951,1.951,1.938,1.949
SCRTUSDT,15,1652622300,1.949,1.949,1.938,1.943
SCRTUSDT,15,1652623200,1.943,1.946,1.935,1.939
SCRTUSDT,15,1652624100,1.939,1.94,1.933,1.937
SCRTUSDT,15,1652625000,1.937,1.945,1.933,1.944
SCRTUSDT,15,1652625900,1.944,1.949,1.944,1.947
SCRTUSDT,15,1652626800,1.947,1.965,1.947,1.959
SCRTUSDT,15,1652627700,1.959,1.959,1.95,1.956
SCRTUSDT,15,1652628600,1.956,1.956,1.942,1.944
SCRTUSDT,15,1652629500,1.944,1.95,1.941,1.941
SCRTUSDT,15,1652630400,1.941,1.955,1.941,1.955
SCRTUSDT,15,1652631300,1.955,1.96,1.954,1.96
SCRTUSDT,15,1652632200,1.96,1.967,1.96,1.966
SCRTUSDT,15,1652633100,1.966,1.968,1.964,1.968
SCRTUSDT,15,1652634000,1.968,1.977,1.967,1.976
SCRTUSDT,15,1652634900,1.976,1.977,1.971,1.975
SCRTUSDT,15,1652635800,1.975,1.977,1.965,1.965
SCRTUSDT,15,1652636700,1.965,1.967,1.96,1.961
SCRTUSDT,15,1652637600,1.961,1.965,1.959,1.965
SCRTUSDT,15,1652638500,1.965,1.977,1.965,1.973
SCRTUSDT,15,1652639400,1.973,1.988,1.971,1.982
SCRTUSDT,15,1652640300,1.982,1.991,1.98,1.991
SCRTUSDT,15,1652641200,1.991,1.991,1.985,1.985
SCRTUSDT,15,1652642100,1.985,1.992,1.983,1.983
SCRTUSDT,15,1652643000,1.983,2.0,1.983,1.999
SCRTUSDT,15,1652643900,1.999,2.004,1.999,2.004
SCRTUSDT,15,1652644800,2.004,2.03,2.004,2.026
SCRTUSDT,15,1652645700,2.026,2.038,2.026,2.033
SCRTUSDT,15,1652646600,2.033,2.041,2.03,2.036
SCRTUSDT,15,1652647500,2.036,2.049,2.036,2.041
SCRTUSDT,15,1652648400,2.041,2.046,2.036,2.041
SCRTUSDT,15,1652649300,2.041,2.043,2.025,2.03
SCRTUSDT,15,1652650200,2.03,2.037,2.023,2.029
SCRTUSDT,15,1652651100,2.029,2.053,2.024,2.053
SCRTUSDT,15,1669935600,0.813,0.813,0.813,0.813
SCRTUSDT,15,1669935600,0.813,0.814,0.811,0.811
SCRTUSDT,1,1669935600,0.813,0.813,0.813,0.813
SCRTUSDT,1,1669935660,0.813,0.813,0.813,0.813
SCRTUSDT,1,1669935720,0.813,0.814,0.813,0.814
SCRTUSDT,1,1669935780,0.814,0.814,0.813,0.813
SCRTUSDT,1,1669935840,0.813,0.813,0.813,0.813
SCRTUSDT,1,1669935900,0.813,0.813,0.811,0.812
