symbol,interval,open_time,open,high,low,close,volume,turnover
MANAUSD,15,1652565600,1.185,1.196,1.172,1.196,12921,10947.82295805
MANAUSD,15,1652566500,1.196,1.196,1.171,1.173,12951,10975.62414852
MANAUSD,15,1652567400,1.173,1.1775,1.164,1.17,10844,9263.69088843
MANAUSD,15,1652568300,1.17,1.2235,1.17,1.2185,33492,27964.79576076
MANAUSD,15,1652569200,1.2185,1.256,1.2185,1.23,42501,34440.64437825
MANAUSD,15,1652570100,1.23,1.2515,1.221,1.249,36714,29631.25423454
MANAUSD,15,1652571000,1.249,1.292,1.24,1.291,58254,45690.40103414
MANAUSD,15,1652571900,1.291,1.3395,1.27,1.332,68038,51869.05950172
MANAUSD,15,1652572800,1.332,1.355,1.279,1.2945,90455,68277.5923921
MANAUSD,15,1652573700,1.2945,1.3515,1.2945,1.338,71290,53695.62899636
MANAUSD,15,1652574600,1.338,1.3455,1.2825,1.2925,67418,51460.17516727
MANAUSD,15,1652575500,1.2925,1.2925,1.2615,1.2675,65536,51441.53594517
MANAUSD,15,1652576400,1.2675,1.276,1.2565,1.2665,36174,28529.38343724
MANAUSD,15,1652577300,1.2665,1.2815,1.2425,1.248,37171,29488.35746656
MANAUSD,15,1652578200,1.248,1.263,1.2415,1.262,16233,12957.985954
MANAUSD,15,1652579100,1.262,1.276,1.2565,1.2695,18950,14947.58118672
MANAUSD,15,1652580000,1.2695,1.281,1.247,1.2505,27281,21483.00241077
MANAUSD,15,1652580900,1.2505,1.256,1.2365,1.25,22012,17645.83272367
MANAUSD,15,1652581800,1.25,1.271,1.2475,1.2535,20804,16516.7466363
MANAUSD,15,1652582700,1.2535,1.29,1.2485,1.2765,31487,24599.33637162
MANAUSD,15,1652583600,1.2765,1.2825,1.262,1.2625,20270,15909.7330099
MANAUSD,15,1652584500,1.2625,1.2645,1.2335,1.2375,21083,16958.13240207
MANAUSD,15,1652585400,1.2375,1.252,1.2295,1.244,50127,40552.12954134
MANAUSD,15,1652586300,1.244,1.26,1.244,1.255,61473,49217.83837793
MANAUSD,15,1652587200,1.255,1.272,1.2365,1.2635,19793,15753.19582742
MANAUSD,15,1652588100,1.2635,1.2715,1.2495,1.2545,8850,7029.52875727
MANAUSD,15,1652589000,1.2545,1.256,1.222,1.224,17921,14524.77567715
MANAUSD,15,1652589900,1.224,1.236,1.22,1.2265,15076,12282.95810136
MANAUSD,15,1652590800,1.2265,1.2365,1.216,1.235,15857,12928.93241028
MANAUSD,15,1652591700,1.235,1.2425,1.231,1.2415,59554,48210.62648717
MANAUSD,15,1652592600,1.2415,1.2575,1.2345,1.2555,21910,17562.45816357
MANAUSD,15,1652593500,1.2555,1.268,1.251,1.2545,19914,15821.85206175
MANAUSD,15,1652594400,1.2545,1.2665,1.243,1.243,24218,19358.19562629
MANAUSD,15,1652595300,1.243,1.2945,1.2425,1.284,32888,25795.13338908
MANAUSD,15,1652596200,1.284,1.284,1.2595,1.264,25798,20320.98824763
MANAUSD,15,1652597100,1.264,1.2805,1.2595,1.279,18863,14830.06581393
MANAUSD,15,1652598000,1.279,1.2855,1.2665,1.2755,14653,11499.46535883
MANAUSD,15,1652598900,1.2755,1.285,1.262,1.2625,15069,11811.50198447
MANAUSD,15,1652599800,1.2625,1.2695,1.2575,1.2665,21776,17249.10721056
MANAUSD,15,1652600700,1.2665,1.2665,1.2465,1.2515,15429,12320.94869057
MANAUSD,15,1652601600,1.2515,1.2615,1.228,1.2295,11949,9589.88916939
MANAUSD,15,1652602500,1.2295,1.2335,1.2205,1.225,13510,11005.10995751
MANAUSD,15,1652603400,1.225,1.237,1.223,1.2325,14223,11563.70691089
MANAUSD,15,1652604300,1.2325,1.2325,1.222,1.225,12597,10261.96171909
MANAUSD,15,1652605200,1.225,1.2345,1.2205,1.2215,20332,16563.04184622
MANAUSD,15,1652606100,1.2215,1.245,1.2215,1.242,27150,21954.09996887
MANAUSD,15,1652607000,1.242,1.247,1.2345,1.2435,16094,12989.39326971
MANAUSD,15,1652607900,1.2435,1.2485,1.2355,1.2465,12914,10389.16975759
MANAUSD,15,1652608800,1.2465,1.2465,1.228,1.231,12805,10368.80779027
MANAUSD,15,1652609700,1.231,1.231,1.2265,1.2295,6865,5590.07534851
MANAUSD,15,1652610600,1.2295,1.2405,1.223,1.2405,11582,9418.10005657
MANAUSD,15,1652611500,1.2405,1.261,1.2355,1.259,24653,19745.01077364
MANAUSD,15,1652612400,1.259,1.263,1.249,1.2515,21332,16979.71698405
MANAUSD,15,1652613300,1.2515,1.258,1.2425,1.255,10509,8424.55307792
MANAUSD,15,1652614200,1.255,1.268,1.2525,1.261,17662,13963.62043858
MANAUSD,15,1652615100,1.261,1.273,1.2605,1.2625,16728,13210.27016806
MANAUSD,15,1652616000,1.2625,1.2775,1.261,1.2625,16161,12729.91101915
MANAUSD,15,1652616900,1.2625,1.276,1.25,1.25,10950,8664.77150701
MANAUSD,15,1652617800,1.25,1.257,1.241,1.254,26144,20975.81467986
MANAUSD,15,1652618700,1.254,1.2595,1.244,1.247,12050,9624.39551848
MANAUSD,15,1652619600,1.247,1.247,1.231,1.2435,24262,19631.48328317
MANAUSD,15,1652620500,1.2435,1.2475,1.2265,1.2295,15152,12220.72937807
MANAUSD,15,1652621400,1.2295,1.2375,1.2245,1.2295,16065,13039.73041242
MANAUSD,15,1652622300,1.2295,1.2365,1.2255,1.2325,17823,14460.53673129
MANAUSD,15,1652623200,1.2325,1.2385,1.212,1.2195,24254,19912.84127904
MANAUSD,15,1652624100,1.2195,1.221,1.201,1.21,53456,44180.02986323
MANAUSD,15,1652625000,1.21,1.217,1.2025,1.211,40980,33927.59919593
MANAUSD,15,1652625900,1.211,1.219,1.2105,1.217,18284,15062.68247155
MANAUSD,15,1652626800,1.217,1.242,1.215,1.236,30343,24635.38079183
MANAUSD,15,1652627700,1.236,1.236,1.22,1.222,10621,8664.2751964
MANAUSD,15,1652628600,1.222,1.222,1.2025,1.2075,47490,39272.416177
MANAUSD,15,1652629500,1.2075,1.2125,1.1895,1.2045,41765,34802.67755259
MANAUSD,15,1652630400,1.2045,1.213,1.201,1.205,26686,22146.95282437
MANAUSD,15,1652631300,1.205,1.217,1.205,1.215,7654,6312.41634721
MANAUSD,15,1652632200,1.215,1.2445,1.2125,1.242,23764,19293.96862038
MANAUSD,15,1652633100,1.242,1.242,1.23,1.2305,6492,5256.90034908
MANAUSD,15,1652634000,1.2305,1.2405,1.229,1.2375,16316,13212.64518499
MANAUSD,15,1652634900,1.2375,1.2415,1.2325,1.2345,13844,11202.66945542
MANAUSD,15,1652635800,1.2345,1.2345,1.2245,1.227,19485,15861.76322896
MANAUSD,15,1652636700,1.227,1.228,1.2135,1.2135,13340,10935.53291769
MANAUSD,15,1652637600,1.2135,1.222,1.209,1.221,21188,17422.36244405
MANAUSD,15,1652638500,1.221,1.2445,1.221,1.2385,14365,11625.97579801
MANAUSD,15,1652639400,1.2385,1.2555,1.237,1.2535,23600,18946.93681186
MANAUSD,15,1652640300,1.2535,1.2535,1.242,1.2455,14569,11684.25555651
MANAUSD,15,1652641200,1.2455,1.2455,1.236,1.238,10904,8793.84416759
MANAUSD,15,1652642100,1.238,1.2425,1.2285,1.2285,7065,5711.97920945
MANAUSD,15,1652643000,1.2285,1.252,1.2285,1.2515,25689,20682.38645244
MANAUSD,15,1652643900,1.2515,1.267,1.2515,1.2625,19811,15715.6162179
MANAUSD,15,1652644800,1.2625,1.296,1.255,1.285,52571,41192.05363468
MANAUSD,15,1652645700,1.285,1.291,1.2755,1.276,31929,24840.03363732
MANAUSD,15,1652646600,1.276,1.2785,1.2695,1.272,17701,13886.82227055
MANAUSD,15,1652647500,1.272,1.284,1.2695,1.282,16852,13191.78863112
MANAUSD,15,1652648400,1.282,1.2915,1.2745,1.2775,16087,12553.85949164
MANAUSD,15,1652649300,1.2775,1.2775,1.2695,1.271,18492,14524.38349219
MANAUSD,15,1652650200,1.271,1.2755,1.2695,1.2715,10473,8236.89961009
MANAUSD,15,1652651100,1.2715,1.291,1.2665,1.2855,14856,11611.67559541
