symbol,period,start_at,open,high,low,close
FXSUSDT,15,1652565600,9.05,9.08,8.59,8.69
FXSUSDT,15,1652566500,8.69,8.69,8.39,8.55
FXSUSDT,15,1652567400,8.55,8.57,8.34,8.38
FXSUSDT,15,1652568300,8.38,8.51,8.38,8.47
FXSUSDT,15,1652569200,8.47,8.52,8.42,8.45
FXSUSDT,15,1652570100,8.45,8.49,8.29,8.41
FXSUSDT,15,1652571000,8.41,8.64,8.41,8.51
FXSUSDT,15,1652571900,8.51,8.71,8.51,8.67
FXSUSDT,15,1652572800,8.67,8.74,8.63,8.71
FXSUSDT,15,1652573700,8.71,8.74,8.52,8.54
FXSUSDT,15,1652574600,8.54,8.56,8.45,8.49
FXSUSDT,15,1652575500,8.49,8.53,8.39,8.52
FXSUSDT,15,1652576400,8.52,8.57,8.52,8.57
FXSUSDT,15,1652577300,8.57,8.59,8.55,8.58
FXSUSDT,15,1652578200,8.58,8.58,8.4,8.41
FXSUSDT,15,1652579100,8.41,8.6,8.41,8.57
FXSUSDT,15,1652580000,8.57,8.76,8.54,8.55
FXSUSDT,15,1652580900,8.55,8.65,8.52,8.63
FXSUSDT,15,1652581800,8.63,8.63,8.5,8.51
FXSUSDT,15,1652582700,8.51,8.58,8.48,8.55
FXSUSDT,15,1652583600,8.55,8.57,8.54,8.57
FXSUSDT,15,1652584500,8.57,8.59,8.52,8.54
FXSUSDT,15,1652585400,8.54,8.59,8.53,8.55
FXSUSDT,15,1652586300,8.55,8.59,8.55,8.57
FXSUSDT,15,1652587200,8.57,8.72,8.57,8.65
FXSUSDT,15,1652588100,8.65,8.65,8.48,8.49
FXSUSDT,15,1652589000,8.49,8.53,8.44,8.44
FXSUSDT,15,1652589900,8.44,8.47,8.33,8.36
FXSUSDT,15,1652590800,8.36,8.4,8.34,8.35
FXSUSDT,15,1652591700,8.35,8.4,8.33,8.35
FXSUSDT,15,1652592600,8.35,8.41,8.32,8.41
FXSUSDT,15,1652593500,8.41,8.47,8.37,8.4
FXSUSDT,15,1652594400,8.4,8.42,8.36,8.41
FXSUSDT,15,1652595300,8.41,8.47,8.38,8.42
FXSUSDT,15,1652596200,8.42,8.42,8.38,8.39
FXSUSDT,15,1652597100,8.39,8.41,8.36,8.4
FXSUSDT,15,1652598000,8.4,8.42,8.34,8.37
FXSUSDT,15,1652598900,8.37,8.4,8.34,8.35
FXSUSDT,15,1652599800,8.35,8.48,8.35,8.44
FXSUSDT,15,1652600700,8.44,8.49,8.44,8.45
FXSUSDT,15,1652601600,8.45,8.49,8.37,8.38
FXSUSDT,15,1652602500,8.38,8.42,8.36,8.37
FXSUSDT,15,1652603400,8.37,8.41,8.33,8.39
FXSUSDT,15,1652604300,8.39,8.44,8.37,8.38
FXSUSDT,15,1652605200,8.38,8.42,8.37,8.4
FXSUSDT,15,1652606100,8.4,8.42,8.37,8.4
FXSUSDT,15,1652607000,8.4,8.44,8.38,8.4
FXSUSDT,15,1652607900,8.4,8.49,8.39,8.47
FXSUSDT,15,1652608800,8.47,8.65,8.46,8.62
FXSUSDT,15,1652609700,8.62,8.7,8.6,8.66
FXSUSDT,15,1652610600,8.66,8.69,8.64,8.65
FXSUSDT,15,1652611500,8.65,8.68,8.63,8.67
FXSUSDT,15,1652612400,8.67,8.68,8.62,8.63
FXSUSDT,15,1652613300,8.63,8.63,8.54,8.61
FXSUSDT,15,1652614200,8.61,8.71,8.6,8.61
FXSUSDT,15,1652615100,8.61,8.64,8.6,8.62
FXSUSDT,15,1652616000,8.62,8.9,8.62,8.87
FXSUSDT,15,1652616900,8.87,8.94,8.83,8.92
FXSUSDT,15,1652617800,8.92,9.16,8.89,8.93
FXSUSDT,15,1652618700,8.93,9.02,8.91,8.99
FXSUSDT,15,1652619600,8.99,9.08,8.98,9.08
FXSUSDT,15,1652620500,9.08,9.29,8.97,9.27
FXSUSDT,15,1652621400,9.27,9.61,9.02,9.04
FXSUSDT,15,1652622300,9.04,9.09,9.01,9.05
FXSUSDT,15,1652623200,9.05,9.14,8.96,9.13
FXSUSDT,15,1652624100,9.13,9.27,9.08,9.22
FXSUSDT,15,1652625000,9.22,9.3,9.18,9.25
FXSUSDT,15,1652625900,9.25,9.29,9.19,9.19
FXSUSDT,15,1652626800,9.19,9.2,9.09,9.15
FXSUSDT,15,1652627700,9.15,9.15,9.04,9.07
FXSUSDT,15,1652628600,9.07,9.08,8.97,9.05
FXSUSDT,15,1652629500,9.05,9.06,8.93,8.95
FXSUSDT,15,1652630400,8.95,9.04,8.93,9.0
FXSUSDT,15,1652631300,9.0,9.02,8.99,9.01
FXSUSDT,15,1652632200,9.01,9.06,8.99,9.03
FXSUSDT,15,1652633100,9.03,9.09,8.98,9.05
FXSUSDT,15,1652634000,9.05,9.06,8.93,9.0
FXSUSDT,15,1652634900,9.0,9.05,8.95,9.01
FXSUSDT,15,1652635800,9.01,9.01,8.96,8.97
FXSUSDT,15,1652636700,8.97,8.99,8.91,8.91
FXSUSDT,15,1652637600,8.91,8.94,8.88,8.9
FXSUSDT,15,1652638500,8.9,8.91,8.85,8.86
FXSUSDT,15,1652639400,8.86,8.91,8.86,8.9
FXSUSDT,15,1652640300,8.9,8.9,8.86,8.86
FXSUSDT,15,1652641200,8.86,8.89,8.81,8.84
FXSUSDT,15,1652642100,8.84,8.88,8.81,8.84
FXSUSDT,15,1652643000,8.84,8.89,8.81,8.82
FXSUSDT,15,1652643900,8.82,9.04,8.82,9.03
FXSUSDT,15,1652644800,9.03,9.03,8.92,8.97
FXSUSDT,15,1652645700,8.97,9.02,8.94,8.97
FXSUSDT,15,1652646600,8.97,9.09,8.97,9.08
FXSUSDT,15,1652647500,9.08,9.1,9.05,9.09
FXSUSDT,15,1652648400,9.09,9.11,9.06,9.07
FXSUSDT,15,1652649300,9.07,9.08,9.04,9.04
FXSUSDT,15,1652650200,9.04,9.18,9.04,9.14
FXSUSDT,15,1652651100,9.14,9.27,9.13,9.2
FXSUSDT,15,1669935600,4.86,4.87,4.86,4.86
FXSUSDT,15,1669935600,4.86,4.87,4.86,4.86
FXSUSDT,1,1669935600,4.86,4.87,4.86,4.87
FXSUSDT,1,1669935660,4.87,4.87,4.86,4.86
FXSUSDT,1,1669935720,4.86,4.86,4.86,4.86
FXSUSDT,1,1669935780,4.86,4.86,4.86,4.86
FXSUSDT,1,1669935840,4.86,4.86,4.86,4.86
FXSUSDT,1,1669935900,4.86,4.86,4.86,4.86
