symbol,period,start_at,open,high,low,close
SNXUSDT,15,1652565600,2.658,2.704,2.656,2.703
SNXUSDT,15,1652566500,2.703,2.708,2.68,2.684
SNXUSDT,15,1652567400,2.684,2.69,2.678,2.69
SNXUSDT,15,1652568300,2.69,2.735,2.689,2.725
SNXUSDT,15,1652569200,2.725,2.736,2.693,2.698
SNXUSDT,15,1652570100,2.698,2.742,2.695,2.74
SNXUSDT,15,1652571000,2.74,2.763,2.721,2.759
SNXUSDT,15,1652571900,2.759,2.775,2.741,2.757
SNXUSDT,15,1652572800,2.757,2.773,2.724,2.729
SNXUSDT,15,1652573700,2.729,2.79,2.729,2.775
SNXUSDT,15,1652574600,2.775,2.785,2.756,2.766
SNXUSDT,15,1652575500,2.766,2.77,2.751,2.755
SNXUSDT,15,1652576400,2.755,2.761,2.727,2.728
SNXUSDT,15,1652577300,2.728,2.736,2.686,2.686
SNXUSDT,15,1652578200,2.686,2.701,2.668,2.674
SNXUSDT,15,1652579100,2.674,2.691,2.669,2.676
SNXUSDT,15,1652580000,2.676,2.739,2.651,2.654
SNXUSDT,15,1652580900,2.654,2.654,2.622,2.628
SNXUSDT,15,1652581800,2.628,2.633,2.616,2.622
SNXUSDT,15,1652582700,2.622,2.635,2.608,2.632
SNXUSDT,15,1652583600,2.632,2.637,2.608,2.611
SNXUSDT,15,1652584500,2.611,2.614,2.592,2.605
SNXUSDT,15,1652585400,2.605,2.612,2.594,2.601
SNXUSDT,15,1652586300,2.601,2.649,2.6,2.649
SNXUSDT,15,1652587200,2.649,2.685,2.645,2.682
SNXUSDT,15,1652588100,2.682,2.698,2.674,2.694
SNXUSDT,15,1652589000,2.694,2.702,2.675,2.702
SNXUSDT,15,1652589900,2.702,2.721,2.695,2.708
SNXUSDT,15,1652590800,2.708,2.708,2.683,2.689
SNXUSDT,15,1652591700,2.689,2.706,2.682,2.699
SNXUSDT,15,1652592600,2.699,2.748,2.693,2.743
SNXUSDT,15,1652593500,2.743,2.762,2.728,2.73
SNXUSDT,15,1652594400,2.73,2.748,2.722,2.722
SNXUSDT,15,1652595300,2.722,2.762,2.716,2.757
SNXUSDT,15,1652596200,2.757,2.771,2.752,2.752
SNXUSDT,15,1652597100,2.752,2.775,2.746,2.772
SNXUSDT,15,1652598000,2.772,2.792,2.764,2.768
SNXUSDT,15,1652598900,2.768,2.781,2.741,2.746
SNXUSDT,15,1652599800,2.746,2.775,2.742,2.77
SNXUSDT,15,1652600700,2.77,2.77,2.726,2.733
SNXUSDT,15,1652601600,2.733,2.736,2.704,2.707
SNXUSDT,15,1652602500,2.707,2.725,2.697,2.704
SNXUSDT,15,1652603400,2.704,2.718,2.694,2.709
SNXUSDT,15,1652604300,2.709,2.709,2.676,2.68
SNXUSDT,15,1652605200,2.68,2.69,2.665,2.667
SNXUSDT,15,1652606100,2.667,2.687,2.666,2.68
SNXUSDT,15,1652607000,2.68,2.685,2.661,2.665
SNXUSDT,15,1652607900,2.665,2.7,2.663,2.7
SNXUSDT,15,1652608800,2.7,2.7,2.679,2.683
SNXUSDT,15,1652609700,2.683,2.705,2.681,2.7
SNXUSDT,15,1652610600,2.7,2.716,2.686,2.716
SNXUSDT,15,1652611500,2.716,2.748,2.706,2.746
SNXUSDT,15,1652612400,2.746,2.773,2.737,2.754
SNXUSDT,15,1652613300,2.754,2.782,2.753,2.777
SNXUSDT,15,1652614200,2.777,2.838,2.774,2.814
SNXUSDT,15,1652615100,2.814,2.859,2.806,2.809
SNXUSDT,15,1652616000,2.809,2.848,2.808,2.837
SNXUSDT,15,1652616900,2.837,2.879,2.818,2.818
SNXUSDT,15,1652617800,2.818,2.821,2.801,2.804
SNXUSDT,15,1652618700,2.804,2.813,2.779,2.784
SNXUSDT,15,1652619600,2.784,2.785,2.763,2.784
SNXUSDT,15,1652620500,2.784,2.787,2.747,2.754
SNXUSDT,15,1652621400,2.754,2.763,2.739,2.754
SNXUSDT,15,1652622300,2.754,2.763,2.75,2.754
SNXUSDT,15,1652623200,2.754,2.756,2.718,2.734
SNXUSDT,15,1652624100,2.734,2.739,2.714,2.72
SNXUSDT,15,1652625000,2.72,2.734,2.7,2.73
SNXUSDT,15,1652625900,2.73,2.744,2.728,2.74
SNXUSDT,15,1652626800,2.74,2.775,2.739,2.772
SNXUSDT,15,1652627700,2.772,2.773,2.748,2.749
SNXUSDT,15,1652628600,2.749,2.749,2.711,2.714
SNXUSDT,15,1652629500,2.714,2.716,2.672,2.698
SNXUSDT,15,1652630400,2.698,2.702,2.655,2.683
SNXUSDT,15,1652631300,2.683,2.694,2.661,2.694
SNXUSDT,15,1652632200,2.694,2.742,2.694,2.74
SNXUSDT,15,1652633100,2.74,2.749,2.729,2.741
SNXUSDT,15,1652634000,2.741,2.751,2.736,2.743
SNXUSDT,15,1652634900,2.743,2.752,2.741,2.749
SNXUSDT,15,1652635800,2.749,2.749,2.727,2.745
SNXUSDT,15,1652636700,2.745,2.782,2.745,2.778
SNXUSDT,15,1652637600,2.778,2.893,2.772,2.853
SNXUSDT,15,1652638500,2.853,2.904,2.847,2.899
SNXUSDT,15,1652639400,2.899,2.925,2.882,2.915
SNXUSDT,15,1652640300,2.915,2.92,2.846,2.846
SNXUSDT,15,1652641200,2.846,2.849,2.828,2.838
SNXUSDT,15,1652642100,2.838,2.838,2.811,2.811
SNXUSDT,15,1652643000,2.811,2.862,2.811,2.852
SNXUSDT,15,1652643900,2.852,2.873,2.836,2.866
SNXUSDT,15,1652644800,2.866,2.93,2.863,2.911
SNXUSDT,15,1652645700,2.911,2.918,2.851,2.856
SNXUSDT,15,1652646600,2.856,2.881,2.845,2.874
SNXUSDT,15,1652647500,2.874,2.907,2.866,2.883
SNXUSDT,15,1652648400,2.883,2.897,2.872,2.88
SNXUSDT,15,1652649300,2.88,2.891,2.873,2.878
SNXUSDT,15,1652650200,2.878,2.931,2.875,2.928
SNXUSDT,15,1652651100,2.928,2.938,2.898,2.932
SNXUSDT,15,1669935600,1.724,1.726,1.723,1.726
SNXUSDT,15,1669935600,1.724,1.726,1.723,1.726
SNXUSDT,1,1669935600,1.724,1.725,1.724,1.725
SNXUSDT,1,1669935660,1.725,1.726,1.723,1.726
SNXUSDT,1,1669935720,1.726,1.726,1.725,1.726
SNXUSDT,1,1669935780,1.726,1.726,1.725,1.725
SNXUSDT,1,1669935840,1.725,1.726,1.725,1.726
SNXUSDT,1,1669935900,1.726,1.726,1.725,1.725
