symbol,period,start_at,open,high,low,close
ENJUSDT,15,1652565600,0.7177,0.7209,0.7126,0.7207
ENJUSDT,15,1652566500,0.7207,0.7207,0.7115,0.7134
ENJUSDT,15,1652567400,0.7134,0.7147,0.7083,0.7139
ENJUSDT,15,1652568300,0.7139,0.7365,0.7136,0.7295
ENJUSDT,15,1652569200,0.7295,0.7369,0.7169,0.7183
ENJUSDT,15,1652570100,0.7183,0.7236,0.7153,0.7229
ENJUSDT,15,1652571000,0.7229,0.7336,0.719,0.7313
ENJUSDT,15,1652571900,0.7313,0.7504,0.7277,0.7439
ENJUSDT,15,1652572800,0.7439,0.751,0.7247,0.7307
ENJUSDT,15,1652573700,0.7307,0.7536,0.7305,0.7462
ENJUSDT,15,1652574600,0.7462,0.7511,0.7259,0.7276
ENJUSDT,15,1652575500,0.7276,0.7279,0.7214,0.7233
ENJUSDT,15,1652576400,0.7233,0.7267,0.7164,0.7224
ENJUSDT,15,1652577300,0.7224,0.7293,0.7196,0.7209
ENJUSDT,15,1652578200,0.7209,0.7241,0.7157,0.722
ENJUSDT,15,1652579100,0.722,0.7292,0.7199,0.7249
ENJUSDT,15,1652580000,0.7249,0.7319,0.7112,0.7113
ENJUSDT,15,1652580900,0.7113,0.7152,0.7053,0.7111
ENJUSDT,15,1652581800,0.7111,0.7148,0.7081,0.7094
ENJUSDT,15,1652582700,0.7094,0.7194,0.7062,0.7152
ENJUSDT,15,1652583600,0.7152,0.7181,0.7103,0.7117
ENJUSDT,15,1652584500,0.7117,0.7135,0.702,0.7049
ENJUSDT,15,1652585400,0.7049,0.7097,0.7018,0.7085
ENJUSDT,15,1652586300,0.7085,0.711,0.7062,0.7091
ENJUSDT,15,1652587200,0.7091,0.717,0.7027,0.7145
ENJUSDT,15,1652588100,0.7145,0.7173,0.7101,0.7101
ENJUSDT,15,1652589000,0.7101,0.7114,0.6995,0.7038
ENJUSDT,15,1652589900,0.7038,0.7081,0.702,0.7049
ENJUSDT,15,1652590800,0.7049,0.7071,0.7,0.7049
ENJUSDT,15,1652591700,0.7049,0.7114,0.7028,0.7102
ENJUSDT,15,1652592600,0.7102,0.7246,0.708,0.7244
ENJUSDT,15,1652593500,0.7244,0.7289,0.7218,0.7251
ENJUSDT,15,1652594400,0.7251,0.7304,0.7195,0.7198
ENJUSDT,15,1652595300,0.7198,0.7304,0.7178,0.7269
ENJUSDT,15,1652596200,0.7269,0.727,0.7206,0.7213
ENJUSDT,15,1652597100,0.7213,0.7289,0.7194,0.7284
ENJUSDT,15,1652598000,0.7284,0.7334,0.7241,0.7269
ENJUSDT,15,1652598900,0.7269,0.7281,0.7181,0.7187
ENJUSDT,15,1652599800,0.7187,0.7229,0.7171,0.7219
ENJUSDT,15,1652600700,0.7219,0.7219,0.7122,0.7133
ENJUSDT,15,1652601600,0.7133,0.7171,0.7053,0.7053
ENJUSDT,15,1652602500,0.7053,0.7122,0.7014,0.7112
ENJUSDT,15,1652603400,0.7112,0.7177,0.7104,0.7139
ENJUSDT,15,1652604300,0.7139,0.7141,0.7063,0.7091
ENJUSDT,15,1652605200,0.7091,0.7131,0.706,0.706
ENJUSDT,15,1652606100,0.706,0.7171,0.7051,0.7141
ENJUSDT,15,1652607000,0.7141,0.719,0.7141,0.7182
ENJUSDT,15,1652607900,0.7182,0.7203,0.716,0.7193
ENJUSDT,15,1652608800,0.7193,0.72,0.7117,0.714
ENJUSDT,15,1652609700,0.714,0.7172,0.7124,0.7159
ENJUSDT,15,1652610600,0.7159,0.7186,0.7116,0.7186
ENJUSDT,15,1652611500,0.7186,0.7331,0.7164,0.7316
ENJUSDT,15,1652612400,0.7316,0.7321,0.7245,0.7247
ENJUSDT,15,1652613300,0.7247,0.7298,0.7197,0.7282
ENJUSDT,15,1652614200,0.7282,0.7386,0.7274,0.7312
ENJUSDT,15,1652615100,0.7312,0.7404,0.7306,0.7357
ENJUSDT,15,1652616000,0.7357,0.743,0.7352,0.7376
ENJUSDT,15,1652616900,0.7376,0.7453,0.7299,0.7308
ENJUSDT,15,1652617800,0.7308,0.7354,0.7252,0.7338
ENJUSDT,15,1652618700,0.7338,0.7364,0.7281,0.7299
ENJUSDT,15,1652619600,0.7299,0.7299,0.7232,0.7292
ENJUSDT,15,1652620500,0.7292,0.7303,0.7179,0.7197
ENJUSDT,15,1652621400,0.7197,0.7213,0.7164,0.7166
ENJUSDT,15,1652622300,0.7166,0.7209,0.7151,0.7185
ENJUSDT,15,1652623200,0.7185,0.7204,0.7065,0.7107
ENJUSDT,15,1652624100,0.7107,0.7117,0.7017,0.7059
ENJUSDT,15,1652625000,0.7059,0.712,0.7019,0.7118
ENJUSDT,15,1652625900,0.7118,0.7157,0.7107,0.7133
ENJUSDT,15,1652626800,0.7133,0.7308,0.713,0.7273
ENJUSDT,15,1652627700,0.7273,0.7278,0.7175,0.7175
ENJUSDT,15,1652628600,0.7175,0.7175,0.7068,0.7087
ENJUSDT,15,1652629500,0.7087,0.7121,0.7011,0.7098
ENJUSDT,15,1652630400,0.7098,0.7138,0.7071,0.7094
ENJUSDT,15,1652631300,0.7094,0.7158,0.7094,0.7155
ENJUSDT,15,1652632200,0.7155,0.7313,0.7129,0.7303
ENJUSDT,15,1652633100,0.7303,0.7304,0.7252,0.7281
ENJUSDT,15,1652634000,0.7281,0.7311,0.7237,0.7299
ENJUSDT,15,1652634900,0.7299,0.731,0.7255,0.7258
ENJUSDT,15,1652635800,0.7258,0.7258,0.7124,0.7132
ENJUSDT,15,1652636700,0.7132,0.7143,0.7041,0.7061
ENJUSDT,15,1652637600,0.7061,0.7097,0.703,0.7097
ENJUSDT,15,1652638500,0.7097,0.7157,0.7097,0.7144
ENJUSDT,15,1652639400,0.7144,0.7263,0.7135,0.7263
ENJUSDT,15,1652640300,0.7263,0.7276,0.7186,0.7197
ENJUSDT,15,1652641200,0.7197,0.7201,0.7078,0.7081
ENJUSDT,15,1652642100,0.7081,0.7096,0.7055,0.7065
ENJUSDT,15,1652643000,0.7065,0.7143,0.7065,0.7138
ENJUSDT,15,1652643900,0.7138,0.722,0.7138,0.722
ENJUSDT,15,1652644800,0.722,0.735,0.7179,0.7322
ENJUSDT,15,1652645700,0.7322,0.7371,0.7287,0.7301
ENJUSDT,15,1652646600,0.7301,0.737,0.7269,0.7366
ENJUSDT,15,1652647500,0.7366,0.7439,0.7341,0.7419
ENJUSDT,15,1652648400,0.7419,0.7469,0.7404,0.7439
ENJUSDT,15,1652649300,0.7439,0.744,0.7399,0.7408
ENJUSDT,15,1652650200,0.7408,0.7431,0.7385,0.7413
ENJUSDT,15,1652651100,0.7413,0.7487,0.7413,0.748
ENJUSDT,15,1669935600,0.3055,0.3062,0.3055,0.3062
ENJUSDT,15,1669935600,0.3055,0.3065,0.3055,0.3061
ENJUSDT,1,1669935600,0.3055,0.306,0.3055,0.306
ENJUSDT,1,1669935660,0.306,0.3064,0.306,0.3064
ENJUSDT,1,1669935720,0.3064,0.3065,0.3064,0.3064
ENJUSDT,1,1669935780,0.3064,0.3065,0.306,0.306
ENJUSDT,1,1669935840,0.306,0.3061,0.306,0.3061
ENJUSDT,1,1669935900,0.3061,0.3061,0.306,0.306
