symbol,period,start_at,open,high,low,close
C98USDT,15,1652652000,0.5359,0.5443,0.5359,0.5426
C98USDT,15,1652652900,0.5426,0.5492,0.5421,0.5459
C98USDT,15,1652653800,0.5459,0.55,0.5459,0.5482
C98USDT,15,1652654700,0.5482,0.5486,0.5418,0.5418
C98USDT,15,1652655600,0.5418,0.5429,0.539,0.5408
C98USDT,15,1652656500,0.5408,0.5449,0.5408,0.5434
C98USDT,15,1652657400,0.5434,0.5488,0.5429,0.5488
C98USDT,15,1652658300,0.5488,0.5542,0.5488,0.5532
C98USDT,15,1652659200,0.5532,0.5532,0.5431,0.5433
C98USDT,15,1652660100,0.5433,0.5433,0.5349,0.5369
C98USDT,15,1652661000,0.5369,0.5369,0.528,0.5286
C98USDT,15,1652661900,0.5286,0.5308,0.5272,0.5295
C98USDT,15,1652662800,0.5295,0.5344,0.5251,0.5267
C98USDT,15,1652663700,0.5267,0.5306,0.5262,0.5268
C98USDT,15,1652664600,0.5268,0.5278,0.5203,0.5252
C98USDT,15,1652665500,0.5252,0.5277,0.5223,0.5257
C98USDT,15,1652666400,0.5257,0.5264,0.5204,0.5223
C98USDT,15,1652667300,0.5223,0.5244,0.5219,0.5239
C98USDT,15,1652668200,0.5239,0.527,0.5234,0.5255
C98USDT,15,1652669100,0.5255,0.5266,0.5215,0.5258
C98USDT,15,1652670000,0.5258,0.5278,0.5206,0.5212
C98USDT,15,1652670900,0.5212,0.522,0.518,0.518
C98USDT,15,1652671800,0.518,0.5188,0.5154,0.5166
C98USDT,15,1652672700,0.5166,0.5173,0.5142,0.5173
C98USDT,15,1652673600,0.5173,0.5173,0.511,0.5118
C98USDT,15,1652674500,0.5118,0.5166,0.5113,0.5161
C98USDT,15,1652675400,0.5161,0.5176,0.5121,0.5172
C98USDT,15,1652676300,0.5172,0.5172,0.5137,0.5137
C98USDT,15,1652677200,0.5137,0.5167,0.5123,0.5165
C98USDT,15,1652678100,0.5165,0.5194,0.5165,0.519
C98USDT,15,1652679000,0.519,0.5217,0.5184,0.5214
C98USDT,15,1652679900,0.5214,0.5214,0.5134,0.5147
C98USDT,15,1652680800,0.5147,0.5147,0.4978,0.4994
C98USDT,15,1652681700,0.4994,0.5003,0.4882,0.4893
C98USDT,15,1652682600,0.4893,0.4918,0.4851,0.4909
C98USDT,15,1652683500,0.4909,0.4909,0.4844,0.4869
C98USDT,15,1652684400,0.4869,0.4869,0.4784,0.4812
C98USDT,15,1652685300,0.4812,0.483,0.4806,0.4825
C98USDT,15,1652686200,0.4825,0.4868,0.4818,0.4868
C98USDT,15,1652687100,0.4868,0.4894,0.4854,0.4861
C98USDT,15,1652688000,0.4861,0.4906,0.4856,0.4906
C98USDT,15,1652688900,0.4906,0.496,0.4906,0.4943
C98USDT,15,1652689800,0.4943,0.4997,0.4937,0.4989
C98USDT,15,1652690700,0.4989,0.4997,0.4981,0.4996
C98USDT,15,1652691600,0.4996,0.4996,0.49,0.4919
C98USDT,15,1652692500,0.4919,0.4924,0.4842,0.4842
C98USDT,15,1652693400,0.4842,0.4868,0.4829,0.4848
C98USDT,15,1652694300,0.4848,0.491,0.4848,0.4858
C98USDT,15,1652695200,0.4858,0.4917,0.4789,0.4908
C98USDT,15,1652696100,0.4908,0.4955,0.4908,0.4922
C98USDT,15,1652697000,0.4922,0.4991,0.492,0.4982
C98USDT,15,1652697900,0.4982,0.5016,0.4975,0.5006
C98USDT,15,1652698800,0.5006,0.5011,0.4959,0.4963
C98USDT,15,1652699700,0.4963,0.4963,0.4913,0.4938
C98USDT,15,1652700600,0.4938,0.4946,0.4902,0.4917
C98USDT,15,1652701500,0.4917,0.4924,0.4898,0.4912
C98USDT,15,1652702400,0.4912,0.4918,0.4851,0.488
C98USDT,15,1652703300,0.488,0.4947,0.4838,0.4938
C98USDT,15,1652704200,0.4938,0.4986,0.4906,0.4917
C98USDT,15,1652705100,0.4917,0.4929,0.4895,0.4914
C98USDT,15,1652706000,0.4914,0.496,0.4898,0.4924
C98USDT,15,1652706900,0.4924,0.4928,0.4881,0.4891
C98USDT,15,1652707800,0.4891,0.4922,0.4865,0.4892
C98USDT,15,1652708700,0.4892,0.4892,0.4814,0.4829
C98USDT,15,1652709600,0.4829,0.4912,0.4796,0.4891
C98USDT,15,1652710500,0.4891,0.4927,0.4891,0.4912
C98USDT,15,1652711400,0.4912,0.493,0.4881,0.4884
C98USDT,15,1652712300,0.4884,0.4892,0.4849,0.4856
C98USDT,15,1652713200,0.4856,0.4917,0.4849,0.4902
C98USDT,15,1652714100,0.4902,0.4931,0.4902,0.4912
C98USDT,15,1652715000,0.4912,0.4921,0.4828,0.4838
C98USDT,15,1652715900,0.4838,0.4928,0.4838,0.4928
C98USDT,15,1652716800,0.4928,0.4935,0.4839,0.4868
C98USDT,15,1652717700,0.4868,0.4897,0.4851,0.4882
C98USDT,15,1652718600,0.4882,0.492,0.4857,0.4857
C98USDT,15,1652719500,0.4857,0.4869,0.4846,0.4866
C98USDT,15,1652720400,0.4866,0.4906,0.486,0.4894
C98USDT,15,1652721300,0.4894,0.4918,0.4865,0.4918
C98USDT,15,1652722200,0.4918,0.4952,0.4918,0.4948
C98USDT,15,1652723100,0.4948,0.4952,0.4933,0.4942
C98USDT,15,1652724000,0.4942,0.4979,0.4929,0.4975
C98USDT,15,1652724900,0.4975,0.5007,0.4969,0.5007
C98USDT,15,1652725800,0.5007,0.5017,0.4992,0.4998
C98USDT,15,1652726700,0.4998,0.5012,0.4983,0.5006
C98USDT,15,1652727600,0.5006,0.5034,0.4982,0.4983
C98USDT,15,1652728500,0.4983,0.4996,0.4974,0.499
C98USDT,15,1652729400,0.499,0.499,0.496,0.4971
C98USDT,15,1652730300,0.4971,0.5012,0.4941,0.4957
C98USDT,15,1652731200,0.4957,0.4979,0.4946,0.4974
C98USDT,15,1652732100,0.4974,0.5001,0.497,0.498
C98USDT,15,1652733000,0.498,0.4988,0.4974,0.4979
C98USDT,15,1652733900,0.4979,0.5006,0.4979,0.4999
C98USDT,15,1652734800,0.4999,0.5047,0.4999,0.5024
C98USDT,15,1652735700,0.5024,0.5033,0.5004,0.5004
C98USDT,15,1652736600,0.5004,0.5016,0.5003,0.5016
C98USDT,15,1652737500,0.5016,0.5046,0.5015,0.5033
