symbol,period,start_at,open,high,low,close
CRVUSDT,15,1652565600,1.352,1.359,1.343,1.358
CRVUSDT,15,1652566500,1.358,1.369,1.349,1.349
CRVUSDT,15,1652567400,1.349,1.358,1.342,1.349
CRVUSDT,15,1652568300,1.349,1.395,1.348,1.383
CRVUSDT,15,1652569200,1.383,1.399,1.377,1.383
CRVUSDT,15,1652570100,1.383,1.413,1.381,1.409
CRVUSDT,15,1652571000,1.409,1.416,1.395,1.416
CRVUSDT,15,1652571900,1.416,1.43,1.409,1.416
CRVUSDT,15,1652572800,1.416,1.435,1.41,1.412
CRVUSDT,15,1652573700,1.412,1.448,1.412,1.446
CRVUSDT,15,1652574600,1.446,1.453,1.431,1.444
CRVUSDT,15,1652575500,1.444,1.444,1.418,1.421
CRVUSDT,15,1652576400,1.421,1.421,1.409,1.41
CRVUSDT,15,1652577300,1.41,1.413,1.403,1.405
CRVUSDT,15,1652578200,1.405,1.407,1.398,1.405
CRVUSDT,15,1652579100,1.405,1.414,1.404,1.405
CRVUSDT,15,1652580000,1.405,1.412,1.388,1.394
CRVUSDT,15,1652580900,1.394,1.413,1.385,1.409
CRVUSDT,15,1652581800,1.409,1.409,1.386,1.387
CRVUSDT,15,1652582700,1.387,1.4,1.385,1.4
CRVUSDT,15,1652583600,1.4,1.405,1.382,1.382
CRVUSDT,15,1652584500,1.382,1.389,1.378,1.387
CRVUSDT,15,1652585400,1.387,1.388,1.38,1.384
CRVUSDT,15,1652586300,1.384,1.384,1.379,1.382
CRVUSDT,15,1652587200,1.382,1.404,1.382,1.4
CRVUSDT,15,1652588100,1.4,1.401,1.382,1.385
CRVUSDT,15,1652589000,1.385,1.389,1.378,1.388
CRVUSDT,15,1652589900,1.388,1.392,1.382,1.382
CRVUSDT,15,1652590800,1.382,1.387,1.372,1.387
CRVUSDT,15,1652591700,1.387,1.395,1.385,1.391
CRVUSDT,15,1652592600,1.391,1.403,1.385,1.402
CRVUSDT,15,1652593500,1.402,1.419,1.398,1.418
CRVUSDT,15,1652594400,1.418,1.422,1.408,1.408
CRVUSDT,15,1652595300,1.408,1.42,1.405,1.416
CRVUSDT,15,1652596200,1.416,1.416,1.404,1.404
CRVUSDT,15,1652597100,1.404,1.433,1.403,1.432
CRVUSDT,15,1652598000,1.432,1.435,1.416,1.417
CRVUSDT,15,1652598900,1.417,1.418,1.409,1.41
CRVUSDT,15,1652599800,1.41,1.411,1.406,1.41
CRVUSDT,15,1652600700,1.41,1.41,1.39,1.39
CRVUSDT,15,1652601600,1.39,1.397,1.383,1.383
CRVUSDT,15,1652602500,1.383,1.384,1.377,1.377
CRVUSDT,15,1652603400,1.377,1.387,1.377,1.385
CRVUSDT,15,1652604300,1.385,1.385,1.373,1.375
CRVUSDT,15,1652605200,1.375,1.379,1.364,1.373
CRVUSDT,15,1652606100,1.373,1.381,1.371,1.378
CRVUSDT,15,1652607000,1.378,1.393,1.366,1.393
CRVUSDT,15,1652607900,1.393,1.394,1.389,1.392
CRVUSDT,15,1652608800,1.392,1.398,1.381,1.385
CRVUSDT,15,1652609700,1.385,1.394,1.378,1.391
CRVUSDT,15,1652610600,1.391,1.392,1.384,1.387
CRVUSDT,15,1652611500,1.387,1.41,1.384,1.409
CRVUSDT,15,1652612400,1.409,1.417,1.405,1.405
CRVUSDT,15,1652613300,1.405,1.409,1.394,1.406
CRVUSDT,15,1652614200,1.406,1.432,1.405,1.431
CRVUSDT,15,1652615100,1.431,1.447,1.431,1.443
CRVUSDT,15,1652616000,1.443,1.454,1.442,1.444
CRVUSDT,15,1652616900,1.444,1.461,1.437,1.437
CRVUSDT,15,1652617800,1.437,1.439,1.427,1.433
CRVUSDT,15,1652618700,1.433,1.438,1.425,1.432
CRVUSDT,15,1652619600,1.432,1.439,1.422,1.439
CRVUSDT,15,1652620500,1.439,1.44,1.42,1.422
CRVUSDT,15,1652621400,1.422,1.427,1.408,1.414
CRVUSDT,15,1652622300,1.414,1.415,1.405,1.411
CRVUSDT,15,1652623200,1.411,1.421,1.399,1.42
CRVUSDT,15,1652624100,1.42,1.421,1.405,1.413
CRVUSDT,15,1652625000,1.413,1.42,1.399,1.419
CRVUSDT,15,1652625900,1.419,1.428,1.402,1.409
CRVUSDT,15,1652626800,1.409,1.425,1.406,1.424
CRVUSDT,15,1652627700,1.424,1.429,1.416,1.419
CRVUSDT,15,1652628600,1.419,1.419,1.399,1.4
CRVUSDT,15,1652629500,1.4,1.407,1.385,1.407
CRVUSDT,15,1652630400,1.407,1.424,1.403,1.414
CRVUSDT,15,1652631300,1.414,1.435,1.412,1.416
CRVUSDT,15,1652632200,1.416,1.448,1.414,1.447
CRVUSDT,15,1652633100,1.447,1.447,1.432,1.435
CRVUSDT,15,1652634000,1.435,1.438,1.425,1.436
CRVUSDT,15,1652634900,1.436,1.439,1.429,1.438
CRVUSDT,15,1652635800,1.438,1.438,1.428,1.432
CRVUSDT,15,1652636700,1.432,1.432,1.416,1.421
CRVUSDT,15,1652637600,1.421,1.434,1.416,1.434
CRVUSDT,15,1652638500,1.434,1.446,1.433,1.434
CRVUSDT,15,1652639400,1.434,1.454,1.434,1.452
CRVUSDT,15,1652640300,1.452,1.454,1.432,1.444
CRVUSDT,15,1652641200,1.444,1.445,1.431,1.436
CRVUSDT,15,1652642100,1.436,1.444,1.432,1.435
CRVUSDT,15,1652643000,1.435,1.449,1.426,1.446
CRVUSDT,15,1652643900,1.446,1.456,1.446,1.453
CRVUSDT,15,1652644800,1.453,1.482,1.446,1.47
CRVUSDT,15,1652645700,1.47,1.479,1.462,1.464
CRVUSDT,15,1652646600,1.464,1.47,1.461,1.467
CRVUSDT,15,1652647500,1.467,1.481,1.465,1.479
CRVUSDT,15,1652648400,1.479,1.481,1.47,1.471
CRVUSDT,15,1652649300,1.471,1.471,1.465,1.468
CRVUSDT,15,1652650200,1.468,1.471,1.467,1.47
CRVUSDT,15,1652651100,1.47,1.48,1.47,1.479
CRVUSDT,15,1669935600,0.643,0.643,0.642,0.642
CRVUSDT,15,1669935600,0.643,0.644,0.64,0.642
CRVUSDT,1,1669935600,0.643,0.643,0.642,0.642
CRVUSDT,1,1669935660,0.642,0.644,0.642,0.644
CRVUSDT,1,1669935720,0.644,0.644,0.643,0.643
CRVUSDT,1,1669935780,0.643,0.643,0.641,0.641
CRVUSDT,1,1669935840,0.641,0.643,0.64,0.642
CRVUSDT,1,1669935900,0.642,0.643,0.642,0.643
