symbol,period,start_at,open,high,low,close
LINAUSDT,15,1652565600,0.00836,0.00841,0.0083,0.0084
LINAUSDT,15,1652566500,0.0084,0.00841,0.00832,0.00833
LINAUSDT,15,1652567400,0.00833,0.00839,0.00832,0.00837
LINAUSDT,15,1652568300,0.00837,0.00859,0.00837,0.00852
LINAUSDT,15,1652569200,0.00852,0.00857,0.00846,0.00848
LINAUSDT,15,1652570100,0.00848,0.00857,0.00845,0.00857
LINAUSDT,15,1652571000,0.00857,0.0086,0.00851,0.00859
LINAUSDT,15,1652571900,0.00859,0.00869,0.00858,0.00863
LINAUSDT,15,1652572800,0.00863,0.00874,0.00859,0.00864
LINAUSDT,15,1652573700,0.00864,0.009,0.00864,0.00898
LINAUSDT,15,1652574600,0.00898,0.00904,0.00883,0.00885
LINAUSDT,15,1652575500,0.00885,0.00886,0.00882,0.00886
LINAUSDT,15,1652576400,0.00886,0.00887,0.00875,0.00875
LINAUSDT,15,1652577300,0.00875,0.0088,0.00874,0.00874
LINAUSDT,15,1652578200,0.00874,0.00876,0.00864,0.00869
LINAUSDT,15,1652579100,0.00869,0.00877,0.00867,0.00875
LINAUSDT,15,1652580000,0.00875,0.00882,0.00863,0.00865
LINAUSDT,15,1652580900,0.00865,0.00866,0.00855,0.0086
LINAUSDT,15,1652581800,0.0086,0.0086,0.0085,0.0085
LINAUSDT,15,1652582700,0.0085,0.00855,0.00849,0.00852
LINAUSDT,15,1652583600,0.00852,0.00861,0.00852,0.00855
LINAUSDT,15,1652584500,0.00855,0.00855,0.00845,0.00846
LINAUSDT,15,1652585400,0.00846,0.00852,0.00841,0.00851
LINAUSDT,15,1652586300,0.00851,0.00857,0.00851,0.00856
LINAUSDT,15,1652587200,0.00856,0.00859,0.00848,0.00859
LINAUSDT,15,1652588100,0.00859,0.00859,0.00852,0.00854
LINAUSDT,15,1652589000,0.00854,0.00856,0.00842,0.00848
LINAUSDT,15,1652589900,0.00848,0.00853,0.00847,0.00848
LINAUSDT,15,1652590800,0.00848,0.0085,0.00841,0.00846
LINAUSDT,15,1652591700,0.00846,0.00854,0.00846,0.00854
LINAUSDT,15,1652592600,0.00854,0.00867,0.00852,0.00866
LINAUSDT,15,1652593500,0.00866,0.00882,0.00865,0.00879
LINAUSDT,15,1652594400,0.00879,0.00886,0.00875,0.00876
LINAUSDT,15,1652595300,0.00876,0.00891,0.00873,0.00888
LINAUSDT,15,1652596200,0.00888,0.00888,0.00878,0.00878
LINAUSDT,15,1652597100,0.00878,0.00895,0.00876,0.00893
LINAUSDT,15,1652598000,0.00893,0.009,0.00886,0.00889
LINAUSDT,15,1652598900,0.00889,0.0089,0.00885,0.00885
LINAUSDT,15,1652599800,0.00885,0.0089,0.00883,0.00888
LINAUSDT,15,1652600700,0.00888,0.00889,0.00877,0.00878
LINAUSDT,15,1652601600,0.00878,0.00883,0.00872,0.00874
LINAUSDT,15,1652602500,0.00874,0.00881,0.00867,0.00878
LINAUSDT,15,1652603400,0.00878,0.0088,0.00873,0.00878
LINAUSDT,15,1652604300,0.00878,0.00878,0.00868,0.00872
LINAUSDT,15,1652605200,0.00872,0.00878,0.00871,0.00871
LINAUSDT,15,1652606100,0.00871,0.00881,0.00869,0.00878
LINAUSDT,15,1652607000,0.00878,0.00882,0.00876,0.00882
LINAUSDT,15,1652607900,0.00882,0.00885,0.00882,0.00883
LINAUSDT,15,1652608800,0.00883,0.00885,0.00871,0.00875
LINAUSDT,15,1652609700,0.00875,0.00875,0.00869,0.00872
LINAUSDT,15,1652610600,0.00872,0.00876,0.0087,0.00876
LINAUSDT,15,1652611500,0.00876,0.00892,0.00875,0.00891
LINAUSDT,15,1652612400,0.00891,0.00895,0.00889,0.00894
LINAUSDT,15,1652613300,0.00894,0.00904,0.00889,0.00904
LINAUSDT,15,1652614200,0.00904,0.00918,0.00904,0.00918
LINAUSDT,15,1652615100,0.00918,0.00929,0.00918,0.00924
LINAUSDT,15,1652616000,0.00924,0.00936,0.00924,0.00925
LINAUSDT,15,1652616900,0.00925,0.00931,0.00914,0.00915
LINAUSDT,15,1652617800,0.00915,0.00918,0.00908,0.00918
LINAUSDT,15,1652618700,0.00918,0.00923,0.00912,0.00915
LINAUSDT,15,1652619600,0.00915,0.00915,0.00908,0.00915
LINAUSDT,15,1652620500,0.00915,0.00917,0.00899,0.00902
LINAUSDT,15,1652621400,0.00902,0.00904,0.00893,0.00893
LINAUSDT,15,1652622300,0.00893,0.00898,0.00891,0.00896
LINAUSDT,15,1652623200,0.00896,0.00897,0.00878,0.00884
LINAUSDT,15,1652624100,0.00884,0.00886,0.00863,0.00872
LINAUSDT,15,1652625000,0.00872,0.00883,0.00863,0.0088
LINAUSDT,15,1652625900,0.0088,0.00884,0.00878,0.00882
LINAUSDT,15,1652626800,0.00882,0.00899,0.00882,0.00897
LINAUSDT,15,1652627700,0.00897,0.00897,0.00887,0.00891
LINAUSDT,15,1652628600,0.00891,0.00891,0.00876,0.00877
LINAUSDT,15,1652629500,0.00877,0.00881,0.00865,0.00876
LINAUSDT,15,1652630400,0.00876,0.00884,0.00873,0.00879
LINAUSDT,15,1652631300,0.00879,0.00889,0.00879,0.00888
LINAUSDT,15,1652632200,0.00888,0.00902,0.00887,0.00901
LINAUSDT,15,1652633100,0.00901,0.00903,0.00895,0.00899
LINAUSDT,15,1652634000,0.00899,0.009,0.00895,0.00899
LINAUSDT,15,1652634900,0.00899,0.00901,0.00897,0.00897
LINAUSDT,15,1652635800,0.00897,0.00897,0.00885,0.00887
LINAUSDT,15,1652636700,0.00887,0.0089,0.0088,0.00881
LINAUSDT,15,1652637600,0.00881,0.00883,0.00871,0.00883
LINAUSDT,15,1652638500,0.00883,0.00892,0.00883,0.00891
LINAUSDT,15,1652639400,0.00891,0.00901,0.00891,0.00901
LINAUSDT,15,1652640300,0.00901,0.00902,0.0089,0.00892
LINAUSDT,15,1652641200,0.00892,0.00893,0.00884,0.00885
LINAUSDT,15,1652642100,0.00885,0.00892,0.00884,0.00886
LINAUSDT,15,1652643000,0.00886,0.00898,0.00886,0.00897
LINAUSDT,15,1652643900,0.00897,0.00907,0.00897,0.00904
LINAUSDT,15,1652644800,0.00904,0.0092,0.00901,0.00918
LINAUSDT,15,1652645700,0.00918,0.00924,0.00912,0.00916
LINAUSDT,15,1652646600,0.00916,0.00926,0.00911,0.00921
LINAUSDT,15,1652647500,0.00921,0.0093,0.00919,0.00928
LINAUSDT,15,1652648400,0.00928,0.0093,0.00921,0.00923
LINAUSDT,15,1652649300,0.00923,0.00923,0.00917,0.00917
LINAUSDT,15,1652650200,0.00917,0.00918,0.00915,0.00917
LINAUSDT,15,1652651100,0.00917,0.00927,0.00916,0.00927
LINAUSDT,15,1669935600,0.00619,0.00619,0.00619,0.00619
LINAUSDT,15,1669935600,0.00619,0.00621,0.00619,0.00621
LINAUSDT,1,1669935600,0.00619,0.00619,0.00619,0.00619
LINAUSDT,1,1669935660,0.00619,0.0062,0.00619,0.0062
LINAUSDT,1,1669935720,0.0062,0.00621,0.0062,0.0062
LINAUSDT,1,1669935780,0.0062,0.00621,0.00619,0.00619
LINAUSDT,1,1669935840,0.00619,0.00621,0.00619,0.00621
LINAUSDT,1,1669935900,0.00621,0.00621,0.00621,0.00621
