symbol,period,start_at,open,high,low,close
FITFIUSDT,15,1652565600,0.2574,0.26271,0.25739,0.2607
FITFIUSDT,15,1652566500,0.2607,0.26161,0.25132,0.25232
FITFIUSDT,15,1652567400,0.25232,0.253,0.24798,0.25178
FITFIUSDT,15,1652568300,0.25178,0.26901,0.25177,0.26838
FITFIUSDT,15,1652569200,0.26838,0.27452,0.26172,0.26216
FITFIUSDT,15,1652570100,0.26216,0.26458,0.25724,0.26415
FITFIUSDT,15,1652571000,0.26415,0.2717,0.26094,0.27072
FITFIUSDT,15,1652571900,0.27072,0.27268,0.26834,0.27033
FITFIUSDT,15,1652572800,0.27033,0.27167,0.25793,0.26011
FITFIUSDT,15,1652573700,0.26011,0.26881,0.25992,0.26369
FITFIUSDT,15,1652574600,0.26369,0.26532,0.25438,0.25863
FITFIUSDT,15,1652575500,0.25863,0.25874,0.24987,0.25255
FITFIUSDT,15,1652576400,0.25255,0.25558,0.24156,0.24489
FITFIUSDT,15,1652577300,0.24489,0.25311,0.24287,0.25014
FITFIUSDT,15,1652578200,0.25014,0.25406,0.24966,0.25167
FITFIUSDT,15,1652579100,0.25167,0.25671,0.25079,0.25233
FITFIUSDT,15,1652580000,0.25233,0.25676,0.24678,0.24719
FITFIUSDT,15,1652580900,0.24719,0.2496,0.24096,0.24145
FITFIUSDT,15,1652581800,0.24145,0.24583,0.24012,0.24119
FITFIUSDT,15,1652582700,0.24119,0.25312,0.23995,0.24776
FITFIUSDT,15,1652583600,0.24776,0.25323,0.24363,0.24402
FITFIUSDT,15,1652584500,0.24402,0.24549,0.23428,0.23629
FITFIUSDT,15,1652585400,0.23629,0.24597,0.23604,0.24355
FITFIUSDT,15,1652586300,0.24355,0.24683,0.24338,0.24498
FITFIUSDT,15,1652587200,0.24498,0.25226,0.24327,0.2511
FITFIUSDT,15,1652588100,0.2511,0.2512,0.24238,0.24751
FITFIUSDT,15,1652589000,0.24751,0.24751,0.24158,0.24355
FITFIUSDT,15,1652589900,0.24355,0.24735,0.24155,0.24457
FITFIUSDT,15,1652590800,0.24457,0.24457,0.2357,0.23781
FITFIUSDT,15,1652591700,0.23781,0.24251,0.23701,0.2409
FITFIUSDT,15,1652592600,0.2409,0.2448,0.23581,0.2448
FITFIUSDT,15,1652593500,0.2448,0.25208,0.24081,0.24988
FITFIUSDT,15,1652594400,0.24988,0.25206,0.24612,0.24674
FITFIUSDT,15,1652595300,0.24674,0.25123,0.24398,0.24878
FITFIUSDT,15,1652596200,0.24878,0.24999,0.24609,0.24642
FITFIUSDT,15,1652597100,0.24642,0.25206,0.24396,0.25167
FITFIUSDT,15,1652598000,0.25167,0.25391,0.24899,0.25207
FITFIUSDT,15,1652598900,0.25207,0.25618,0.25185,0.2541
FITFIUSDT,15,1652599800,0.2541,0.25434,0.25036,0.25157
FITFIUSDT,15,1652600700,0.25157,0.25157,0.24795,0.2502
FITFIUSDT,15,1652601600,0.2502,0.25058,0.24746,0.24781
FITFIUSDT,15,1652602500,0.24781,0.24804,0.2456,0.24621
FITFIUSDT,15,1652603400,0.24621,0.24661,0.24262,0.2427
FITFIUSDT,15,1652604300,0.2427,0.24291,0.23793,0.24097
FITFIUSDT,15,1652605200,0.24097,0.24436,0.23523,0.23563
FITFIUSDT,15,1652606100,0.23563,0.24225,0.23539,0.2398
FITFIUSDT,15,1652607000,0.2398,0.24395,0.2398,0.24336
FITFIUSDT,15,1652607900,0.24336,0.24554,0.24164,0.24359
FITFIUSDT,15,1652608800,0.24359,0.24482,0.2389,0.24358
FITFIUSDT,15,1652609700,0.24358,0.24369,0.24075,0.24223
FITFIUSDT,15,1652610600,0.24223,0.2454,0.24014,0.24426
FITFIUSDT,15,1652611500,0.24426,0.25336,0.2439,0.25302
FITFIUSDT,15,1652612400,0.25302,0.25302,0.24738,0.24824
FITFIUSDT,15,1652613300,0.24824,0.24979,0.24295,0.24856
FITFIUSDT,15,1652614200,0.24856,0.25238,0.24832,0.25084
FITFIUSDT,15,1652615100,0.25084,0.25701,0.25078,0.25549
FITFIUSDT,15,1652616000,0.25549,0.26332,0.25304,0.25911
FITFIUSDT,15,1652616900,0.25911,0.26126,0.25298,0.2534
FITFIUSDT,15,1652617800,0.2534,0.25604,0.25101,0.25442
FITFIUSDT,15,1652618700,0.25442,0.25751,0.25386,0.25463
FITFIUSDT,15,1652619600,0.25463,0.25463,0.24927,0.25076
FITFIUSDT,15,1652620500,0.25076,0.25148,0.24314,0.24443
FITFIUSDT,15,1652621400,0.24443,0.24901,0.2428,0.2435
FITFIUSDT,15,1652622300,0.2435,0.24529,0.24074,0.2436
FITFIUSDT,15,1652623200,0.2436,0.24508,0.24244,0.24273
FITFIUSDT,15,1652624100,0.24273,0.24461,0.24126,0.2419
FITFIUSDT,15,1652625000,0.2419,0.24494,0.23837,0.24355
FITFIUSDT,15,1652625900,0.24355,0.24927,0.24332,0.24678
FITFIUSDT,15,1652626800,0.24678,0.25494,0.24606,0.25351
FITFIUSDT,15,1652627700,0.25351,0.25398,0.24714,0.2493
FITFIUSDT,15,1652628600,0.2493,0.2493,0.24421,0.24515
FITFIUSDT,15,1652629500,0.24515,0.24838,0.24421,0.24596
FITFIUSDT,15,1652630400,0.24596,0.25321,0.24572,0.24977
FITFIUSDT,15,1652631300,0.24977,0.25444,0.24951,0.25442
FITFIUSDT,15,1652632200,0.25442,0.26149,0.25384,0.26078
FITFIUSDT,15,1652633100,0.26078,0.26078,0.25418,0.25479
FITFIUSDT,15,1652634000,0.25479,0.25555,0.25152,0.25446
FITFIUSDT,15,1652634900,0.25446,0.25595,0.2535,0.25436
FITFIUSDT,15,1652635800,0.25436,0.25445,0.24677,0.24752
FITFIUSDT,15,1652636700,0.24752,0.2519,0.24752,0.25149
FITFIUSDT,15,1652637600,0.25149,0.25404,0.25055,0.25369
FITFIUSDT,15,1652638500,0.25369,0.25552,0.25073,0.25077
FITFIUSDT,15,1652639400,0.25077,0.25948,0.25076,0.25948
FITFIUSDT,15,1652640300,0.25948,0.25998,0.25735,0.25871
FITFIUSDT,15,1652641200,0.25871,0.25906,0.25522,0.25552
FITFIUSDT,15,1652642100,0.25552,0.25694,0.25379,0.25385
FITFIUSDT,15,1652643000,0.25385,0.25653,0.25208,0.25576
FITFIUSDT,15,1652643900,0.25576,0.26125,0.25489,0.26105
FITFIUSDT,15,1652644800,0.26105,0.26822,0.2584,0.26785
FITFIUSDT,15,1652645700,0.26785,0.26891,0.26625,0.26809
FITFIUSDT,15,1652646600,0.26809,0.2681,0.26398,0.2645
FITFIUSDT,15,1652647500,0.2645,0.2695,0.26378,0.2695
FITFIUSDT,15,1652648400,0.2695,0.27629,0.26926,0.27556
FITFIUSDT,15,1652649300,0.27556,0.27561,0.26709,0.26738
FITFIUSDT,15,1652650200,0.26738,0.27497,0.26577,0.273
FITFIUSDT,15,1652651100,0.273,0.28001,0.271,0.28
FITFIUSDT,15,1669935600,0.03764,0.03764,0.0376,0.0376
FITFIUSDT,15,1669935600,0.03764,0.03765,0.0376,0.03765
FITFIUSDT,1,1669935600,0.03764,0.03764,0.0376,0.0376
FITFIUSDT,1,1669935660,0.0376,0.0376,0.0376,0.0376
FITFIUSDT,1,1669935720,0.0376,0.0376,0.0376,0.0376
FITFIUSDT,1,1669935780,0.0376,0.03765,0.0376,0.03765
FITFIUSDT,1,1669935840,0.03765,0.03765,0.03765,0.03765
FITFIUSDT,1,1669935900,0.03765,0.03767,0.03765,0.03767
