symbol,period,start_at,open,high,low,close
RNDRUSDT,15,1652565600,0.826,0.826,0.819,0.82
RNDRUSDT,15,1652566500,0.82,0.821,0.807,0.807
RNDRUSDT,15,1652567400,0.807,0.81,0.807,0.809
RNDRUSDT,15,1652568300,0.809,0.83,0.809,0.83
RNDRUSDT,15,1652569200,0.83,0.833,0.83,0.83
RNDRUSDT,15,1652570100,0.83,0.838,0.83,0.837
RNDRUSDT,15,1652571000,0.837,0.853,0.833,0.851
RNDRUSDT,15,1652571900,0.851,0.864,0.851,0.861
RNDRUSDT,15,1652572800,0.861,0.873,0.854,0.855
RNDRUSDT,15,1652573700,0.855,0.871,0.855,0.871
RNDRUSDT,15,1652574600,0.871,0.876,0.863,0.863
RNDRUSDT,15,1652575500,0.863,0.863,0.846,0.846
RNDRUSDT,15,1652576400,0.846,0.847,0.826,0.829
RNDRUSDT,15,1652577300,0.829,0.83,0.828,0.828
RNDRUSDT,15,1652578200,0.828,0.829,0.823,0.825
RNDRUSDT,15,1652579100,0.825,0.83,0.824,0.827
RNDRUSDT,15,1652580000,0.827,0.83,0.818,0.818
RNDRUSDT,15,1652580900,0.818,0.818,0.811,0.813
RNDRUSDT,15,1652581800,0.813,0.813,0.809,0.81
RNDRUSDT,15,1652582700,0.81,0.812,0.809,0.812
RNDRUSDT,15,1652583600,0.812,0.812,0.806,0.806
RNDRUSDT,15,1652584500,0.806,0.806,0.802,0.802
RNDRUSDT,15,1652585400,0.802,0.805,0.801,0.805
RNDRUSDT,15,1652586300,0.805,0.806,0.805,0.806
RNDRUSDT,15,1652587200,0.806,0.812,0.805,0.812
RNDRUSDT,15,1652588100,0.812,0.813,0.81,0.812
RNDRUSDT,15,1652589000,0.812,0.812,0.805,0.807
RNDRUSDT,15,1652589900,0.807,0.812,0.807,0.81
RNDRUSDT,15,1652590800,0.81,0.811,0.807,0.808
RNDRUSDT,15,1652591700,0.808,0.814,0.807,0.814
RNDRUSDT,15,1652592600,0.814,0.818,0.812,0.818
RNDRUSDT,15,1652593500,0.818,0.824,0.817,0.824
RNDRUSDT,15,1652594400,0.824,0.825,0.822,0.824
RNDRUSDT,15,1652595300,0.824,0.825,0.822,0.825
RNDRUSDT,15,1652596200,0.825,0.825,0.821,0.825
RNDRUSDT,15,1652597100,0.825,0.83,0.825,0.83
RNDRUSDT,15,1652598000,0.83,0.833,0.83,0.832
RNDRUSDT,15,1652598900,0.832,0.832,0.826,0.826
RNDRUSDT,15,1652599800,0.826,0.826,0.824,0.825
RNDRUSDT,15,1652600700,0.825,0.825,0.817,0.819
RNDRUSDT,15,1652601600,0.819,0.82,0.81,0.81
RNDRUSDT,15,1652602500,0.81,0.81,0.807,0.808
RNDRUSDT,15,1652603400,0.808,0.808,0.806,0.807
RNDRUSDT,15,1652604300,0.807,0.807,0.804,0.804
RNDRUSDT,15,1652605200,0.804,0.806,0.804,0.804
RNDRUSDT,15,1652606100,0.804,0.811,0.803,0.81
RNDRUSDT,15,1652607000,0.81,0.811,0.809,0.811
RNDRUSDT,15,1652607900,0.811,0.811,0.81,0.811
RNDRUSDT,15,1652608800,0.811,0.812,0.804,0.805
RNDRUSDT,15,1652609700,0.805,0.805,0.805,0.805
RNDRUSDT,15,1652610600,0.805,0.806,0.803,0.806
RNDRUSDT,15,1652611500,0.806,0.816,0.805,0.816
RNDRUSDT,15,1652612400,0.816,0.819,0.816,0.817
RNDRUSDT,15,1652613300,0.817,0.818,0.814,0.818
RNDRUSDT,15,1652614200,0.818,0.83,0.816,0.83
RNDRUSDT,15,1652615100,0.83,0.834,0.83,0.831
RNDRUSDT,15,1652616000,0.831,0.844,0.831,0.843
RNDRUSDT,15,1652616900,0.843,0.859,0.843,0.848
RNDRUSDT,15,1652617800,0.848,0.848,0.828,0.841
RNDRUSDT,15,1652618700,0.841,0.843,0.836,0.836
RNDRUSDT,15,1652619600,0.836,0.836,0.828,0.831
RNDRUSDT,15,1652620500,0.831,0.835,0.821,0.821
RNDRUSDT,15,1652621400,0.821,0.821,0.813,0.813
RNDRUSDT,15,1652622300,0.813,0.813,0.805,0.808
RNDRUSDT,15,1652623200,0.808,0.809,0.802,0.805
RNDRUSDT,15,1652624100,0.805,0.807,0.799,0.804
RNDRUSDT,15,1652625000,0.804,0.81,0.803,0.81
RNDRUSDT,15,1652625900,0.81,0.814,0.81,0.814
RNDRUSDT,15,1652626800,0.814,0.821,0.813,0.821
RNDRUSDT,15,1652627700,0.821,0.821,0.816,0.819
RNDRUSDT,15,1652628600,0.819,0.819,0.811,0.812
RNDRUSDT,15,1652629500,0.812,0.815,0.808,0.813
RNDRUSDT,15,1652630400,0.813,0.819,0.813,0.816
RNDRUSDT,15,1652631300,0.816,0.829,0.816,0.829
RNDRUSDT,15,1652632200,0.829,0.85,0.829,0.85
RNDRUSDT,15,1652633100,0.85,0.867,0.85,0.865
RNDRUSDT,15,1652634000,0.865,0.937,0.864,0.933
RNDRUSDT,15,1652634900,0.933,0.934,0.856,0.859
RNDRUSDT,15,1652635800,0.859,0.864,0.852,0.864
RNDRUSDT,15,1652636700,0.864,0.87,0.86,0.867
RNDRUSDT,15,1652637600,0.867,0.876,0.866,0.876
RNDRUSDT,15,1652638500,0.876,0.887,0.876,0.886
RNDRUSDT,15,1652639400,0.886,0.913,0.886,0.907
RNDRUSDT,15,1652640300,0.907,0.911,0.906,0.907
RNDRUSDT,15,1652641200,0.907,0.911,0.906,0.906
RNDRUSDT,15,1652642100,0.906,0.909,0.904,0.908
RNDRUSDT,15,1652643000,0.908,0.916,0.908,0.915
RNDRUSDT,15,1652643900,0.915,0.924,0.915,0.924
RNDRUSDT,15,1652644800,0.924,0.925,0.914,0.92
RNDRUSDT,15,1652645700,0.92,0.927,0.917,0.92
RNDRUSDT,15,1652646600,0.92,0.92,0.918,0.918
RNDRUSDT,15,1652647500,0.918,0.919,0.915,0.915
RNDRUSDT,15,1652648400,0.915,0.921,0.915,0.915
RNDRUSDT,15,1652649300,0.915,0.915,0.91,0.913
RNDRUSDT,15,1652650200,0.913,0.915,0.913,0.915
RNDRUSDT,15,1652651100,0.915,0.918,0.913,0.916
RNDRUSDT,15,1669935600,0.481,0.481,0.481,0.481
RNDRUSDT,15,1669935600,0.481,0.481,0.481,0.481
RNDRUSDT,1,1669935600,0.481,0.481,0.481,0.481
RNDRUSDT,1,1669935660,0.481,0.481,0.481,0.481
RNDRUSDT,1,1669935720,0.481,0.481,0.481,0.481
RNDRUSDT,1,1669935780,0.481,0.481,0.481,0.481
RNDRUSDT,1,1669935840,0.481,0.481,0.481,0.481
RNDRUSDT,1,1669935900,0.481,0.481,0.481,0.481
