symbol,period,start_at,open,high,low,close
ONTUSDT,15,1654498800,0.3212,0.32239,0.32069,0.3219
ONTUSDT,15,1654499700,0.3219,0.32199,0.31845,0.31853
ONTUSDT,15,1654500600,0.31853,0.32039,0.3181,0.31961
ONTUSDT,15,1654501500,0.31961,0.32398,0.31961,0.32336
ONTUSDT,15,1654502400,0.32336,0.32351,0.32065,0.32293
ONTUSDT,15,1654503300,0.32293,0.32401,0.32232,0.32401
ONTUSDT,15,1654504200,0.32401,0.32432,0.32035,0.32043
ONTUSDT,15,1654505100,0.32043,0.32063,0.31724,0.3187
ONTUSDT,15,1654506000,0.3187,0.31984,0.31863,0.31931
ONTUSDT,15,1654506900,0.31931,0.31994,0.31863,0.31953
ONTUSDT,15,1654507800,0.31953,0.31962,0.31841,0.31862
ONTUSDT,15,1654508700,0.31862,0.3196,0.31862,0.3196
ONTUSDT,15,1654509600,0.3196,0.3201,0.31843,0.31891
ONTUSDT,15,1654510500,0.31891,0.3195,0.31824,0.31873
ONTUSDT,15,1654511400,0.31873,0.31921,0.31841,0.31912
ONTUSDT,15,1654512300,0.31912,0.3205,0.31893,0.31922
ONTUSDT,15,1654513200,0.31922,0.31971,0.31655,0.31732
ONTUSDT,15,1654514100,0.31732,0.31832,0.31714,0.31779
ONTUSDT,15,1654515000,0.31779,0.31779,0.31433,0.31491
ONTUSDT,15,1654515900,0.31491,0.31503,0.31382,0.31445
ONTUSDT,15,1654516800,0.31445,0.31516,0.31388,0.31391
ONTUSDT,15,1654517700,0.31391,0.31521,0.31269,0.31504
ONTUSDT,15,1654518600,0.31504,0.31509,0.31351,0.31419
ONTUSDT,15,1654519500,0.31419,0.31439,0.31241,0.3135
ONTUSDT,15,1654520400,0.3135,0.31402,0.31221,0.31301
ONTUSDT,15,1654521300,0.31301,0.31392,0.3117,0.31358
ONTUSDT,15,1654522200,0.31358,0.31478,0.31162,0.31356
ONTUSDT,15,1654523100,0.31356,0.31356,0.31188,0.31282
ONTUSDT,15,1654524000,0.31282,0.3149,0.31261,0.31358
ONTUSDT,15,1654524900,0.31358,0.31441,0.31287,0.31382
ONTUSDT,15,1654525800,0.31382,0.3142,0.31161,0.3121
ONTUSDT,15,1654526700,0.3121,0.31238,0.31007,0.31049
ONTUSDT,15,1654527600,0.31049,0.31129,0.30843,0.30957
ONTUSDT,15,1654528500,0.30957,0.30981,0.30786,0.30892
ONTUSDT,15,1654529400,0.30892,0.31049,0.30881,0.3097
ONTUSDT,15,1654530300,0.3097,0.31094,0.3091,0.3104
ONTUSDT,15,1654531200,0.3104,0.31207,0.31022,0.31083
ONTUSDT,15,1654532100,0.31083,0.31207,0.31012,0.31056
ONTUSDT,15,1654533000,0.31056,0.31063,0.30786,0.30866
ONTUSDT,15,1654533900,0.30866,0.30891,0.30704,0.30754
ONTUSDT,15,1654534800,0.30754,0.30812,0.30625,0.30663
ONTUSDT,15,1654535700,0.30663,0.30663,0.30548,0.30593
ONTUSDT,15,1654536600,0.30593,0.30656,0.30533,0.30656
ONTUSDT,15,1654537500,0.30656,0.30753,0.30511,0.30547
ONTUSDT,15,1654538400,0.30547,0.30661,0.30522,0.30642
ONTUSDT,15,1654539300,0.30642,0.30642,0.30553,0.30612
ONTUSDT,15,1654540200,0.30612,0.30623,0.30487,0.30613
ONTUSDT,15,1654541100,0.30613,0.30679,0.30481,0.30652
ONTUSDT,15,1654542000,0.30652,0.30652,0.30514,0.30552
ONTUSDT,15,1654542900,0.30552,0.30612,0.30539,0.30557
ONTUSDT,15,1654543800,0.30557,0.3066,0.30539,0.30638
ONTUSDT,15,1654544700,0.30638,0.30762,0.30612,0.30744
ONTUSDT,15,1654545600,0.30744,0.30773,0.30511,0.30622
ONTUSDT,15,1654546500,0.30622,0.30809,0.30622,0.30752
ONTUSDT,15,1654547400,0.30752,0.30821,0.30663,0.30726
ONTUSDT,15,1654548300,0.30726,0.30911,0.30726,0.30843
ONTUSDT,15,1654549200,0.30843,0.31005,0.30843,0.30972
ONTUSDT,15,1654550100,0.30972,0.31109,0.30933,0.31075
ONTUSDT,15,1654551000,0.31075,0.31081,0.30924,0.3094
ONTUSDT,15,1654551900,0.3094,0.31279,0.30904,0.31279
ONTUSDT,15,1654552800,0.31279,0.31391,0.3126,0.31352
ONTUSDT,15,1654553700,0.31352,0.31401,0.31166,0.31214
ONTUSDT,15,1654554600,0.31214,0.31328,0.31083,0.31305
ONTUSDT,15,1654555500,0.31305,0.31348,0.3117,0.31256
ONTUSDT,15,1654556400,0.31256,0.31336,0.3118,0.3132
ONTUSDT,15,1654557300,0.3132,0.3132,0.31221,0.31251
ONTUSDT,15,1654558200,0.31251,0.31311,0.31169,0.31309
ONTUSDT,15,1654559100,0.31309,0.31447,0.31292,0.31334
ONTUSDT,15,1654560000,0.31334,0.31392,0.30734,0.30832
ONTUSDT,15,1654560900,0.30832,0.3114,0.29981,0.30208
ONTUSDT,15,1654561800,0.30208,0.30208,0.29662,0.29714
ONTUSDT,15,1654562700,0.29714,0.29894,0.29432,0.29488
ONTUSDT,15,1654563600,0.29488,0.29743,0.29338,0.29672
ONTUSDT,15,1654564500,0.29672,0.29672,0.29412,0.29477
ONTUSDT,15,1654565400,0.29477,0.29559,0.29241,0.29251
ONTUSDT,15,1654566300,0.29251,0.29282,0.28805,0.292
ONTUSDT,15,1654567200,0.292,0.29249,0.29011,0.29047
ONTUSDT,15,1654568100,0.29047,0.29206,0.28981,0.29081
ONTUSDT,15,1654569000,0.29081,0.2934,0.29058,0.29315
ONTUSDT,15,1654569900,0.29315,0.29445,0.29282,0.29433
ONTUSDT,15,1654570800,0.29433,0.29537,0.29383,0.29507
ONTUSDT,15,1654571700,0.29507,0.29731,0.29507,0.29662
ONTUSDT,15,1654572600,0.29662,0.29741,0.29631,0.29727
ONTUSDT,15,1654573500,0.29727,0.29746,0.29633,0.29725
ONTUSDT,15,1654574400,0.29725,0.29761,0.29601,0.29602
ONTUSDT,15,1654575300,0.29602,0.2968,0.29501,0.29645
ONTUSDT,15,1654576200,0.29645,0.29681,0.2956,0.29622
ONTUSDT,15,1654577100,0.29622,0.2974,0.29622,0.29682
ONTUSDT,15,1654578000,0.29682,0.29768,0.296,0.29671
ONTUSDT,15,1654578900,0.29671,0.29726,0.29542,0.29581
ONTUSDT,15,1654579800,0.29581,0.2964,0.29507,0.2961
ONTUSDT,15,1654580700,0.2961,0.29744,0.29549,0.29621
ONTUSDT,15,1654581600,0.29621,0.29681,0.29573,0.29631
ONTUSDT,15,1654582500,0.29631,0.29676,0.29581,0.29628
ONTUSDT,15,1654583400,0.29628,0.29681,0.2956,0.29616
ONTUSDT,15,1654584300,0.29616,0.2968,0.2958,0.29595
ONTUSDT,15,1669935600,0.1821,0.18257,0.1821,0.18257
ONTUSDT,15,1669935600,0.1821,0.1827,0.1821,0.18245
ONTUSDT,1,1669935600,0.1821,0.1821,0.1821,0.1821
ONTUSDT,1,1669935660,0.1821,0.1826,0.1821,0.1826
ONTUSDT,1,1669935720,0.1826,0.1827,0.18245,0.18245
ONTUSDT,1,1669935780,0.18245,0.18245,0.18245,0.18245
ONTUSDT,1,1669935840,0.18245,0.1825,0.18245,0.1825
ONTUSDT,1,1669935900,0.1825,0.1825,0.1824,0.1824
