symbol,period,start_at,open,high,low,close
XRPUSDT,15,1652565600,0.4222,0.4237,0.4194,0.4233
XRPUSDT,15,1652566500,0.4233,0.4243,0.4202,0.4204
XRPUSDT,15,1652567400,0.4204,0.4244,0.4202,0.4244
XRPUSDT,15,1652568300,0.4244,0.4305,0.4239,0.4269
XRPUSDT,15,1652569200,0.4269,0.4283,0.424,0.4253
XRPUSDT,15,1652570100,0.4253,0.4268,0.4237,0.4266
XRPUSDT,15,1652571000,0.4266,0.4291,0.4249,0.4287
XRPUSDT,15,1652571900,0.4287,0.4289,0.4258,0.4263
XRPUSDT,15,1652572800,0.4263,0.4275,0.4225,0.4235
XRPUSDT,15,1652573700,0.4235,0.4307,0.4235,0.429
XRPUSDT,15,1652574600,0.429,0.4307,0.4253,0.4258
XRPUSDT,15,1652575500,0.4258,0.4262,0.4244,0.4258
XRPUSDT,15,1652576400,0.4258,0.4265,0.4223,0.4227
XRPUSDT,15,1652577300,0.4227,0.4239,0.4219,0.4219
XRPUSDT,15,1652578200,0.4219,0.4227,0.4189,0.4209
XRPUSDT,15,1652579100,0.4209,0.4233,0.4206,0.4215
XRPUSDT,15,1652580000,0.4215,0.4245,0.4179,0.4183
XRPUSDT,15,1652580900,0.4183,0.4193,0.4162,0.418
XRPUSDT,15,1652581800,0.418,0.4191,0.4169,0.418
XRPUSDT,15,1652582700,0.418,0.4213,0.4174,0.4203
XRPUSDT,15,1652583600,0.4203,0.4213,0.4191,0.4192
XRPUSDT,15,1652584500,0.4192,0.4194,0.4155,0.4162
XRPUSDT,15,1652585400,0.4162,0.4182,0.4149,0.4178
XRPUSDT,15,1652586300,0.4178,0.4192,0.4177,0.419
XRPUSDT,15,1652587200,0.419,0.4204,0.4175,0.4202
XRPUSDT,15,1652588100,0.4202,0.4209,0.4186,0.4186
XRPUSDT,15,1652589000,0.4186,0.4191,0.415,0.4171
XRPUSDT,15,1652589900,0.4171,0.4188,0.4166,0.417
XRPUSDT,15,1652590800,0.417,0.4188,0.4163,0.4186
XRPUSDT,15,1652591700,0.4186,0.4199,0.4177,0.4197
XRPUSDT,15,1652592600,0.4197,0.4228,0.4186,0.4226
XRPUSDT,15,1652593500,0.4226,0.4246,0.4215,0.4232
XRPUSDT,15,1652594400,0.4232,0.4245,0.4213,0.4214
XRPUSDT,15,1652595300,0.4214,0.4243,0.4201,0.423
XRPUSDT,15,1652596200,0.423,0.423,0.4205,0.4205
XRPUSDT,15,1652597100,0.4205,0.4253,0.4199,0.4249
XRPUSDT,15,1652598000,0.4249,0.4264,0.4236,0.4247
XRPUSDT,15,1652598900,0.4247,0.4253,0.4231,0.4233
XRPUSDT,15,1652599800,0.4233,0.425,0.4227,0.4235
XRPUSDT,15,1652600700,0.4235,0.4237,0.4196,0.4203
XRPUSDT,15,1652601600,0.4203,0.4212,0.4189,0.4192
XRPUSDT,15,1652602500,0.4192,0.4203,0.4171,0.419
XRPUSDT,15,1652603400,0.419,0.4208,0.4182,0.4197
XRPUSDT,15,1652604300,0.4197,0.4197,0.4175,0.4189
XRPUSDT,15,1652605200,0.4189,0.4199,0.418,0.4183
XRPUSDT,15,1652606100,0.4183,0.421,0.4181,0.4202
XRPUSDT,15,1652607000,0.4202,0.421,0.4194,0.4209
XRPUSDT,15,1652607900,0.4209,0.4219,0.4206,0.4219
XRPUSDT,15,1652608800,0.4219,0.4222,0.4197,0.4203
XRPUSDT,15,1652609700,0.4203,0.4203,0.4193,0.42
XRPUSDT,15,1652610600,0.42,0.4213,0.4185,0.4207
XRPUSDT,15,1652611500,0.4207,0.4242,0.4206,0.4236
XRPUSDT,15,1652612400,0.4236,0.4253,0.4229,0.4237
XRPUSDT,15,1652613300,0.4237,0.4275,0.4222,0.4269
XRPUSDT,15,1652614200,0.4269,0.4299,0.4262,0.4269
XRPUSDT,15,1652615100,0.4269,0.4304,0.4267,0.4299
XRPUSDT,15,1652616000,0.4299,0.4343,0.4299,0.4322
XRPUSDT,15,1652616900,0.4322,0.4344,0.4296,0.4301
XRPUSDT,15,1652617800,0.4301,0.4316,0.4276,0.4308
XRPUSDT,15,1652618700,0.4308,0.4324,0.4297,0.4321
XRPUSDT,15,1652619600,0.4321,0.4331,0.4293,0.433
XRPUSDT,15,1652620500,0.433,0.4341,0.4286,0.4294
XRPUSDT,15,1652621400,0.4294,0.4295,0.4257,0.426
XRPUSDT,15,1652622300,0.426,0.4271,0.4242,0.4254
XRPUSDT,15,1652623200,0.4254,0.4262,0.422,0.4238
XRPUSDT,15,1652624100,0.4238,0.425,0.4208,0.4231
XRPUSDT,15,1652625000,0.4231,0.4259,0.4213,0.4255
XRPUSDT,15,1652625900,0.4255,0.428,0.4247,0.4255
XRPUSDT,15,1652626800,0.4255,0.429,0.425,0.428
XRPUSDT,15,1652627700,0.428,0.428,0.4251,0.426
XRPUSDT,15,1652628600,0.426,0.426,0.4234,0.4246
XRPUSDT,15,1652629500,0.4246,0.4259,0.4223,0.4259
XRPUSDT,15,1652630400,0.4259,0.4279,0.4245,0.4253
XRPUSDT,15,1652631300,0.4253,0.4264,0.4225,0.4247
XRPUSDT,15,1652632200,0.4247,0.4285,0.4236,0.4278
XRPUSDT,15,1652633100,0.4278,0.4284,0.4261,0.4273
XRPUSDT,15,1652634000,0.4273,0.4292,0.4268,0.4285
XRPUSDT,15,1652634900,0.4285,0.4292,0.4273,0.4277
XRPUSDT,15,1652635800,0.4277,0.4278,0.4256,0.4257
XRPUSDT,15,1652636700,0.4257,0.4261,0.4238,0.4244
XRPUSDT,15,1652637600,0.4244,0.4254,0.4231,0.4254
XRPUSDT,15,1652638500,0.4254,0.4266,0.4243,0.4258
XRPUSDT,15,1652639400,0.4258,0.4302,0.4257,0.43
XRPUSDT,15,1652640300,0.43,0.4305,0.4276,0.4287
XRPUSDT,15,1652641200,0.4287,0.4295,0.427,0.4274
XRPUSDT,15,1652642100,0.4274,0.4284,0.427,0.4271
XRPUSDT,15,1652643000,0.4271,0.43,0.427,0.4293
XRPUSDT,15,1652643900,0.4293,0.4322,0.4292,0.4319
XRPUSDT,15,1652644800,0.4319,0.4391,0.4311,0.438
XRPUSDT,15,1652645700,0.438,0.4401,0.4362,0.4373
XRPUSDT,15,1652646600,0.4373,0.4393,0.4356,0.4379
XRPUSDT,15,1652647500,0.4379,0.4422,0.4372,0.4417
XRPUSDT,15,1652648400,0.4417,0.4428,0.4397,0.4401
XRPUSDT,15,1652649300,0.4401,0.4402,0.4383,0.4383
XRPUSDT,15,1652650200,0.4383,0.441,0.4373,0.4395
XRPUSDT,15,1652651100,0.4395,0.4428,0.4393,0.4419
XRPUSDT,15,1669935600,0.3968,0.3971,0.3967,0.3971
XRPUSDT,15,1669935600,0.3968,0.3971,0.3965,0.397
XRPUSDT,1,1669935600,0.3968,0.3968,0.3967,0.3968
XRPUSDT,1,1669935660,0.3968,0.3971,0.3968,0.3971
XRPUSDT,1,1669935720,0.3971,0.3971,0.3967,0.397
XRPUSDT,1,1669935780,0.397,0.397,0.3965,0.3967
XRPUSDT,1,1669935840,0.3967,0.3969,0.3967,0.3968
XRPUSDT,1,1669935900,0.3968,0.397,0.3968,0.397
