symbol,period,start_at,open,high,low,close
HBARUSDT,15,1652565600,0.09893,0.0992,0.0986,0.09912
HBARUSDT,15,1652566500,0.09912,0.09931,0.09891,0.09906
HBARUSDT,15,1652567400,0.09906,0.09911,0.09847,0.09887
HBARUSDT,15,1652568300,0.09887,0.10116,0.09887,0.10064
HBARUSDT,15,1652569200,0.10064,0.10124,0.10008,0.10017
HBARUSDT,15,1652570100,0.10017,0.10076,0.09992,0.10076
HBARUSDT,15,1652571000,0.10076,0.10173,0.10028,0.10167
HBARUSDT,15,1652571900,0.10167,0.10238,0.10114,0.10157
HBARUSDT,15,1652572800,0.10157,0.1018,0.10039,0.10056
HBARUSDT,15,1652573700,0.10056,0.10262,0.10056,0.10262
HBARUSDT,15,1652574600,0.10262,0.10288,0.10116,0.10138
HBARUSDT,15,1652575500,0.10138,0.10138,0.1007,0.10112
HBARUSDT,15,1652576400,0.10112,0.10144,0.10026,0.10037
HBARUSDT,15,1652577300,0.10037,0.10075,0.10023,0.10029
HBARUSDT,15,1652578200,0.10029,0.10066,0.09991,0.10036
HBARUSDT,15,1652579100,0.10036,0.10133,0.10015,0.1013
HBARUSDT,15,1652580000,0.1013,0.102,0.10009,0.10013
HBARUSDT,15,1652580900,0.10013,0.10018,0.09933,0.09974
HBARUSDT,15,1652581800,0.09974,0.09974,0.09829,0.09839
HBARUSDT,15,1652582700,0.09839,0.09858,0.09785,0.09834
HBARUSDT,15,1652583600,0.09834,0.09892,0.0981,0.09815
HBARUSDT,15,1652584500,0.09815,0.09816,0.09729,0.09756
HBARUSDT,15,1652585400,0.09756,0.09825,0.09714,0.09812
HBARUSDT,15,1652586300,0.09812,0.09832,0.09794,0.09799
HBARUSDT,15,1652587200,0.09799,0.09862,0.09766,0.09842
HBARUSDT,15,1652588100,0.09842,0.09872,0.09829,0.09846
HBARUSDT,15,1652589000,0.09846,0.09879,0.09739,0.09795
HBARUSDT,15,1652589900,0.09795,0.09885,0.09786,0.09856
HBARUSDT,15,1652590800,0.09856,0.09902,0.09822,0.0985
HBARUSDT,15,1652591700,0.0985,0.09908,0.09835,0.09899
HBARUSDT,15,1652592600,0.09899,0.1002,0.09899,0.09991
HBARUSDT,15,1652593500,0.09991,0.10069,0.09973,0.10037
HBARUSDT,15,1652594400,0.10037,0.10099,0.10036,0.10089
HBARUSDT,15,1652595300,0.10089,0.10179,0.10062,0.10165
HBARUSDT,15,1652596200,0.10165,0.10165,0.10121,0.10135
HBARUSDT,15,1652597100,0.10135,0.1025,0.10099,0.10229
HBARUSDT,15,1652598000,0.10229,0.10275,0.10199,0.10268
HBARUSDT,15,1652598900,0.10268,0.1027,0.10173,0.10181
HBARUSDT,15,1652599800,0.10181,0.10216,0.1016,0.10205
HBARUSDT,15,1652600700,0.10205,0.10209,0.10107,0.1012
HBARUSDT,15,1652601600,0.1012,0.10145,0.10059,0.10063
HBARUSDT,15,1652602500,0.10063,0.10063,0.09981,0.10005
HBARUSDT,15,1652603400,0.10005,0.10057,0.09987,0.10036
HBARUSDT,15,1652604300,0.10036,0.10036,0.09941,0.09958
HBARUSDT,15,1652605200,0.09958,0.10013,0.09935,0.09956
HBARUSDT,15,1652606100,0.09956,0.10048,0.0994,0.10027
HBARUSDT,15,1652607000,0.10027,0.10046,0.09999,0.10032
HBARUSDT,15,1652607900,0.10032,0.10072,0.10032,0.10062
HBARUSDT,15,1652608800,0.10062,0.10078,0.09996,0.10018
HBARUSDT,15,1652609700,0.10018,0.10024,0.09988,0.10005
HBARUSDT,15,1652610600,0.10005,0.10029,0.09964,0.10025
HBARUSDT,15,1652611500,0.10025,0.10198,0.10025,0.10188
HBARUSDT,15,1652612400,0.10188,0.10199,0.10134,0.10134
HBARUSDT,15,1652613300,0.10134,0.10163,0.10061,0.10152
HBARUSDT,15,1652614200,0.10152,0.1026,0.10141,0.10246
HBARUSDT,15,1652615100,0.10246,0.10312,0.10232,0.10281
HBARUSDT,15,1652616000,0.10281,0.10346,0.1028,0.10318
HBARUSDT,15,1652616900,0.10318,0.10399,0.1027,0.1027
HBARUSDT,15,1652617800,0.1027,0.10347,0.10193,0.10341
HBARUSDT,15,1652618700,0.10341,0.10356,0.10249,0.10279
HBARUSDT,15,1652619600,0.10279,0.10335,0.10243,0.10316
HBARUSDT,15,1652620500,0.10316,0.10323,0.10174,0.10189
HBARUSDT,15,1652621400,0.10189,0.10224,0.10152,0.10154
HBARUSDT,15,1652622300,0.10154,0.10172,0.10101,0.1015
HBARUSDT,15,1652623200,0.1015,0.10172,0.10051,0.10153
HBARUSDT,15,1652624100,0.10153,0.10157,0.10023,0.10054
HBARUSDT,15,1652625000,0.10054,0.10136,0.09991,0.10136
HBARUSDT,15,1652625900,0.10136,0.10272,0.10131,0.10267
HBARUSDT,15,1652626800,0.10267,0.10392,0.10243,0.10375
HBARUSDT,15,1652627700,0.10375,0.10375,0.1026,0.10303
HBARUSDT,15,1652628600,0.10303,0.10311,0.10222,0.10242
HBARUSDT,15,1652629500,0.10242,0.10284,0.10143,0.10254
HBARUSDT,15,1652630400,0.10254,0.10355,0.10248,0.10347
HBARUSDT,15,1652631300,0.10347,0.10402,0.10328,0.10332
HBARUSDT,15,1652632200,0.10332,0.10477,0.10332,0.10457
HBARUSDT,15,1652633100,0.10457,0.10473,0.10404,0.10433
HBARUSDT,15,1652634000,0.10433,0.10457,0.10388,0.10427
HBARUSDT,15,1652634900,0.10427,0.10452,0.10409,0.10434
HBARUSDT,15,1652635800,0.10434,0.10434,0.10287,0.10318
HBARUSDT,15,1652636700,0.10318,0.10339,0.1024,0.10257
HBARUSDT,15,1652637600,0.10257,0.10283,0.10217,0.10263
HBARUSDT,15,1652638500,0.10263,0.1032,0.10253,0.10263
HBARUSDT,15,1652639400,0.10263,0.10429,0.10263,0.10425
HBARUSDT,15,1652640300,0.10425,0.10435,0.10363,0.10388
HBARUSDT,15,1652641200,0.10388,0.1039,0.10321,0.10339
HBARUSDT,15,1652642100,0.10339,0.10384,0.1033,0.10337
HBARUSDT,15,1652643000,0.10337,0.10468,0.10337,0.10437
HBARUSDT,15,1652643900,0.10437,0.10531,0.10425,0.10519
HBARUSDT,15,1652644800,0.10519,0.1065,0.10472,0.10599
HBARUSDT,15,1652645700,0.10599,0.10619,0.10518,0.10535
HBARUSDT,15,1652646600,0.10535,0.10598,0.10504,0.1058
HBARUSDT,15,1652647500,0.1058,0.10666,0.10575,0.10634
HBARUSDT,15,1652648400,0.10634,0.10678,0.10586,0.10615
HBARUSDT,15,1652649300,0.10615,0.10615,0.10544,0.10555
HBARUSDT,15,1652650200,0.10555,0.10555,0.10487,0.10526
HBARUSDT,15,1652651100,0.10526,0.1058,0.1051,0.10564
HBARUSDT,15,1669935600,0.04889,0.04894,0.04888,0.04894
HBARUSDT,15,1669935600,0.04889,0.04894,0.04888,0.04894
HBARUSDT,1,1669935600,0.04889,0.04893,0.04889,0.04891
HBARUSDT,1,1669935660,0.04891,0.04894,0.04888,0.04894
HBARUSDT,1,1669935720,0.04894,0.04894,0.04894,0.04894
HBARUSDT,1,1669935780,0.04894,0.04894,0.04888,0.04888
HBARUSDT,1,1669935840,0.04888,0.04894,0.04888,0.04894
HBARUSDT,1,1669935900,0.04894,0.04895,0.04891,0.04891
