symbol,period,start_at,open,high,low,close
FTMUSDT,15,1652565600,0.3433,0.3482,0.342,0.3479
FTMUSDT,15,1652566500,0.3479,0.3481,0.3446,0.3446
FTMUSDT,15,1652567400,0.3446,0.3556,0.3444,0.3549
FTMUSDT,15,1652568300,0.3549,0.363,0.3522,0.3604
FTMUSDT,15,1652569200,0.3604,0.371,0.3569,0.358
FTMUSDT,15,1652570100,0.358,0.3846,0.3565,0.3779
FTMUSDT,15,1652571000,0.3779,0.3796,0.3669,0.3744
FTMUSDT,15,1652571900,0.3744,0.387,0.3738,0.3765
FTMUSDT,15,1652572800,0.3765,0.3831,0.3722,0.3731
FTMUSDT,15,1652573700,0.3731,0.3832,0.3731,0.38
FTMUSDT,15,1652574600,0.38,0.3823,0.3741,0.3758
FTMUSDT,15,1652575500,0.3758,0.3758,0.3711,0.3729
FTMUSDT,15,1652576400,0.3729,0.3731,0.3684,0.3697
FTMUSDT,15,1652577300,0.3697,0.3723,0.3687,0.3688
FTMUSDT,15,1652578200,0.3688,0.3739,0.3669,0.3717
FTMUSDT,15,1652579100,0.3717,0.3757,0.3706,0.3736
FTMUSDT,15,1652580000,0.3736,0.3773,0.3672,0.3674
FTMUSDT,15,1652580900,0.3674,0.3683,0.3612,0.3622
FTMUSDT,15,1652581800,0.3622,0.3642,0.3603,0.3616
FTMUSDT,15,1652582700,0.3616,0.3657,0.359,0.3642
FTMUSDT,15,1652583600,0.3642,0.367,0.3617,0.3621
FTMUSDT,15,1652584500,0.3621,0.3628,0.3581,0.3615
FTMUSDT,15,1652585400,0.3615,0.3647,0.3588,0.3638
FTMUSDT,15,1652586300,0.3638,0.3648,0.3628,0.3631
FTMUSDT,15,1652587200,0.3631,0.3692,0.3586,0.3666
FTMUSDT,15,1652588100,0.3666,0.3696,0.3654,0.3672
FTMUSDT,15,1652589000,0.3672,0.3682,0.3594,0.3615
FTMUSDT,15,1652589900,0.3615,0.3629,0.3557,0.3573
FTMUSDT,15,1652590800,0.3573,0.3597,0.3559,0.3594
FTMUSDT,15,1652591700,0.3594,0.3594,0.3529,0.3529
FTMUSDT,15,1652592600,0.3529,0.3597,0.3519,0.3596
FTMUSDT,15,1652593500,0.3596,0.3711,0.3596,0.3689
FTMUSDT,15,1652594400,0.3689,0.3705,0.3651,0.3665
FTMUSDT,15,1652595300,0.3665,0.3767,0.3645,0.3728
FTMUSDT,15,1652596200,0.3728,0.3752,0.3692,0.37
FTMUSDT,15,1652597100,0.37,0.3744,0.3682,0.3741
FTMUSDT,15,1652598000,0.3741,0.3781,0.3676,0.3682
FTMUSDT,15,1652598900,0.3682,0.3693,0.3625,0.3641
FTMUSDT,15,1652599800,0.3641,0.3694,0.3632,0.3683
FTMUSDT,15,1652600700,0.3683,0.3686,0.3632,0.3649
FTMUSDT,15,1652601600,0.3649,0.3681,0.358,0.3583
FTMUSDT,15,1652602500,0.3583,0.3621,0.3567,0.3603
FTMUSDT,15,1652603400,0.3603,0.3642,0.3583,0.362
FTMUSDT,15,1652604300,0.362,0.362,0.3574,0.3591
FTMUSDT,15,1652605200,0.3591,0.3617,0.356,0.3577
FTMUSDT,15,1652606100,0.3577,0.3626,0.3568,0.3611
FTMUSDT,15,1652607000,0.3611,0.3626,0.3597,0.3626
FTMUSDT,15,1652607900,0.3626,0.3631,0.36,0.3626
FTMUSDT,15,1652608800,0.3626,0.3627,0.357,0.3612
FTMUSDT,15,1652609700,0.3612,0.3626,0.3593,0.3619
FTMUSDT,15,1652610600,0.3619,0.3629,0.3599,0.3623
FTMUSDT,15,1652611500,0.3623,0.3693,0.3616,0.3692
FTMUSDT,15,1652612400,0.3692,0.3717,0.3661,0.3672
FTMUSDT,15,1652613300,0.3672,0.3712,0.3645,0.3697
FTMUSDT,15,1652614200,0.3697,0.3765,0.3692,0.3738
FTMUSDT,15,1652615100,0.3738,0.3781,0.3712,0.3731
FTMUSDT,15,1652616000,0.3731,0.3776,0.3727,0.3742
FTMUSDT,15,1652616900,0.3742,0.3789,0.3667,0.367
FTMUSDT,15,1652617800,0.367,0.3698,0.3647,0.3682
FTMUSDT,15,1652618700,0.3682,0.3704,0.3652,0.3667
FTMUSDT,15,1652619600,0.3667,0.3667,0.3608,0.366
FTMUSDT,15,1652620500,0.366,0.3676,0.3582,0.3601
FTMUSDT,15,1652621400,0.3601,0.3624,0.3569,0.3589
FTMUSDT,15,1652622300,0.3589,0.3607,0.3557,0.3578
FTMUSDT,15,1652623200,0.3578,0.3591,0.3513,0.3533
FTMUSDT,15,1652624100,0.3533,0.3543,0.3485,0.3519
FTMUSDT,15,1652625000,0.3519,0.3545,0.3488,0.3531
FTMUSDT,15,1652625900,0.3531,0.3548,0.348,0.3508
FTMUSDT,15,1652626800,0.3508,0.3585,0.35,0.3573
FTMUSDT,15,1652627700,0.3573,0.3573,0.3523,0.3532
FTMUSDT,15,1652628600,0.3532,0.3533,0.3494,0.3514
FTMUSDT,15,1652629500,0.3514,0.3522,0.3464,0.3515
FTMUSDT,15,1652630400,0.3515,0.3544,0.3503,0.3527
FTMUSDT,15,1652631300,0.3527,0.3544,0.352,0.3536
FTMUSDT,15,1652632200,0.3536,0.3607,0.3506,0.3595
FTMUSDT,15,1652633100,0.3595,0.3622,0.3565,0.3587
FTMUSDT,15,1652634000,0.3587,0.3599,0.3553,0.3586
FTMUSDT,15,1652634900,0.3586,0.3613,0.3583,0.3592
FTMUSDT,15,1652635800,0.3592,0.3593,0.354,0.3547
FTMUSDT,15,1652636700,0.3547,0.3566,0.3519,0.354
FTMUSDT,15,1652637600,0.354,0.3577,0.3508,0.3577
FTMUSDT,15,1652638500,0.3577,0.3618,0.3575,0.3594
FTMUSDT,15,1652639400,0.3594,0.3681,0.3591,0.3667
FTMUSDT,15,1652640300,0.3667,0.3682,0.3629,0.3651
FTMUSDT,15,1652641200,0.3651,0.366,0.3633,0.3654
FTMUSDT,15,1652642100,0.3654,0.3679,0.3635,0.3639
FTMUSDT,15,1652643000,0.3639,0.3687,0.3636,0.3668
FTMUSDT,15,1652643900,0.3668,0.3739,0.3667,0.3735
FTMUSDT,15,1652644800,0.3735,0.3889,0.3731,0.3876
FTMUSDT,15,1652645700,0.3876,0.3954,0.3848,0.3919
FTMUSDT,15,1652646600,0.3919,0.3958,0.3894,0.3905
FTMUSDT,15,1652647500,0.3905,0.3937,0.3891,0.3932
FTMUSDT,15,1652648400,0.3932,0.3947,0.3893,0.3903
FTMUSDT,15,1652649300,0.3903,0.3903,0.3849,0.3849
FTMUSDT,15,1652650200,0.3849,0.3875,0.3845,0.3862
FTMUSDT,15,1652651100,0.3862,0.3916,0.3853,0.3899
FTMUSDT,15,1669935600,0.2553,0.2561,0.2552,0.2552
FTMUSDT,15,1669935600,0.2553,0.2561,0.2549,0.2556
FTMUSDT,1,1669935600,0.2553,0.2561,0.2552,0.256
FTMUSDT,1,1669935660,0.256,0.256,0.2552,0.2558
FTMUSDT,1,1669935720,0.2558,0.2558,0.2555,0.2556
FTMUSDT,1,1669935780,0.2556,0.2556,0.2549,0.2554
FTMUSDT,1,1669935840,0.2554,0.2556,0.2554,0.2556
FTMUSDT,1,1669935900,0.2556,0.2559,0.2554,0.2556
