symbol,period,start_at,open,high,low,close
ZECUSDT,15,1652565600,104.58,105.85,104.08,105.5
ZECUSDT,15,1652566500,105.5,106.02,105.12,105.72
ZECUSDT,15,1652567400,105.72,105.73,103.88,104.23
ZECUSDT,15,1652568300,104.23,105.9,104.22,105.19
ZECUSDT,15,1652569200,105.19,106.21,104.57,106.11
ZECUSDT,15,1652570100,106.11,107.48,104.64,107.11
ZECUSDT,15,1652571000,107.11,107.57,106.08,106.76
ZECUSDT,15,1652571900,106.76,106.79,105.41,105.67
ZECUSDT,15,1652572800,105.67,106.7,104.89,105.11
ZECUSDT,15,1652573700,105.11,106.1,104.56,105.17
ZECUSDT,15,1652574600,105.17,105.79,104.51,105.41
ZECUSDT,15,1652575500,105.41,105.42,104.07,104.8
ZECUSDT,15,1652576400,104.8,104.95,103.73,104.15
ZECUSDT,15,1652577300,104.15,104.28,103.48,103.76
ZECUSDT,15,1652578200,103.76,105.18,103.39,104.86
ZECUSDT,15,1652579100,104.86,105.71,104.22,104.79
ZECUSDT,15,1652580000,104.79,105.39,103.47,103.69
ZECUSDT,15,1652580900,103.69,104.73,102.68,103.69
ZECUSDT,15,1652581800,103.69,104.65,103.69,104.08
ZECUSDT,15,1652582700,104.08,104.74,103.69,104.34
ZECUSDT,15,1652583600,104.34,105.36,104.34,104.98
ZECUSDT,15,1652584500,104.98,104.98,103.57,103.73
ZECUSDT,15,1652585400,103.73,105.53,103.46,105.45
ZECUSDT,15,1652586300,105.45,105.72,105.04,105.1
ZECUSDT,15,1652587200,105.1,105.48,104.25,105.14
ZECUSDT,15,1652588100,105.14,105.14,103.81,104.23
ZECUSDT,15,1652589000,104.23,104.64,103.68,104.28
ZECUSDT,15,1652589900,104.28,104.6,103.68,104.01
ZECUSDT,15,1652590800,104.01,104.57,103.19,103.79
ZECUSDT,15,1652591700,103.79,104.85,103.76,104.56
ZECUSDT,15,1652592600,104.56,105.5,104.25,105.18
ZECUSDT,15,1652593500,105.18,106.08,105.07,105.44
ZECUSDT,15,1652594400,105.44,105.78,104.76,104.76
ZECUSDT,15,1652595300,104.76,105.79,104.39,104.39
ZECUSDT,15,1652596200,104.39,105.07,103.72,104.02
ZECUSDT,15,1652597100,104.02,104.97,103.87,104.7
ZECUSDT,15,1652598000,104.7,105.18,103.8,103.8
ZECUSDT,15,1652598900,103.8,104.01,102.79,103.19
ZECUSDT,15,1652599800,103.19,103.46,102.52,103.38
ZECUSDT,15,1652600700,103.38,103.46,102.71,102.83
ZECUSDT,15,1652601600,102.83,103.47,102.6,103.4
ZECUSDT,15,1652602500,103.4,104.71,103.19,104.4
ZECUSDT,15,1652603400,104.4,105.48,103.8,105.15
ZECUSDT,15,1652604300,105.15,105.15,104.12,104.31
ZECUSDT,15,1652605200,104.31,104.78,103.45,103.96
ZECUSDT,15,1652606100,103.96,104.97,103.93,104.41
ZECUSDT,15,1652607000,104.41,105.01,104.19,104.83
ZECUSDT,15,1652607900,104.83,105.07,104.6,104.77
ZECUSDT,15,1652608800,104.77,105.07,104.06,104.84
ZECUSDT,15,1652609700,104.84,105.42,104.38,104.88
ZECUSDT,15,1652610600,104.88,105.42,104.3,105.33
ZECUSDT,15,1652611500,105.33,105.94,104.9,105.73
ZECUSDT,15,1652612400,105.73,105.87,105.4,105.72
ZECUSDT,15,1652613300,105.72,105.77,105.19,105.7
ZECUSDT,15,1652614200,105.7,106.43,105.6,105.7
ZECUSDT,15,1652615100,105.7,106.45,105.58,106.08
ZECUSDT,15,1652616000,106.08,108.56,106.07,108.46
ZECUSDT,15,1652616900,108.46,109.63,107.59,107.69
ZECUSDT,15,1652617800,107.69,108.63,107.07,108.0
ZECUSDT,15,1652618700,108.0,108.0,107.01,107.5
ZECUSDT,15,1652619600,107.5,108.47,107.29,108.47
ZECUSDT,15,1652620500,108.47,108.49,106.3,106.59
ZECUSDT,15,1652621400,106.59,106.71,104.4,104.51
ZECUSDT,15,1652622300,104.51,105.43,103.57,103.72
ZECUSDT,15,1652623200,103.72,104.57,102.8,104.29
ZECUSDT,15,1652624100,104.29,104.62,103.08,103.61
ZECUSDT,15,1652625000,103.61,104.97,103.6,104.79
ZECUSDT,15,1652625900,104.79,105.35,104.48,105.35
ZECUSDT,15,1652626800,105.35,106.17,105.18,105.84
ZECUSDT,15,1652627700,105.84,106.02,104.91,104.97
ZECUSDT,15,1652628600,104.97,104.97,103.77,104.33
ZECUSDT,15,1652629500,104.33,104.49,103.35,104.4
ZECUSDT,15,1652630400,104.4,105.36,104.13,104.3
ZECUSDT,15,1652631300,104.3,105.05,103.88,105.05
ZECUSDT,15,1652632200,105.05,106.59,104.75,106.57
ZECUSDT,15,1652633100,106.57,106.57,105.37,105.53
ZECUSDT,15,1652634000,105.53,106.44,105.53,106.44
ZECUSDT,15,1652634900,106.44,106.75,106.12,106.19
ZECUSDT,15,1652635800,106.19,106.71,105.71,106.35
ZECUSDT,15,1652636700,106.35,106.5,105.34,106.42
ZECUSDT,15,1652637600,106.42,107.88,105.84,107.61
ZECUSDT,15,1652638500,107.61,110.55,107.59,108.63
ZECUSDT,15,1652639400,108.63,110.06,108.62,109.94
ZECUSDT,15,1652640300,109.94,110.18,108.66,109.38
ZECUSDT,15,1652641200,109.38,110.18,109.23,109.44
ZECUSDT,15,1652642100,109.44,110.39,109.27,110.08
ZECUSDT,15,1652643000,110.08,110.48,109.78,110.44
ZECUSDT,15,1652643900,110.44,112.28,110.44,112.08
ZECUSDT,15,1652644800,112.08,113.49,111.09,112.83
ZECUSDT,15,1652645700,112.83,113.03,111.88,112.09
ZECUSDT,15,1652646600,112.09,112.53,111.49,112.18
ZECUSDT,15,1652647500,112.18,112.56,111.89,112.41
ZECUSDT,15,1652648400,112.41,113.54,111.85,112.09
ZECUSDT,15,1652649300,112.09,112.16,111.42,111.42
ZECUSDT,15,1652650200,111.42,111.89,111.16,111.83
ZECUSDT,15,1652651100,111.83,112.88,111.74,112.74
ZECUSDT,15,1669935600,44.86,44.96,44.86,44.96
ZECUSDT,15,1669935600,44.86,44.97,44.86,44.96
ZECUSDT,1,1669935600,44.86,44.96,44.86,44.96
ZECUSDT,1,1669935660,44.96,44.96,44.96,44.96
ZECUSDT,1,1669935720,44.96,44.96,44.95,44.95
ZECUSDT,1,1669935780,44.95,44.96,44.95,44.96
ZECUSDT,1,1669935840,44.96,44.97,44.96,44.96
ZECUSDT,1,1669935900,44.96,44.97,44.96,44.96
