symbol,period,start_at,open,high,low,close
KDAUSDT,15,1652565600,2.601,2.802,2.597,2.739
KDAUSDT,15,1652566500,2.739,2.762,2.609,2.746
KDAUSDT,15,1652567400,2.746,2.795,2.681,2.792
KDAUSDT,15,1652568300,2.792,2.988,2.792,2.911
KDAUSDT,15,1652569200,2.911,2.977,2.818,2.957
KDAUSDT,15,1652570100,2.957,3.015,2.893,3.0
KDAUSDT,15,1652571000,3.0,3.026,2.933,2.975
KDAUSDT,15,1652571900,2.975,3.01,2.946,2.951
KDAUSDT,15,1652572800,2.951,2.979,2.89,2.907
KDAUSDT,15,1652573700,2.907,2.983,2.884,2.916
KDAUSDT,15,1652574600,2.916,2.957,2.844,2.881
KDAUSDT,15,1652575500,2.881,2.881,2.809,2.846
KDAUSDT,15,1652576400,2.846,2.895,2.806,2.884
KDAUSDT,15,1652577300,2.884,2.934,2.861,2.926
KDAUSDT,15,1652578200,2.926,2.963,2.875,2.93
KDAUSDT,15,1652579100,2.93,2.987,2.905,2.951
KDAUSDT,15,1652580000,2.951,3.187,2.951,3.178
KDAUSDT,15,1652580900,3.178,3.291,3.042,3.18
KDAUSDT,15,1652581800,3.18,3.421,3.174,3.41
KDAUSDT,15,1652582700,3.41,3.433,3.141,3.277
KDAUSDT,15,1652583600,3.277,3.364,3.173,3.173
KDAUSDT,15,1652584500,3.173,3.246,3.071,3.15
KDAUSDT,15,1652585400,3.15,3.243,3.098,3.214
KDAUSDT,15,1652586300,3.214,3.262,3.105,3.107
KDAUSDT,15,1652587200,3.107,3.231,3.107,3.207
KDAUSDT,15,1652588100,3.207,3.219,3.129,3.167
KDAUSDT,15,1652589000,3.167,3.19,3.056,3.161
KDAUSDT,15,1652589900,3.161,3.169,3.03,3.053
KDAUSDT,15,1652590800,3.053,3.059,2.882,2.895
KDAUSDT,15,1652591700,2.895,3.075,2.885,3.055
KDAUSDT,15,1652592600,3.055,3.093,2.959,3.045
KDAUSDT,15,1652593500,3.045,3.195,3.019,3.098
KDAUSDT,15,1652594400,3.098,3.175,2.96,2.97
KDAUSDT,15,1652595300,2.97,2.987,2.905,2.935
KDAUSDT,15,1652596200,2.935,2.995,2.926,2.93
KDAUSDT,15,1652597100,2.93,2.99,2.91,2.967
KDAUSDT,15,1652598000,2.967,2.978,2.843,2.873
KDAUSDT,15,1652598900,2.873,2.916,2.827,2.85
KDAUSDT,15,1652599800,2.85,2.893,2.811,2.876
KDAUSDT,15,1652600700,2.876,2.997,2.853,2.983
KDAUSDT,15,1652601600,2.983,3.087,2.945,2.968
KDAUSDT,15,1652602500,2.968,3.042,2.923,3.003
KDAUSDT,15,1652603400,3.003,3.031,2.898,2.912
KDAUSDT,15,1652604300,2.912,2.929,2.819,2.858
KDAUSDT,15,1652605200,2.858,2.96,2.837,2.855
KDAUSDT,15,1652606100,2.855,2.921,2.832,2.875
KDAUSDT,15,1652607000,2.875,2.91,2.84,2.901
KDAUSDT,15,1652607900,2.901,2.935,2.901,2.924
KDAUSDT,15,1652608800,2.924,2.95,2.851,2.899
KDAUSDT,15,1652609700,2.899,2.947,2.889,2.938
KDAUSDT,15,1652610600,2.938,2.953,2.904,2.935
KDAUSDT,15,1652611500,2.935,2.995,2.916,2.983
KDAUSDT,15,1652612400,2.983,2.987,2.929,2.94
KDAUSDT,15,1652613300,2.94,2.964,2.906,2.952
KDAUSDT,15,1652614200,2.952,3.004,2.933,2.998
KDAUSDT,15,1652615100,2.998,3.005,2.939,2.993
KDAUSDT,15,1652616000,2.993,3.001,2.935,2.954
KDAUSDT,15,1652616900,2.954,2.96,2.843,2.845
KDAUSDT,15,1652617800,2.845,2.929,2.838,2.91
KDAUSDT,15,1652618700,2.91,2.98,2.908,2.962
KDAUSDT,15,1652619600,2.962,2.965,2.916,2.95
KDAUSDT,15,1652620500,2.95,2.977,2.854,2.898
KDAUSDT,15,1652621400,2.898,2.926,2.867,2.87
KDAUSDT,15,1652622300,2.87,2.894,2.851,2.883
KDAUSDT,15,1652623200,2.883,2.897,2.853,2.88
KDAUSDT,15,1652624100,2.88,2.88,2.819,2.82
KDAUSDT,15,1652625000,2.82,2.953,2.807,2.943
KDAUSDT,15,1652625900,2.943,2.974,2.881,2.931
KDAUSDT,15,1652626800,2.931,3.006,2.903,3.003
KDAUSDT,15,1652627700,3.003,3.003,2.952,2.957
KDAUSDT,15,1652628600,2.957,2.966,2.915,2.951
KDAUSDT,15,1652629500,2.951,3.001,2.939,2.997
KDAUSDT,15,1652630400,2.997,3.0,2.931,2.933
KDAUSDT,15,1652631300,2.933,3.133,2.93,3.133
KDAUSDT,15,1652632200,3.133,3.185,3.04,3.11
KDAUSDT,15,1652633100,3.11,3.239,3.071,3.231
KDAUSDT,15,1652634000,3.231,3.289,3.158,3.288
KDAUSDT,15,1652634900,3.288,3.335,3.247,3.322
KDAUSDT,15,1652635800,3.322,3.323,3.036,3.081
KDAUSDT,15,1652636700,3.081,3.181,3.032,3.042
KDAUSDT,15,1652637600,3.042,3.17,3.035,3.141
KDAUSDT,15,1652638500,3.141,3.186,3.071,3.093
KDAUSDT,15,1652639400,3.093,3.208,3.059,3.204
KDAUSDT,15,1652640300,3.204,3.208,3.093,3.183
KDAUSDT,15,1652641200,3.183,3.244,3.12,3.171
KDAUSDT,15,1652642100,3.171,3.223,3.161,3.176
KDAUSDT,15,1652643000,3.176,3.19,3.132,3.145
KDAUSDT,15,1652643900,3.145,3.233,3.141,3.222
KDAUSDT,15,1652644800,3.222,3.278,3.177,3.277
KDAUSDT,15,1652645700,3.277,3.305,3.23,3.274
KDAUSDT,15,1652646600,3.274,3.275,3.183,3.267
KDAUSDT,15,1652647500,3.267,3.362,3.26,3.337
KDAUSDT,15,1652648400,3.337,3.389,3.254,3.267
KDAUSDT,15,1652649300,3.267,3.355,3.262,3.297
KDAUSDT,15,1652650200,3.297,3.305,3.197,3.21
KDAUSDT,15,1652651100,3.21,3.289,3.208,3.274
KDAUSDT,15,1669935600,1.018,1.018,1.016,1.016
KDAUSDT,15,1669935600,1.018,1.018,1.007,1.007
KDAUSDT,1,1669935600,1.018,1.018,1.016,1.018
KDAUSDT,1,1669935660,1.018,1.018,1.016,1.016
KDAUSDT,1,1669935720,1.016,1.016,1.015,1.015
KDAUSDT,1,1669935780,1.015,1.015,1.01,1.01
KDAUSDT,1,1669935840,1.01,1.01,1.008,1.009
KDAUSDT,1,1669935900,1.009,1.009,1.007,1.008
