symbol,interval,open_time,open,high,low,close,volume,turnover
EOSUSD,15,1652565600,1.341,1.344,1.33,1.343,155507,116412.19685953
EOSUSD,15,1652566500,1.343,1.345,1.335,1.336,95216,71062.99166418
EOSUSD,15,1652567400,1.336,1.338,1.328,1.336,127058,95172.83087952
EOSUSD,15,1652568300,1.336,1.361,1.332,1.347,174831,129694.20231313
EOSUSD,15,1652569200,1.347,1.353,1.339,1.34,35140,26107.92398949
EOSUSD,15,1652570100,1.34,1.349,1.338,1.348,18445,13731.77251921
EOSUSD,15,1652571000,1.348,1.354,1.343,1.353,68545,50952.28257017
EOSUSD,15,1652571900,1.353,1.359,1.347,1.348,74245,54966.27867916
EOSUSD,15,1652572800,1.348,1.359,1.342,1.342,81540,60491.25698831
EOSUSD,15,1652573700,1.342,1.37,1.342,1.361,244599,179436.83737962
EOSUSD,15,1652574600,1.361,1.365,1.345,1.35,101191,74740.48182594
EOSUSD,15,1652575500,1.35,1.35,1.342,1.346,148814,110736.16968253
EOSUSD,15,1652576400,1.346,1.346,1.333,1.336,112763,84436.21445699
EOSUSD,15,1652577300,1.336,1.341,1.332,1.333,37529,28127.53612392
EOSUSD,15,1652578200,1.333,1.339,1.327,1.336,69316,52044.91112174
EOSUSD,15,1652579100,1.336,1.344,1.336,1.338,53874,40228.01054041
EOSUSD,15,1652580000,1.338,1.345,1.327,1.327,55845,41807.70643336
EOSUSD,15,1652580900,1.327,1.328,1.316,1.322,62737,47476.10152711
EOSUSD,15,1652581800,1.322,1.324,1.318,1.318,37658,28487.60766206
EOSUSD,15,1652582700,1.318,1.326,1.316,1.323,38661,29301.68732564
EOSUSD,15,1652583600,1.323,1.326,1.321,1.321,18114,13675.65312434
EOSUSD,15,1652584500,1.321,1.323,1.31,1.31,58133,44243.35635417
EOSUSD,15,1652585400,1.31,1.318,1.308,1.316,91871,69957.16393326
EOSUSD,15,1652586300,1.316,1.319,1.316,1.319,4372,3316.58961571
EOSUSD,15,1652587200,1.319,1.326,1.315,1.326,42412,32125.64164857
EOSUSD,15,1652588100,1.326,1.326,1.32,1.323,75052,56728.22208044
EOSUSD,15,1652589000,1.323,1.324,1.309,1.32,103853,78932.20158198
EOSUSD,15,1652589900,1.32,1.324,1.318,1.32,12594,9535.37282037
EOSUSD,15,1652590800,1.32,1.325,1.314,1.317,18879,14301.33236631
EOSUSD,15,1652591700,1.317,1.326,1.316,1.325,41188,31194.95746999
EOSUSD,15,1652592600,1.325,1.328,1.32,1.328,10707,8078.27801116
EOSUSD,15,1652593500,1.328,1.348,1.327,1.343,117187,87518.56830969
EOSUSD,15,1652594400,1.343,1.353,1.34,1.341,52501,39011.01872493
EOSUSD,15,1652595300,1.341,1.346,1.338,1.343,51074,37995.95576696
EOSUSD,15,1652596200,1.343,1.344,1.336,1.336,11901,8891.2656792
EOSUSD,15,1652597100,1.336,1.357,1.334,1.357,184996,137276.29849823
EOSUSD,15,1652598000,1.357,1.362,1.35,1.354,116380,85970.1258254
EOSUSD,15,1652598900,1.354,1.372,1.352,1.354,268406,196967.28283737
EOSUSD,15,1652599800,1.354,1.37,1.346,1.355,217054,160003.21268018
EOSUSD,15,1652600700,1.355,1.356,1.34,1.34,135612,100818.83070149
EOSUSD,15,1652601600,1.34,1.346,1.336,1.336,120347,89702.08489178
EOSUSD,15,1652602500,1.336,1.34,1.332,1.335,80299,60115.72758806
EOSUSD,15,1652603400,1.335,1.337,1.329,1.336,69232,52027.5545092
EOSUSD,15,1652604300,1.336,1.336,1.323,1.329,42548,32011.35170923
EOSUSD,15,1652605200,1.329,1.333,1.322,1.322,62778,47345.40509238
EOSUSD,15,1652606100,1.322,1.337,1.321,1.335,51287,38534.37819572
EOSUSD,15,1652607000,1.335,1.337,1.329,1.337,7689,5768.50740996
EOSUSD,15,1652607900,1.337,1.34,1.333,1.336,153091,114476.80947196
EOSUSD,15,1652608800,1.336,1.339,1.329,1.333,104254,78304.3984092
EOSUSD,15,1652609700,1.333,1.334,1.329,1.33,37791,28375.45060628
EOSUSD,15,1652610600,1.33,1.333,1.324,1.33,193264,145593.86584244
EOSUSD,15,1652611500,1.33,1.345,1.33,1.345,109866,82094.41259539
EOSUSD,15,1652612400,1.345,1.346,1.34,1.342,102134,75963.48236047
EOSUSD,15,1652613300,1.342,1.348,1.333,1.345,47284,35328.05706999
EOSUSD,15,1652614200,1.345,1.36,1.345,1.358,101175,74661.19490429
EOSUSD,15,1652615100,1.358,1.367,1.357,1.363,98733,72411.95133436
EOSUSD,15,1652616000,1.363,1.373,1.361,1.363,111009,81151.96834192
EOSUSD,15,1652616900,1.363,1.374,1.358,1.359,46108,33774.12939508
EOSUSD,15,1652617800,1.359,1.36,1.351,1.355,78888,58206.21475153
EOSUSD,15,1652618700,1.355,1.359,1.351,1.357,15190,11210.909252
EOSUSD,15,1652619600,1.357,1.357,1.349,1.351,39667,29328.39621586
EOSUSD,15,1652620500,1.351,1.354,1.338,1.341,56463,42015.40401898
EOSUSD,15,1652621400,1.341,1.345,1.335,1.341,36776,27470.74224389
EOSUSD,15,1652622300,1.341,1.343,1.337,1.337,38988,29099.70398549
EOSUSD,15,1652623200,1.337,1.341,1.322,1.328,159451,120042.07489062
EOSUSD,15,1652624100,1.328,1.331,1.319,1.325,98318,74115.74287692
EOSUSD,15,1652625000,1.325,1.332,1.312,1.327,206746,156756.95605928
EOSUSD,15,1652625900,1.327,1.335,1.326,1.328,37772,28359.68410893
EOSUSD,15,1652626800,1.328,1.343,1.328,1.341,39059,29202.61700516
EOSUSD,15,1652627700,1.341,1.341,1.332,1.332,86117,64569.27500865
EOSUSD,15,1652628600,1.332,1.333,1.323,1.327,49810,37506.49178369
EOSUSD,15,1652629500,1.327,1.331,1.32,1.331,58481,44112.5013774
EOSUSD,15,1652630400,1.331,1.336,1.33,1.333,126997,95320.41474756
EOSUSD,15,1652631300,1.333,1.337,1.333,1.336,30395,22766.27609071
EOSUSD,15,1652632200,1.336,1.352,1.33,1.35,124285,92891.37382172
EOSUSD,15,1652633100,1.35,1.35,1.343,1.345,18264,13571.82289019
EOSUSD,15,1652634000,1.345,1.348,1.341,1.344,14468,10767.65280022
EOSUSD,15,1652634900,1.344,1.348,1.341,1.341,13238,9852.2311321
EOSUSD,15,1652635800,1.341,1.342,1.334,1.334,22836,17078.60814884
EOSUSD,15,1652636700,1.334,1.338,1.329,1.331,33798,25402.3991185
EOSUSD,15,1652637600,1.331,1.333,1.322,1.333,31603,23805.71392493
EOSUSD,15,1652638500,1.333,1.337,1.327,1.332,21848,16395.63677298
EOSUSD,15,1652639400,1.332,1.346,1.329,1.346,24575,18411.40920916
EOSUSD,15,1652640300,1.346,1.347,1.34,1.341,36438,27139.78657152
EOSUSD,15,1652641200,1.341,1.344,1.334,1.337,115287,86126.93702424
EOSUSD,15,1652642100,1.337,1.345,1.336,1.339,154748,115292.25316375
EOSUSD,15,1652643000,1.339,1.353,1.339,1.35,73802,54713.52517943
EOSUSD,15,1652643900,1.35,1.359,1.35,1.356,65330,48251.72158318
EOSUSD,15,1652644800,1.356,1.377,1.353,1.375,272219,198893.90122343
EOSUSD,15,1652645700,1.375,1.389,1.371,1.382,179435,130100.10308289
EOSUSD,15,1652646600,1.382,1.383,1.373,1.38,141257,102412.2087374
EOSUSD,15,1652647500,1.38,1.386,1.377,1.384,47894,34617.07341451
EOSUSD,15,1652648400,1.384,1.39,1.382,1.383,88131,63593.47743564
EOSUSD,15,1652649300,1.383,1.383,1.376,1.381,17973,13039.35987612
EOSUSD,15,1652650200,1.381,1.383,1.379,1.383,8107,5874.16871142
EOSUSD,15,1652651100,1.383,1.386,1.382,1.385,52691,38071.5118381
