symbol,period,start_at,open,high,low,close
MKRUSDT,15,1652565600,1572.9,1578.3,1568.0,1577.8
MKRUSDT,15,1652566500,1577.8,1579.7,1560.7,1574.6
MKRUSDT,15,1652567400,1574.6,1591.4,1571.5,1584.1
MKRUSDT,15,1652568300,1584.1,1596.4,1575.3,1582.5
MKRUSDT,15,1652569200,1582.5,1588.0,1555.0,1561.1
MKRUSDT,15,1652570100,1561.1,1573.4,1549.0,1558.0
MKRUSDT,15,1652571000,1558.0,1576.2,1551.7,1571.6
MKRUSDT,15,1652571900,1571.6,1577.9,1557.1,1563.3
MKRUSDT,15,1652572800,1563.3,1569.2,1525.7,1525.7
MKRUSDT,15,1652573700,1525.7,1572.5,1524.6,1556.8
MKRUSDT,15,1652574600,1556.8,1565.1,1533.5,1538.3
MKRUSDT,15,1652575500,1538.3,1538.6,1520.2,1531.9
MKRUSDT,15,1652576400,1531.9,1535.8,1519.1,1521.3
MKRUSDT,15,1652577300,1521.3,1529.9,1514.9,1515.5
MKRUSDT,15,1652578200,1515.5,1533.2,1508.2,1529.3
MKRUSDT,15,1652579100,1529.3,1536.9,1525.0,1532.1
MKRUSDT,15,1652580000,1532.1,1541.1,1519.0,1519.0
MKRUSDT,15,1652580900,1519.0,1533.6,1517.1,1525.8
MKRUSDT,15,1652581800,1525.8,1543.5,1523.3,1533.6
MKRUSDT,15,1652582700,1533.6,1541.8,1525.8,1536.0
MKRUSDT,15,1652583600,1536.0,1536.7,1502.6,1502.8
MKRUSDT,15,1652584500,1502.8,1503.0,1490.5,1499.2
MKRUSDT,15,1652585400,1499.2,1514.0,1495.7,1513.7
MKRUSDT,15,1652586300,1513.7,1521.8,1512.4,1517.3
MKRUSDT,15,1652587200,1517.3,1522.5,1505.0,1516.6
MKRUSDT,15,1652588100,1516.6,1527.9,1513.9,1525.1
MKRUSDT,15,1652589000,1525.1,1538.6,1510.8,1529.5
MKRUSDT,15,1652589900,1529.5,1558.1,1528.9,1554.6
MKRUSDT,15,1652590800,1554.6,1570.8,1541.4,1570.7
MKRUSDT,15,1652591700,1570.7,1581.8,1561.7,1562.8
MKRUSDT,15,1652592600,1562.8,1588.0,1552.5,1582.0
MKRUSDT,15,1652593500,1582.0,1596.0,1575.3,1596.0
MKRUSDT,15,1652594400,1596.0,1596.9,1586.2,1593.8
MKRUSDT,15,1652595300,1593.8,1613.5,1591.8,1603.8
MKRUSDT,15,1652596200,1603.8,1632.5,1603.8,1619.8
MKRUSDT,15,1652597100,1619.8,1632.8,1611.2,1628.7
MKRUSDT,15,1652598000,1628.7,1652.1,1628.7,1648.9
MKRUSDT,15,1652598900,1648.9,1650.9,1611.9,1617.6
MKRUSDT,15,1652599800,1617.6,1617.6,1600.3,1608.1
MKRUSDT,15,1652600700,1608.1,1608.2,1597.5,1599.2
MKRUSDT,15,1652601600,1599.2,1612.2,1585.6,1593.1
MKRUSDT,15,1652602500,1593.1,1603.4,1585.6,1599.7
MKRUSDT,15,1652603400,1599.7,1601.2,1586.2,1590.4
MKRUSDT,15,1652604300,1590.4,1590.9,1575.1,1585.9
MKRUSDT,15,1652605200,1585.9,1599.4,1585.0,1594.8
MKRUSDT,15,1652606100,1594.8,1609.2,1591.1,1596.9
MKRUSDT,15,1652607000,1596.9,1610.8,1596.8,1610.8
MKRUSDT,15,1652607900,1610.8,1621.4,1597.6,1617.8
MKRUSDT,15,1652608800,1617.8,1626.6,1613.0,1616.4
MKRUSDT,15,1652609700,1616.4,1621.1,1609.7,1616.9
MKRUSDT,15,1652610600,1616.9,1620.1,1604.1,1607.2
MKRUSDT,15,1652611500,1607.2,1634.4,1606.8,1632.9
MKRUSDT,15,1652612400,1632.9,1637.0,1621.2,1622.3
MKRUSDT,15,1652613300,1622.3,1638.5,1612.2,1633.4
MKRUSDT,15,1652614200,1633.4,1649.2,1621.9,1622.6
MKRUSDT,15,1652615100,1622.6,1646.5,1618.0,1619.7
MKRUSDT,15,1652616000,1619.7,1636.7,1618.5,1628.4
MKRUSDT,15,1652616900,1628.4,1634.2,1613.9,1616.7
MKRUSDT,15,1652617800,1616.7,1619.1,1607.4,1613.2
MKRUSDT,15,1652618700,1613.2,1618.7,1591.6,1598.1
MKRUSDT,15,1652619600,1598.1,1615.2,1595.2,1615.2
MKRUSDT,15,1652620500,1615.2,1618.7,1578.0,1582.3
MKRUSDT,15,1652621400,1582.3,1583.6,1564.0,1565.4
MKRUSDT,15,1652622300,1565.4,1569.8,1556.5,1558.1
MKRUSDT,15,1652623200,1558.1,1561.1,1532.6,1535.9
MKRUSDT,15,1652624100,1535.9,1539.0,1522.4,1524.9
MKRUSDT,15,1652625000,1524.9,1536.0,1517.4,1534.1
MKRUSDT,15,1652625900,1534.1,1538.3,1523.5,1527.3
MKRUSDT,15,1652626800,1527.3,1556.3,1527.2,1549.3
MKRUSDT,15,1652627700,1549.3,1550.9,1538.7,1544.2
MKRUSDT,15,1652628600,1544.2,1544.3,1524.1,1524.1
MKRUSDT,15,1652629500,1524.1,1525.9,1508.9,1522.5
MKRUSDT,15,1652630400,1522.5,1528.7,1511.1,1513.6
MKRUSDT,15,1652631300,1513.6,1535.6,1513.2,1533.7
MKRUSDT,15,1652632200,1533.7,1541.8,1528.5,1541.7
MKRUSDT,15,1652633100,1541.7,1546.6,1533.4,1533.5
MKRUSDT,15,1652634000,1533.5,1537.6,1525.2,1528.4
MKRUSDT,15,1652634900,1528.4,1533.5,1509.3,1514.3
MKRUSDT,15,1652635800,1514.3,1514.9,1488.4,1496.7
MKRUSDT,15,1652636700,1496.7,1500.6,1479.0,1481.7
MKRUSDT,15,1652637600,1481.7,1496.6,1468.3,1495.5
MKRUSDT,15,1652638500,1495.5,1496.1,1477.7,1477.7
MKRUSDT,15,1652639400,1477.7,1489.2,1471.0,1476.3
MKRUSDT,15,1652640300,1476.3,1485.9,1464.8,1481.2
MKRUSDT,15,1652641200,1481.2,1488.6,1476.3,1482.2
MKRUSDT,15,1652642100,1482.2,1489.0,1474.8,1482.5
MKRUSDT,15,1652643000,1482.5,1502.4,1482.4,1499.9
MKRUSDT,15,1652643900,1499.9,1506.7,1492.9,1501.3
MKRUSDT,15,1652644800,1501.3,1519.7,1488.2,1516.9
MKRUSDT,15,1652645700,1516.9,1521.1,1503.2,1509.7
MKRUSDT,15,1652646600,1509.7,1520.2,1503.9,1517.1
MKRUSDT,15,1652647500,1517.1,1527.0,1511.4,1521.0
MKRUSDT,15,1652648400,1521.0,1524.4,1511.2,1514.9
MKRUSDT,15,1652649300,1514.9,1515.0,1495.3,1497.0
MKRUSDT,15,1652650200,1497.0,1519.8,1496.7,1516.5
MKRUSDT,15,1652651100,1516.5,1522.4,1512.5,1521.4
MKRUSDT,15,1669935600,645.5,647.1,645.5,647
MKRUSDT,15,1669935600,645.5,647.2,645.5,646
MKRUSDT,1,1669935600,645.5,647,645.5,647
MKRUSDT,1,1669935660,647,647.1,647,647.1
MKRUSDT,1,1669935720,647.1,647.2,647,647
MKRUSDT,1,1669935780,647,647,645.9,646
MKRUSDT,1,1669935840,646,646,645.9,646
MKRUSDT,1,1669935900,646,646,645.5,645.5
