symbol,interval,open_time,open,high,low,close,volume,turnover
BITUSD,15,1652565600,0.848,0.848,0.846,0.848,23123,27279.98013049
BITUSD,15,1652566500,0.848,0.849,0.848,0.849,9333,10993.37177997
BITUSD,15,1652567400,0.849,0.849,0.848,0.848,1847,2178.01186661
BITUSD,15,1652568300,0.848,0.853,0.848,0.852,46612,54781.02282883
BITUSD,15,1652569200,0.852,0.856,0.852,0.853,125260,146576.33257663
BITUSD,15,1652570100,0.853,0.854,0.851,0.852,33973,39864.8078059
BITUSD,15,1652571000,0.852,0.853,0.852,0.853,6397,7503.61331683
BITUSD,15,1652571900,0.853,0.856,0.852,0.853,15209,17799.79818025
BITUSD,15,1652572800,0.853,0.854,0.851,0.851,11328,13276.83213892
BITUSD,15,1652573700,0.851,0.857,0.851,0.856,16434,19241.07547984
BITUSD,15,1652574600,0.856,0.857,0.852,0.854,12178,14246.76899121
BITUSD,15,1652575500,0.854,0.854,0.85,0.85,31551,37032.01753505
BITUSD,15,1652576400,0.85,0.851,0.847,0.848,18090,21312.03105503
BITUSD,15,1652577300,0.848,0.85,0.848,0.85,23214,27321.37636598
BITUSD,15,1652578200,0.85,0.85,0.847,0.85,16195,19086.6242721
BITUSD,15,1652579100,0.85,0.85,0.848,0.849,10354,12185.50281763
BITUSD,15,1652580000,0.849,0.85,0.848,0.849,17475,20583.61474726
BITUSD,15,1652580900,0.849,0.849,0.843,0.843,91602,108249.13367588
BITUSD,15,1652581800,0.843,0.845,0.842,0.843,34319,40686.97699749
BITUSD,15,1652582700,0.843,0.844,0.843,0.843,2188,2595.29130309
BITUSD,15,1652583600,0.843,0.844,0.842,0.842,61469,72873.92233528
BITUSD,15,1652584500,0.842,0.843,0.841,0.841,30523,36285.2958527
BITUSD,15,1652585400,0.841,0.842,0.841,0.841,4500,5349.99336185
BITUSD,15,1652586300,0.841,0.842,0.841,0.841,2549,3029.67567644
BITUSD,15,1652587200,0.841,0.842,0.841,0.841,8406,9985.67902045
BITUSD,15,1652588100,0.841,0.842,0.841,0.841,11144,13239.22007693
BITUSD,15,1652589000,0.841,0.842,0.84,0.842,31095,36993.0297717
BITUSD,15,1652589900,0.842,0.842,0.84,0.841,3453,4103.15460145
BITUSD,15,1652590800,0.841,0.842,0.84,0.842,10887,12931.86912468
BITUSD,15,1652591700,0.842,0.842,0.84,0.841,4593,5460.45495096
BITUSD,15,1652592600,0.841,0.842,0.84,0.842,11156,13264.69982076
BITUSD,15,1652593500,0.842,0.846,0.841,0.844,18803,22286.63701552
BITUSD,15,1652594400,0.844,0.845,0.843,0.844,8328,9865.37346101
BITUSD,15,1652595300,0.844,0.845,0.844,0.845,7513,8891.97537771
BITUSD,15,1652596200,0.845,0.845,0.843,0.843,8733,10346.41611501
BITUSD,15,1652597100,0.843,0.845,0.843,0.845,10879,12886.96728349
BITUSD,15,1652598000,0.845,0.848,0.844,0.847,88241,104242.32822545
BITUSD,15,1652598900,0.847,0.848,0.846,0.848,33850,39966.43545081
BITUSD,15,1652599800,0.848,0.848,0.847,0.847,16059,18946.80587402
BITUSD,15,1652600700,0.847,0.848,0.847,0.848,571,673.9532978
BITUSD,15,1652601600,0.848,0.848,0.847,0.848,2249,2652.82434096
BITUSD,15,1652602500,0.848,0.848,0.847,0.847,4323,5098.54425135
BITUSD,15,1652603400,0.847,0.848,0.845,0.845,59764,70544.80350072
BITUSD,15,1652604300,0.845,0.848,0.843,0.845,169210,200009.63375082
BITUSD,15,1652605200,0.845,0.846,0.845,0.846,2237,2647.03932161
BITUSD,15,1652606100,0.846,0.846,0.845,0.846,620,733.02558487
BITUSD,15,1652607000,0.846,0.847,0.845,0.846,32388,38287.8387835
BITUSD,15,1652607900,0.846,0.847,0.846,0.846,5333,6301.47007421
BITUSD,15,1652608800,0.846,0.847,0.844,0.844,18156,21484.60167693
BITUSD,15,1652609700,0.844,0.845,0.843,0.844,7321,8677.87714442
BITUSD,15,1652610600,0.844,0.846,0.844,0.845,7856,9297.80769082
BITUSD,15,1652611500,0.845,0.848,0.845,0.847,61358,72452.15639451
BITUSD,15,1652612400,0.847,0.848,0.846,0.847,11896,14046.06958894
BITUSD,15,1652613300,0.847,0.848,0.846,0.847,7905,9330.38001107
BITUSD,15,1652614200,0.847,0.853,0.847,0.852,125431,147361.94503772
BITUSD,15,1652615100,0.852,0.854,0.852,0.853,14861,17422.67521588
BITUSD,15,1652616000,0.853,0.856,0.853,0.856,78575,91933.08263441
BITUSD,15,1652616900,0.856,0.858,0.855,0.858,30072,35095.6039444
BITUSD,15,1652617800,0.858,0.858,0.855,0.856,75956,88720.77495981
BITUSD,15,1652618700,0.856,0.856,0.855,0.856,6489,7581.4737386
BITUSD,15,1652619600,0.856,0.856,0.855,0.856,37161,43449.49855139
BITUSD,15,1652620500,0.856,0.856,0.854,0.855,67314,78727.58193575
BITUSD,15,1652621400,0.855,0.855,0.853,0.854,41821,48953.64815593
BITUSD,15,1652622300,0.854,0.854,0.853,0.853,2884,3379.35540878
BITUSD,15,1652623200,0.853,0.854,0.853,0.853,34441,40372.68656366
BITUSD,15,1652624100,0.853,0.853,0.852,0.852,25777,30225.69610635
BITUSD,15,1652625000,0.852,0.853,0.85,0.852,22604,26536.6731696
BITUSD,15,1652625900,0.852,0.853,0.852,0.852,23975,28110.04105876
BITUSD,15,1652626800,0.852,0.855,0.852,0.853,52100,61009.57884855
BITUSD,15,1652627700,0.853,0.855,0.852,0.852,82675,96839.7336749
BITUSD,15,1652628600,0.852,0.853,0.852,0.852,17965,21085.54590497
BITUSD,15,1652629500,0.852,0.853,0.851,0.852,46121,54125.65520144
BITUSD,15,1652630400,0.852,0.853,0.851,0.852,4291,5035.62831779
BITUSD,15,1652631300,0.852,0.853,0.852,0.852,9993,11725.64106756
BITUSD,15,1652632200,0.852,0.855,0.852,0.854,94905,111100.18930327
BITUSD,15,1652633100,0.854,0.857,0.853,0.855,46259,54097.26338556
BITUSD,15,1652634000,0.855,0.857,0.855,0.855,86493,101057.54501536
BITUSD,15,1652634900,0.855,0.856,0.855,0.855,4886,5712.85593157
BITUSD,15,1652635800,0.855,0.856,0.855,0.855,4436,5188.0882101
BITUSD,15,1652636700,0.855,0.856,0.855,0.855,6156,7197.42170745
BITUSD,15,1652637600,0.855,0.856,0.854,0.854,42792,50060.64346828
BITUSD,15,1652638500,0.854,0.855,0.854,0.854,9174,10732.38834691
BITUSD,15,1652639400,0.854,0.856,0.854,0.855,2483,2903.80297021
BITUSD,15,1652640300,0.855,0.856,0.855,0.856,26433,30881.7292442
BITUSD,15,1652641200,0.856,0.858,0.856,0.857,16418,19156.9468138
BITUSD,15,1652642100,0.857,0.858,0.857,0.857,9141,10662.07945995
BITUSD,15,1652643000,0.857,0.858,0.856,0.857,13398,15637.70653758
BITUSD,15,1652643900,0.857,0.859,0.857,0.859,17403,20291.47050372
BITUSD,15,1652644800,0.859,0.862,0.858,0.862,41660,48458.0762098
BITUSD,15,1652645700,0.862,0.864,0.862,0.862,32192,37305.4565813
BITUSD,15,1652646600,0.862,0.864,0.862,0.862,10909,12652.05344759
BITUSD,15,1652647500,0.862,0.864,0.862,0.864,9688,11227.38308092
BITUSD,15,1652648400,0.864,0.868,0.864,0.864,90370,104356.05111345
BITUSD,15,1652649300,0.864,0.865,0.862,0.864,10585,12256.78695887
BITUSD,15,1652650200,0.864,0.864,0.862,0.864,5500,6372.46158099
BITUSD,15,1652651100,0.864,0.866,0.863,0.865,21695,25108.1291852
