symbol,period,start_at,open,high,low,close
XTZUSDT,15,1652565600,1.804,1.807,1.789,1.796
XTZUSDT,15,1652566500,1.796,1.812,1.793,1.796
XTZUSDT,15,1652567400,1.796,1.798,1.792,1.798
XTZUSDT,15,1652568300,1.798,1.823,1.796,1.818
XTZUSDT,15,1652569200,1.818,1.839,1.805,1.807
XTZUSDT,15,1652570100,1.807,1.822,1.807,1.822
XTZUSDT,15,1652571000,1.822,1.837,1.816,1.829
XTZUSDT,15,1652571900,1.829,1.835,1.823,1.825
XTZUSDT,15,1652572800,1.825,1.847,1.82,1.836
XTZUSDT,15,1652573700,1.836,1.866,1.834,1.863
XTZUSDT,15,1652574600,1.863,1.867,1.841,1.845
XTZUSDT,15,1652575500,1.845,1.849,1.84,1.849
XTZUSDT,15,1652576400,1.849,1.849,1.828,1.83
XTZUSDT,15,1652577300,1.83,1.832,1.824,1.826
XTZUSDT,15,1652578200,1.826,1.829,1.821,1.829
XTZUSDT,15,1652579100,1.829,1.839,1.826,1.834
XTZUSDT,15,1652580000,1.834,1.841,1.814,1.817
XTZUSDT,15,1652580900,1.817,1.817,1.803,1.804
XTZUSDT,15,1652581800,1.804,1.806,1.797,1.801
XTZUSDT,15,1652582700,1.801,1.802,1.791,1.797
XTZUSDT,15,1652583600,1.797,1.801,1.796,1.797
XTZUSDT,15,1652584500,1.797,1.797,1.777,1.778
XTZUSDT,15,1652585400,1.778,1.786,1.777,1.786
XTZUSDT,15,1652586300,1.786,1.795,1.784,1.791
XTZUSDT,15,1652587200,1.791,1.801,1.786,1.801
XTZUSDT,15,1652588100,1.801,1.81,1.797,1.806
XTZUSDT,15,1652589000,1.806,1.806,1.788,1.802
XTZUSDT,15,1652589900,1.802,1.806,1.798,1.806
XTZUSDT,15,1652590800,1.806,1.808,1.799,1.805
XTZUSDT,15,1652591700,1.805,1.819,1.804,1.817
XTZUSDT,15,1652592600,1.817,1.878,1.816,1.855
XTZUSDT,15,1652593500,1.855,1.877,1.852,1.868
XTZUSDT,15,1652594400,1.868,1.878,1.859,1.865
XTZUSDT,15,1652595300,1.865,1.869,1.858,1.865
XTZUSDT,15,1652596200,1.865,1.872,1.864,1.866
XTZUSDT,15,1652597100,1.866,1.892,1.864,1.89
XTZUSDT,15,1652598000,1.89,1.92,1.89,1.894
XTZUSDT,15,1652598900,1.894,1.901,1.885,1.891
XTZUSDT,15,1652599800,1.891,1.892,1.874,1.879
XTZUSDT,15,1652600700,1.879,1.88,1.859,1.868
XTZUSDT,15,1652601600,1.868,1.869,1.845,1.846
XTZUSDT,15,1652602500,1.846,1.851,1.837,1.848
XTZUSDT,15,1652603400,1.848,1.856,1.843,1.848
XTZUSDT,15,1652604300,1.848,1.848,1.828,1.829
XTZUSDT,15,1652605200,1.829,1.84,1.827,1.834
XTZUSDT,15,1652606100,1.834,1.857,1.832,1.855
XTZUSDT,15,1652607000,1.855,1.857,1.846,1.85
XTZUSDT,15,1652607900,1.85,1.866,1.849,1.861
XTZUSDT,15,1652608800,1.861,1.862,1.839,1.843
XTZUSDT,15,1652609700,1.843,1.864,1.836,1.849
XTZUSDT,15,1652610600,1.849,1.853,1.838,1.85
XTZUSDT,15,1652611500,1.85,1.884,1.847,1.882
XTZUSDT,15,1652612400,1.882,1.889,1.876,1.884
XTZUSDT,15,1652613300,1.884,1.889,1.865,1.884
XTZUSDT,15,1652614200,1.884,1.901,1.878,1.897
XTZUSDT,15,1652615100,1.897,1.903,1.887,1.89
XTZUSDT,15,1652616000,1.89,1.907,1.89,1.899
XTZUSDT,15,1652616900,1.899,1.906,1.887,1.889
XTZUSDT,15,1652617800,1.889,1.89,1.876,1.885
XTZUSDT,15,1652618700,1.885,1.893,1.884,1.886
XTZUSDT,15,1652619600,1.886,1.886,1.873,1.879
XTZUSDT,15,1652620500,1.879,1.88,1.857,1.867
XTZUSDT,15,1652621400,1.867,1.867,1.843,1.854
XTZUSDT,15,1652622300,1.854,1.861,1.854,1.857
XTZUSDT,15,1652623200,1.857,1.859,1.837,1.843
XTZUSDT,15,1652624100,1.843,1.845,1.825,1.833
XTZUSDT,15,1652625000,1.833,1.858,1.826,1.849
XTZUSDT,15,1652625900,1.849,1.86,1.848,1.857
XTZUSDT,15,1652626800,1.857,1.884,1.857,1.882
XTZUSDT,15,1652627700,1.882,1.882,1.868,1.87
XTZUSDT,15,1652628600,1.87,1.871,1.848,1.851
XTZUSDT,15,1652629500,1.851,1.86,1.845,1.856
XTZUSDT,15,1652630400,1.856,1.859,1.846,1.85
XTZUSDT,15,1652631300,1.85,1.862,1.847,1.859
XTZUSDT,15,1652632200,1.859,1.879,1.856,1.877
XTZUSDT,15,1652633100,1.877,1.879,1.872,1.879
XTZUSDT,15,1652634000,1.879,1.882,1.872,1.877
XTZUSDT,15,1652634900,1.877,1.88,1.873,1.874
XTZUSDT,15,1652635800,1.874,1.875,1.852,1.853
XTZUSDT,15,1652636700,1.853,1.855,1.842,1.844
XTZUSDT,15,1652637600,1.844,1.845,1.833,1.837
XTZUSDT,15,1652638500,1.837,1.842,1.826,1.826
XTZUSDT,15,1652639400,1.826,1.832,1.82,1.831
XTZUSDT,15,1652640300,1.831,1.833,1.814,1.823
XTZUSDT,15,1652641200,1.823,1.83,1.82,1.821
XTZUSDT,15,1652642100,1.821,1.828,1.819,1.819
XTZUSDT,15,1652643000,1.819,1.834,1.819,1.827
XTZUSDT,15,1652643900,1.827,1.839,1.825,1.838
XTZUSDT,15,1652644800,1.838,1.856,1.833,1.848
XTZUSDT,15,1652645700,1.848,1.861,1.843,1.855
XTZUSDT,15,1652646600,1.855,1.878,1.853,1.877
XTZUSDT,15,1652647500,1.877,1.882,1.873,1.881
XTZUSDT,15,1652648400,1.881,1.888,1.876,1.881
XTZUSDT,15,1652649300,1.881,1.882,1.874,1.875
XTZUSDT,15,1652650200,1.875,1.878,1.871,1.878
XTZUSDT,15,1652651100,1.878,1.887,1.877,1.887
XTZUSDT,15,1669935600,0.998,0.999,0.998,0.999
XTZUSDT,15,1669935600,0.998,1,0.998,0.999
XTZUSDT,1,1669935600,0.998,0.999,0.998,0.998
XTZUSDT,1,1669935660,0.998,0.999,0.998,0.999
XTZUSDT,1,1669935720,0.999,1,0.999,0.999
XTZUSDT,1,1669935780,0.999,0.999,0.998,0.999
XTZUSDT,1,1669935840,0.999,0.999,0.999,0.999
XTZUSDT,1,1669935900,0.999,0.999,0.999,0.999
