symbol,interval,open_time,open,high,low,close,volume,turnover
ETHUSDH23,15,1663315200,1474.9,1476.6,1468.8,1469.5,112039,76.01434102
ETHUSDH23,15,1663316100,1469.5,1472.25,1462.05,1466.5,88199,60.08247018
ETHUSDH23,15,1663317000,1466.5,1469.2,1445.6,1460.85,117041,80.26067461
ETHUSDH23,15,1663317900,1460.85,1463.05,1451.25,1457.2,572628,393.18549139
ETHUSDH23,15,1663318800,1457.2,1469.5,1455.4,1464.1,82797,56.52951833
ETHUSDH23,15,1663319700,1464.1,1469.8,1463.35,1466.2,106752,72.7959842
ETHUSDH23,15,1663320600,1466.2,1471.25,1463.6,1470.85,27825,18.95675529
ETHUSDH23,15,1663321500,1470.85,1471.1,1467.2,1468.45,68738,46.78267366
ETHUSDH23,15,1663322400,1468.45,1470.45,1466.6,1466.65,68231,46.46066411
ETHUSDH23,15,1663323300,1466.65,1470.9,1464.25,1469.5,41048,27.95621134
ETHUSDH23,15,1663324200,1469.5,1479.35,1467.35,1476.95,51659,35.06308991
ETHUSDH23,15,1663325100,1476.95,1478.25,1472.4,1474.5,84089,57.00555669
ETHUSDH23,15,1663326000,1474.5,1475.85,1471.5,1472.2,88522,60.06116441
ETHUSDH23,15,1663326900,1472.2,1474.95,1470.3,1473.45,64476,43.79614781
ETHUSDH23,15,1663327800,1473.45,1482.35,1472.25,1479.25,41520,28.10416437
ETHUSDH23,15,1663328700,1479.25,1487.65,1475.95,1483.6,84364,56.93586932
ETHUSDH23,15,1663329600,1483.6,1484.15,1474.7,1475.25,68484,46.33003543
ETHUSDH23,15,1663330500,1475.25,1477.8,1469.65,1470.8,79788,54.19841694
ETHUSDH23,15,1663331400,1470.8,1471.35,1467.35,1469,64858,44.14716915
ETHUSDH23,15,1663332300,1469,1469.4,1455.75,1459,108576,74.28574837
ETHUSDH23,15,1663333200,1459,1466.65,1458.45,1465,97024,66.32335709
ETHUSDH23,15,1663334100,1465,1468.7,1462.6,1468.7,61644,42.05649504
ETHUSDH23,15,1663335000,1468.7,1468.7,1451.1,1454.75,158138,108.59215326
ETHUSDH23,15,1663335900,1454.75,1460.55,1429.55,1434.6,101467,70.45445075
ETHUSDH23,15,1663336800,1434.6,1457.05,1427.8,1455,96118,66.58230202
ETHUSDH23,15,1663337700,1455,1459.4,1441.4,1441.4,97886,67.43895288
ETHUSDH23,15,1663338600,1441.4,1463.75,1441.4,1459.2,98819,67.90902653
ETHUSDH23,15,1663339500,1459.2,1463.3,1452.3,1453,100219,68.76939566
ETHUSDH23,15,1663340400,1453,1454.3,1447.4,1450.5,96237,66.342411
ETHUSDH23,15,1663341300,1450.5,1460.65,1449.65,1458.2,87152,59.80933978
ETHUSDH23,15,1663342200,1458.2,1462.1,1446.35,1446.5,170028,116.98328241
ETHUSDH23,15,1663343100,1446.5,1458.5,1444.3,1457.05,82293,56.73973518
ETHUSDH23,15,1663344000,1457.05,1457.2,1442.85,1444.8,127606,87.97038851
ETHUSDH23,15,1663344900,1444.8,1447.55,1418.05,1428.5,283941,198.49151843
ETHUSDH23,15,1663345800,1428.5,1438.3,1420.2,1435.7,113834,79.70685653
ETHUSDH23,15,1663346700,1435.7,1440.35,1429.7,1432.1,103359,72.01257646
ETHUSDH23,15,1663347600,1432.1,1436.2,1418.5,1431,174895,122.52758068
ETHUSDH23,15,1663348500,1431,1431.4,1410.55,1422.55,149077,104.81561345
ETHUSDH23,15,1663349400,1422.55,1438.6,1421.3,1431.6,180547,125.99589038
ETHUSDH23,15,1663350300,1431.6,1431.6,1424.15,1425.5,126051,88.31820573
ETHUSDH23,15,1663351200,1425.5,1431.95,1421.65,1428.4,85221,59.6986597
ETHUSDH23,15,1663352100,1428.4,1433.95,1416.95,1433.95,117434,82.37332933
ETHUSDH23,15,1663353000,1433.95,1440.4,1431.15,1434.55,117025,81.55028609
ETHUSDH23,15,1663353900,1434.55,1439.6,1432.3,1433.85,98968,68.95324654
ETHUSDH23,15,1663354800,1433.85,1444.35,1433.35,1436.25,89591,62.25037605
ETHUSDH23,15,1663355700,1436.25,1441.5,1434.3,1437.65,85443,59.44905318
ETHUSDH23,15,1663356600,1437.65,1441.75,1434.4,1439.3,104324,72.55441912
ETHUSDH23,15,1663357500,1439.3,1440,1431.6,1432.8,87752,61.18220292
ETHUSDH23,15,1663358400,1432.8,1440.2,1431.75,1438.65,87558,60.93806483
ETHUSDH23,15,1663359300,1438.65,1438.65,1433,1435.55,80004,55.73895917
ETHUSDH23,15,1663360200,1435.55,1440.5,1432.25,1438.6,55784,38.82523433
ETHUSDH23,15,1663361100,1438.6,1443.2,1437.8,1443.2,79899,55.45387764
ETHUSDH23,15,1663362000,1443.2,1443.6,1439.8,1440.25,81620,56.62788989
ETHUSDH23,15,1663362900,1440.25,1451.5,1440.25,1449.1,100133,69.30260762
ETHUSDH23,15,1663363800,1449.1,1451.8,1442.6,1442.6,131928,91.17349752
ETHUSDH23,15,1663364700,1442.6,1447,1439.2,1443.65,124170,86.05260323
ETHUSDH23,15,1663365600,1443.65,1446.9,1439.5,1442,122057,84.59657086
ETHUSDH23,15,1663366500,1442,1445.25,1439.6,1443.25,81196,56.29543062
ETHUSDH23,15,1663367400,1443.25,1445.3,1439,1441.75,90783,62.96193707
ETHUSDH23,15,1663368300,1441.75,1442.65,1435.1,1435.85,53523,37.21492715
ETHUSDH23,15,1663369200,1435.85,1437.65,1433.3,1435.35,66576,46.37435573
ETHUSDH23,15,1663370100,1435.35,1437.05,1432.2,1433,20823,14.51666401
ETHUSDH23,15,1663371000,1433,1434.5,1426.05,1430.8,42423,29.63505678
ETHUSDH23,15,1663371900,1430.8,1438.3,1428.65,1437.9,51569,35.93487364
ETHUSDH23,15,1663372800,1437.9,1443.35,1434.3,1443.15,54742,38.03450994
ETHUSDH23,15,1663373700,1443.15,1454.65,1439.9,1452.75,56196,38.77316217
ETHUSDH23,15,1663374600,1452.75,1461.1,1450.5,1450.7,157972,108.58459225
ETHUSDH23,15,1663375500,1450.7,1450.7,1444.3,1446.7,20055,13.86142695
ETHUSDH23,15,1663376400,1446.7,1451.65,1443.75,1444.6,21558,14.87943068
ETHUSDH23,15,1663377300,1444.6,1445.25,1441.3,1443.8,26923,18.64861359
ETHUSDH23,15,1663378200,1443.8,1448.65,1442.7,1447.2,18347,12.68371738
ETHUSDH23,15,1663379100,1447.2,1449.85,1444.55,1449,32186,22.24473795
ETHUSDH23,15,1663380000,1449,1449.4,1443.9,1446.45,37155,25.69063821
ETHUSDH23,15,1663380900,1446.45,1446.75,1440.45,1444.75,24631,17.03765601
ETHUSDH23,15,1663381800,1444.75,1444.8,1438.75,1441.45,113660,78.86505448
ETHUSDH23,15,1663382700,1441.45,1443.7,1439.5,1442.8,91269,63.29517776
ETHUSDH23,15,1663383600,1442.8,1445.6,1441.5,1445.25,79526,55.07563126
ETHUSDH23,15,1663384500,1445.25,1445.4,1438.75,1441.8,46625,32.33498645
ETHUSDH23,15,1663385400,1441.8,1443.35,1440.6,1442.7,38189,26.47622642
ETHUSDH23,15,1663386300,1442.7,1444.8,1441.85,1442.25,7819,5.41866808
ETHUSDH23,15,1663387200,1442.25,1446.9,1442,1443,63025,43.65455733
ETHUSDH23,15,1663388100,1443,1449.55,1442.7,1447.5,112060,77.48083692
ETHUSDH23,15,1663389000,1447.5,1449.35,1445.65,1446.9,45807,31.64678977
ETHUSDH23,15,1663389900,1446.9,1447.75,1443.45,1444.1,20804,14.40033133
ETHUSDH23,15,1663390800,1444.1,1444.15,1434.8,1437.85,101142,70.31648437
ETHUSDH23,15,1663391700,1437.85,1439.55,1435.1,1437.35,65716,45.72690991
ETHUSDH23,15,1663392600,1437.35,1440.65,1431.95,1432.6,66387,46.20496776
ETHUSDH23,15,1663393500,1432.6,1436,1430.45,1434.75,54188,37.77859611
ETHUSDH23,15,1663394400,1434.75,1436.6,1432.15,1433.5,44674,31.13263781
ETHUSDH23,15,1663395300,1433.5,1435.95,1431.55,1433.35,52472,36.59933098
ETHUSDH23,15,1663396200,1433.35,1434.7,1428.05,1431.35,57077,39.89597346
ETHUSDH23,15,1663397100,1431.35,1434.6,1430.7,1433.95,65394,45.62887431
ETHUSDH23,15,1663398000,1433.95,1435.15,1431.15,1431.15,37887,26.42373203
ETHUSDH23,15,1663398900,1431.15,1433.25,1428.35,1431.35,69293,48.40408808
ETHUSDH23,15,1663399800,1431.35,1433.65,1431,1432.3,38701,27.01201177
ETHUSDH23,15,1663400700,1432.3,1435.75,1429.8,1435.6,30519,21.30592334
