symbol,period,start_at,open,high,low,close
BSVUSDT,15,1652652000,54.39,55.04,54.39,54.75
BSVUSDT,15,1652652900,54.75,54.85,54.72,54.83
BSVUSDT,15,1652653800,54.83,54.83,54.58,54.62
BSVUSDT,15,1652654700,54.62,54.66,54.53,54.54
BSVUSDT,15,1652655600,54.54,54.54,54.44,54.47
BSVUSDT,15,1652656500,54.47,54.54,54.47,54.53
BSVUSDT,15,1652657400,54.53,54.82,54.53,54.82
BSVUSDT,15,1652658300,54.82,55.03,54.82,54.98
BSVUSDT,15,1652659200,54.98,55.28,54.52,54.52
BSVUSDT,15,1652660100,54.52,54.53,54.2,54.25
BSVUSDT,15,1652661000,54.25,54.26,53.96,53.97
BSVUSDT,15,1652661900,53.97,54.06,53.97,54.06
BSVUSDT,15,1652662800,54.06,54.16,53.84,53.85
BSVUSDT,15,1652663700,53.85,53.98,53.83,53.84
BSVUSDT,15,1652664600,53.84,53.91,53.7,53.83
BSVUSDT,15,1652665500,53.83,54.91,53.82,54.9
BSVUSDT,15,1652666400,54.9,54.9,53.74,53.83
BSVUSDT,15,1652667300,53.83,53.9,53.7,53.87
BSVUSDT,15,1652668200,53.87,54.08,53.87,53.89
BSVUSDT,15,1652669100,53.89,53.9,53.58,53.73
BSVUSDT,15,1652670000,53.73,53.86,53.48,53.55
BSVUSDT,15,1652670900,53.55,53.56,53.21,53.26
BSVUSDT,15,1652671800,53.26,53.38,53.16,53.19
BSVUSDT,15,1652672700,53.19,53.27,53.09,53.24
BSVUSDT,15,1652673600,53.24,53.28,53.0,53.06
BSVUSDT,15,1652674500,53.06,53.42,52.99,53.4
BSVUSDT,15,1652675400,53.4,53.46,53.17,53.38
BSVUSDT,15,1652676300,53.38,53.44,53.34,53.38
BSVUSDT,15,1652677200,53.38,53.53,53.36,53.52
BSVUSDT,15,1652678100,53.52,53.56,53.47,53.5
BSVUSDT,15,1652679000,53.5,53.5,53.36,53.36
BSVUSDT,15,1652679900,53.36,53.44,52.94,52.97
BSVUSDT,15,1652680800,52.97,52.97,52.15,52.19
BSVUSDT,15,1652681700,52.19,52.23,51.55,51.78
BSVUSDT,15,1652682600,51.78,51.95,51.51,51.95
BSVUSDT,15,1652683500,51.95,51.96,51.42,51.52
BSVUSDT,15,1652684400,51.52,51.52,51.12,51.18
BSVUSDT,15,1652685300,51.18,51.69,51.16,51.69
BSVUSDT,15,1652686200,51.69,51.96,51.67,51.95
BSVUSDT,15,1652687100,51.95,52.14,51.86,51.86
BSVUSDT,15,1652688000,51.86,52.19,51.86,52.19
BSVUSDT,15,1652688900,52.19,52.28,52.16,52.16
BSVUSDT,15,1652689800,52.16,52.39,52.16,52.37
BSVUSDT,15,1652690700,52.37,52.38,52.3,52.31
BSVUSDT,15,1652691600,52.31,52.31,51.99,52.04
BSVUSDT,15,1652692500,52.04,52.05,51.61,51.66
BSVUSDT,15,1652693400,51.66,51.89,51.61,51.61
BSVUSDT,15,1652694300,51.61,52.07,51.61,51.69
BSVUSDT,15,1652695200,51.69,52.09,51.15,51.99
BSVUSDT,15,1652696100,51.99,52.41,51.99,52.34
BSVUSDT,15,1652697000,52.34,52.57,52.29,52.52
BSVUSDT,15,1652697900,52.52,53.0,52.51,52.96
BSVUSDT,15,1652698800,52.96,52.99,52.49,52.5
BSVUSDT,15,1652699700,52.5,52.5,52.23,52.39
BSVUSDT,15,1652700600,52.39,52.46,52.2,52.31
BSVUSDT,15,1652701500,52.31,52.33,52.09,52.12
BSVUSDT,15,1652702400,52.12,52.21,51.87,52.13
BSVUSDT,15,1652703300,52.13,54.12,52.1,54.12
BSVUSDT,15,1652704200,54.12,54.5,53.92,54.02
BSVUSDT,15,1652705100,54.02,54.03,53.6,53.63
BSVUSDT,15,1652706000,53.63,54.2,53.61,53.89
BSVUSDT,15,1652706900,53.89,53.89,53.46,53.53
BSVUSDT,15,1652707800,53.53,53.74,53.27,53.39
BSVUSDT,15,1652708700,53.39,53.39,52.78,52.93
BSVUSDT,15,1652709600,52.93,53.38,52.81,53.24
BSVUSDT,15,1652710500,53.24,53.5,53.24,53.43
BSVUSDT,15,1652711400,53.43,53.46,52.94,52.96
BSVUSDT,15,1652712300,52.96,53.18,52.61,52.87
BSVUSDT,15,1652713200,52.87,53.3,52.87,53.22
BSVUSDT,15,1652714100,53.22,53.35,53.22,53.27
BSVUSDT,15,1652715000,53.27,53.27,52.43,52.52
BSVUSDT,15,1652715900,52.52,53.2,52.52,53.13
BSVUSDT,15,1652716800,53.13,53.4,52.73,52.84
BSVUSDT,15,1652717700,52.84,52.99,52.72,52.77
BSVUSDT,15,1652718600,52.77,52.95,52.42,52.43
BSVUSDT,15,1652719500,52.43,52.54,52.29,52.47
BSVUSDT,15,1652720400,52.47,52.96,52.41,52.89
BSVUSDT,15,1652721300,52.89,53.07,52.79,53.01
BSVUSDT,15,1652722200,53.01,53.25,53.01,53.18
BSVUSDT,15,1652723100,53.18,53.21,53.1,53.16
BSVUSDT,15,1652724000,53.16,53.48,53.11,53.45
BSVUSDT,15,1652724900,53.45,53.59,53.29,53.57
BSVUSDT,15,1652725800,53.57,53.61,53.5,53.57
BSVUSDT,15,1652726700,53.57,53.62,53.51,53.58
BSVUSDT,15,1652727600,53.58,53.69,53.55,53.56
BSVUSDT,15,1652728500,53.56,53.56,53.44,53.44
BSVUSDT,15,1652729400,53.44,53.44,53.38,53.41
BSVUSDT,15,1652730300,53.41,53.72,53.08,53.12
BSVUSDT,15,1652731200,53.12,53.51,53.1,53.49
BSVUSDT,15,1652732100,53.49,53.58,53.34,53.37
BSVUSDT,15,1652733000,53.37,53.49,53.36,53.41
BSVUSDT,15,1652733900,53.41,53.54,53.41,53.53
BSVUSDT,15,1652734800,53.53,54.2,53.53,53.8
BSVUSDT,15,1652735700,53.8,53.87,53.75,53.76
BSVUSDT,15,1652736600,53.76,53.83,53.75,53.83
BSVUSDT,15,1652737500,53.83,53.93,53.82,53.91
