symbol,period,start_at,open,high,low,close
IOTAUSDT,15,1652565600,0.351,0.3526,0.3489,0.3507
IOTAUSDT,15,1652566500,0.3507,0.351,0.346,0.346
IOTAUSDT,15,1652567400,0.346,0.3462,0.3409,0.343
IOTAUSDT,15,1652568300,0.343,0.3477,0.3406,0.3448
IOTAUSDT,15,1652569200,0.3448,0.3457,0.3411,0.3411
IOTAUSDT,15,1652570100,0.3411,0.3448,0.3389,0.3447
IOTAUSDT,15,1652571000,0.3447,0.3496,0.3434,0.3496
IOTAUSDT,15,1652571900,0.3496,0.3522,0.3467,0.3492
IOTAUSDT,15,1652572800,0.3492,0.3544,0.3474,0.3488
IOTAUSDT,15,1652573700,0.3488,0.3583,0.3485,0.3571
IOTAUSDT,15,1652574600,0.3571,0.3602,0.3551,0.3584
IOTAUSDT,15,1652575500,0.3584,0.3608,0.3554,0.3601
IOTAUSDT,15,1652576400,0.3601,0.3627,0.3564,0.36
IOTAUSDT,15,1652577300,0.36,0.3618,0.3556,0.3556
IOTAUSDT,15,1652578200,0.3556,0.3568,0.3516,0.3518
IOTAUSDT,15,1652579100,0.3518,0.3527,0.3495,0.3498
IOTAUSDT,15,1652580000,0.3498,0.3529,0.3447,0.3466
IOTAUSDT,15,1652580900,0.3466,0.3501,0.3444,0.347
IOTAUSDT,15,1652581800,0.347,0.3543,0.3463,0.349
IOTAUSDT,15,1652582700,0.349,0.3513,0.347,0.3497
IOTAUSDT,15,1652583600,0.3497,0.3512,0.3468,0.3475
IOTAUSDT,15,1652584500,0.3475,0.3484,0.345,0.3464
IOTAUSDT,15,1652585400,0.3464,0.3486,0.3445,0.3478
IOTAUSDT,15,1652586300,0.3478,0.3489,0.3471,0.3472
IOTAUSDT,15,1652587200,0.3472,0.3488,0.3448,0.3476
IOTAUSDT,15,1652588100,0.3476,0.3485,0.345,0.3465
IOTAUSDT,15,1652589000,0.3465,0.3474,0.3396,0.3409
IOTAUSDT,15,1652589900,0.3409,0.3439,0.3403,0.3421
IOTAUSDT,15,1652590800,0.3421,0.3439,0.3395,0.3434
IOTAUSDT,15,1652591700,0.3434,0.3443,0.3419,0.3429
IOTAUSDT,15,1652592600,0.3429,0.3466,0.3428,0.3465
IOTAUSDT,15,1652593500,0.3465,0.3502,0.3453,0.3482
IOTAUSDT,15,1652594400,0.3482,0.349,0.3459,0.3465
IOTAUSDT,15,1652595300,0.3465,0.3492,0.3456,0.3485
IOTAUSDT,15,1652596200,0.3485,0.349,0.3452,0.3452
IOTAUSDT,15,1652597100,0.3452,0.3485,0.3443,0.3482
IOTAUSDT,15,1652598000,0.3482,0.3505,0.3467,0.3478
IOTAUSDT,15,1652598900,0.3478,0.3483,0.3465,0.3468
IOTAUSDT,15,1652599800,0.3468,0.3468,0.3456,0.3459
IOTAUSDT,15,1652600700,0.3459,0.3459,0.3419,0.3423
IOTAUSDT,15,1652601600,0.3423,0.3431,0.3399,0.34
IOTAUSDT,15,1652602500,0.34,0.3437,0.3391,0.3422
IOTAUSDT,15,1652603400,0.3422,0.3432,0.3403,0.3425
IOTAUSDT,15,1652604300,0.3425,0.3504,0.3411,0.3504
IOTAUSDT,15,1652605200,0.3504,0.3505,0.3469,0.347
IOTAUSDT,15,1652606100,0.347,0.3542,0.3468,0.353
IOTAUSDT,15,1652607000,0.353,0.3535,0.3498,0.3503
IOTAUSDT,15,1652607900,0.3503,0.3513,0.3489,0.3499
IOTAUSDT,15,1652608800,0.3499,0.3503,0.3463,0.3485
IOTAUSDT,15,1652609700,0.3485,0.3499,0.3465,0.3478
IOTAUSDT,15,1652610600,0.3478,0.3489,0.3467,0.3488
IOTAUSDT,15,1652611500,0.3488,0.3542,0.3482,0.3536
IOTAUSDT,15,1652612400,0.3536,0.3551,0.352,0.3523
IOTAUSDT,15,1652613300,0.3523,0.3523,0.3492,0.3515
IOTAUSDT,15,1652614200,0.3515,0.3571,0.3515,0.3554
IOTAUSDT,15,1652615100,0.3554,0.3606,0.3553,0.3569
IOTAUSDT,15,1652616000,0.3569,0.361,0.3568,0.3604
IOTAUSDT,15,1652616900,0.3604,0.3616,0.358,0.358
IOTAUSDT,15,1652617800,0.358,0.3602,0.3543,0.3592
IOTAUSDT,15,1652618700,0.3592,0.3602,0.3563,0.3587
IOTAUSDT,15,1652619600,0.3587,0.359,0.3552,0.359
IOTAUSDT,15,1652620500,0.359,0.3692,0.3583,0.3613
IOTAUSDT,15,1652621400,0.3613,0.3653,0.3592,0.3621
IOTAUSDT,15,1652622300,0.3621,0.3626,0.3583,0.3592
IOTAUSDT,15,1652623200,0.3592,0.3599,0.3533,0.3542
IOTAUSDT,15,1652624100,0.3542,0.3542,0.3488,0.3526
IOTAUSDT,15,1652625000,0.3526,0.3528,0.3491,0.3517
IOTAUSDT,15,1652625900,0.3517,0.3546,0.3513,0.3541
IOTAUSDT,15,1652626800,0.3541,0.3581,0.3535,0.3575
IOTAUSDT,15,1652627700,0.3575,0.3576,0.3548,0.3559
IOTAUSDT,15,1652628600,0.3559,0.3559,0.352,0.3531
IOTAUSDT,15,1652629500,0.3531,0.3573,0.3477,0.3552
IOTAUSDT,15,1652630400,0.3552,0.356,0.3526,0.3539
IOTAUSDT,15,1652631300,0.3539,0.3589,0.3539,0.3589
IOTAUSDT,15,1652632200,0.3589,0.3662,0.3587,0.3659
IOTAUSDT,15,1652633100,0.3659,0.3677,0.3603,0.363
IOTAUSDT,15,1652634000,0.363,0.3657,0.3622,0.3647
IOTAUSDT,15,1652634900,0.3647,0.3684,0.3647,0.3674
IOTAUSDT,15,1652635800,0.3674,0.3675,0.3589,0.3589
IOTAUSDT,15,1652636700,0.3589,0.3599,0.355,0.355
IOTAUSDT,15,1652637600,0.355,0.3562,0.3527,0.3538
IOTAUSDT,15,1652638500,0.3538,0.3559,0.352,0.3545
IOTAUSDT,15,1652639400,0.3545,0.3593,0.3543,0.3586
IOTAUSDT,15,1652640300,0.3586,0.3589,0.3551,0.3568
IOTAUSDT,15,1652641200,0.3568,0.3586,0.3548,0.3552
IOTAUSDT,15,1652642100,0.3552,0.3561,0.3546,0.3551
IOTAUSDT,15,1652643000,0.3551,0.3586,0.3551,0.357
IOTAUSDT,15,1652643900,0.357,0.3685,0.357,0.3672
IOTAUSDT,15,1652644800,0.3672,0.3749,0.3662,0.3731
IOTAUSDT,15,1652645700,0.3731,0.3767,0.3708,0.3751
IOTAUSDT,15,1652646600,0.3751,0.3779,0.3722,0.3773
IOTAUSDT,15,1652647500,0.3773,0.3791,0.3751,0.3785
IOTAUSDT,15,1652648400,0.3785,0.3799,0.3734,0.3755
IOTAUSDT,15,1652649300,0.3755,0.376,0.3739,0.3741
IOTAUSDT,15,1652650200,0.3741,0.377,0.3735,0.3763
IOTAUSDT,15,1652651100,0.3763,0.3765,0.3747,0.3754
IOTAUSDT,15,1669935600,0.2113,0.2115,0.2113,0.2115
IOTAUSDT,15,1669935600,0.2113,0.2121,0.2113,0.2118
IOTAUSDT,1,1669935600,0.2113,0.2115,0.2113,0.2115
IOTAUSDT,1,1669935660,0.2115,0.2119,0.2115,0.2119
IOTAUSDT,1,1669935720,0.2119,0.2121,0.2119,0.2121
IOTAUSDT,1,1669935780,0.2121,0.2121,0.2118,0.2118
IOTAUSDT,1,1669935840,0.2118,0.2119,0.2118,0.2119
IOTAUSDT,1,1669935900,0.2119,0.2119,0.2117,0.2118
