symbol,period,start_at,open,high,low,close
SWEATUSDT,15,1667529000,0.02085,0.02085,0.02056,0.02061
SWEATUSDT,15,1667529900,0.02061,0.02073,0.02057,0.02071
SWEATUSDT,15,1667530800,0.02071,0.02075,0.02071,0.02073
SWEATUSDT,15,1667531700,0.02073,0.0208,0.0207,0.02078
SWEATUSDT,15,1667532600,0.02078,0.02082,0.02072,0.02082
SWEATUSDT,15,1667533500,0.02082,0.02098,0.0208,0.02097
SWEATUSDT,15,1667534400,0.02097,0.02102,0.02089,0.021
SWEATUSDT,15,1667535300,0.021,0.02112,0.02094,0.02112
SWEATUSDT,15,1667536200,0.02112,0.02112,0.02106,0.02112
SWEATUSDT,15,1667537100,0.02112,0.02114,0.02104,0.02108
SWEATUSDT,15,1667538000,0.02108,0.0211,0.02098,0.02104
SWEATUSDT,15,1667538900,0.02104,0.02106,0.02097,0.02098
SWEATUSDT,15,1667539800,0.02098,0.02105,0.02097,0.02105
SWEATUSDT,15,1667540700,0.02105,0.02132,0.02104,0.02129
SWEATUSDT,15,1667541600,0.02129,0.0214,0.02121,0.02127
SWEATUSDT,15,1667542500,0.02127,0.02128,0.02113,0.02113
SWEATUSDT,15,1667543400,0.02113,0.02122,0.02112,0.02118
SWEATUSDT,15,1667544300,0.02118,0.02137,0.02116,0.02136
SWEATUSDT,15,1667545200,0.02136,0.0214,0.02129,0.0214
SWEATUSDT,15,1667546100,0.0214,0.02155,0.0214,0.0215
SWEATUSDT,15,1667547000,0.0215,0.02153,0.0214,0.02145
SWEATUSDT,15,1667547900,0.02145,0.02148,0.02142,0.02144
SWEATUSDT,15,1667548800,0.02144,0.02206,0.02143,0.02206
SWEATUSDT,15,1667549700,0.02206,0.02474,0.02203,0.02422
SWEATUSDT,15,1667550600,0.02422,0.02426,0.02317,0.02349
SWEATUSDT,15,1667551500,0.02349,0.02408,0.02332,0.02332
SWEATUSDT,15,1667552400,0.02332,0.02409,0.02332,0.02367
SWEATUSDT,15,1667553300,0.02367,0.02415,0.0236,0.02412
SWEATUSDT,15,1667554200,0.02412,0.02413,0.02354,0.02356
SWEATUSDT,15,1667555100,0.02356,0.0238,0.02353,0.02379
SWEATUSDT,15,1667556000,0.02379,0.0242,0.02375,0.02396
SWEATUSDT,15,1667556900,0.02396,0.02476,0.02392,0.02476
SWEATUSDT,15,1667557800,0.02476,0.02478,0.02423,0.02434
SWEATUSDT,15,1667558700,0.02434,0.02445,0.02423,0.02435
SWEATUSDT,15,1667559600,0.02435,0.02465,0.0243,0.02455
SWEATUSDT,15,1667560500,0.02455,0.02458,0.02439,0.02444
SWEATUSDT,15,1667561400,0.02444,0.02446,0.02275,0.02289
SWEATUSDT,15,1667562300,0.02289,0.0233,0.02216,0.02216
SWEATUSDT,15,1667563200,0.02216,0.02274,0.02216,0.02255
SWEATUSDT,15,1667564100,0.02255,0.02255,0.02229,0.02251
SWEATUSDT,15,1667565000,0.02251,0.02259,0.02222,0.02259
SWEATUSDT,15,1667565900,0.02259,0.02277,0.02257,0.02277
SWEATUSDT,15,1667566800,0.02277,0.0228,0.02272,0.02276
SWEATUSDT,15,1667567700,0.02276,0.02297,0.02275,0.02295
SWEATUSDT,15,1667568600,0.02295,0.02312,0.02294,0.02304
SWEATUSDT,15,1667569500,0.02304,0.02305,0.02258,0.02276
SWEATUSDT,15,1667570400,0.02276,0.02289,0.02264,0.02289
SWEATUSDT,15,1667571300,0.02289,0.0231,0.02288,0.02303
SWEATUSDT,15,1667572200,0.02303,0.0231,0.02299,0.02299
SWEATUSDT,15,1667573100,0.02299,0.0237,0.02294,0.02365
SWEATUSDT,15,1667574000,0.02365,0.02365,0.02295,0.0231
SWEATUSDT,15,1667574900,0.0231,0.0231,0.02259,0.0227
SWEATUSDT,15,1667575800,0.0227,0.02304,0.0227,0.02274
SWEATUSDT,15,1667576700,0.02274,0.02289,0.02272,0.02275
SWEATUSDT,15,1667577600,0.02275,0.02291,0.02257,0.02291
SWEATUSDT,15,1667578500,0.02291,0.02348,0.0229,0.0232
SWEATUSDT,15,1667579400,0.0232,0.02348,0.02315,0.02315
SWEATUSDT,15,1667580300,0.02315,0.02315,0.02296,0.02308
SWEATUSDT,15,1667581200,0.02308,0.0234,0.02307,0.02318
SWEATUSDT,15,1667582100,0.02318,0.0234,0.02316,0.0234
SWEATUSDT,15,1667583000,0.0234,0.02344,0.02308,0.0231
SWEATUSDT,15,1667583900,0.0231,0.02344,0.02309,0.02343
SWEATUSDT,15,1667584800,0.02343,0.02351,0.02336,0.02351
SWEATUSDT,15,1667585700,0.02351,0.02378,0.02349,0.02355
SWEATUSDT,15,1667586600,0.02355,0.02356,0.02317,0.02326
SWEATUSDT,15,1667587500,0.02326,0.02326,0.02312,0.02314
SWEATUSDT,15,1667588400,0.02314,0.02346,0.02313,0.02345
SWEATUSDT,15,1667589300,0.02345,0.02359,0.02342,0.02356
SWEATUSDT,15,1667590200,0.02356,0.02356,0.02303,0.02317
SWEATUSDT,15,1667591100,0.02317,0.0232,0.02309,0.0231
SWEATUSDT,15,1667592000,0.0231,0.02329,0.02309,0.02329
SWEATUSDT,15,1667592900,0.02329,0.02339,0.02327,0.02333
SWEATUSDT,15,1667593800,0.02333,0.02343,0.02331,0.02337
SWEATUSDT,15,1667594700,0.02337,0.0234,0.02324,0.02326
SWEATUSDT,15,1667595600,0.02326,0.02329,0.0232,0.02327
SWEATUSDT,15,1667596500,0.02327,0.02347,0.02327,0.02342
SWEATUSDT,15,1667597400,0.02342,0.02356,0.02339,0.02355
SWEATUSDT,15,1667598300,0.02355,0.02355,0.02343,0.02351
SWEATUSDT,15,1667599200,0.02351,0.02383,0.0235,0.0238
SWEATUSDT,15,1667600100,0.0238,0.02381,0.0237,0.02377
SWEATUSDT,15,1667601000,0.02377,0.02398,0.02376,0.02393
SWEATUSDT,15,1667601900,0.02393,0.02412,0.02377,0.02377
SWEATUSDT,15,1667602800,0.02377,0.02379,0.02367,0.02371
SWEATUSDT,15,1667603700,0.02371,0.02374,0.02348,0.02348
SWEATUSDT,15,1667604600,0.02348,0.02353,0.02305,0.02308
SWEATUSDT,15,1667605500,0.02308,0.02325,0.02298,0.02314
SWEATUSDT,15,1667606400,0.02314,0.02337,0.02311,0.02337
SWEATUSDT,15,1667607300,0.02337,0.0234,0.02328,0.0233
SWEATUSDT,15,1667608200,0.0233,0.02344,0.02327,0.02342
SWEATUSDT,15,1667609100,0.02342,0.02364,0.02339,0.02363
SWEATUSDT,15,1667610000,0.02363,0.02373,0.02361,0.02369
SWEATUSDT,15,1667610900,0.02369,0.02373,0.02341,0.02373
SWEATUSDT,15,1667611800,0.02373,0.02384,0.02362,0.02364
SWEATUSDT,15,1667612700,0.02364,0.02415,0.02358,0.02398
SWEATUSDT,15,1667613600,0.02398,0.02444,0.02395,0.0244
SWEATUSDT,15,1667614500,0.0244,0.02589,0.02438,0.02539
SWEATUSDT,15,1669935600,0.01271,0.01271,0.01269,0.0127
SWEATUSDT,15,1669935600,0.01271,0.01272,0.01269,0.01271
SWEATUSDT,1,1669935600,0.01271,0.01271,0.01269,0.0127
SWEATUSDT,1,1669935660,0.0127,0.01271,0.01269,0.0127
SWEATUSDT,1,1669935720,0.0127,0.01272,0.01269,0.01269
SWEATUSDT,1,1669935780,0.01269,0.0127,0.01269,0.0127
SWEATUSDT,1,1669935840,0.0127,0.01271,0.01269,0.0127
SWEATUSDT,1,1669935900,0.0127,0.01271,0.0127,0.01271
