symbol,period,start_at,open,high,low,close
REQUSDT,15,1652565600,0.1094,0.1099,0.1087,0.1087
REQUSDT,15,1652566500,0.1087,0.1093,0.1087,0.1093
REQUSDT,15,1652567400,0.1093,0.1093,0.1081,0.1086
REQUSDT,15,1652568300,0.1086,0.1117,0.1085,0.1111
REQUSDT,15,1652569200,0.1111,0.1117,0.1099,0.1102
REQUSDT,15,1652570100,0.1102,0.1108,0.1095,0.1102
REQUSDT,15,1652571000,0.1102,0.1117,0.1102,0.1113
REQUSDT,15,1652571900,0.1113,0.1116,0.1106,0.1112
REQUSDT,15,1652572800,0.1112,0.1115,0.1096,0.1103
REQUSDT,15,1652573700,0.1103,0.1121,0.1103,0.1113
REQUSDT,15,1652574600,0.1113,0.1119,0.11,0.1101
REQUSDT,15,1652575500,0.1101,0.1102,0.1094,0.1095
REQUSDT,15,1652576400,0.1095,0.1096,0.1092,0.1093
REQUSDT,15,1652577300,0.1093,0.1096,0.1091,0.1091
REQUSDT,15,1652578200,0.1091,0.1093,0.1086,0.1089
REQUSDT,15,1652579100,0.1089,0.1089,0.1087,0.1089
REQUSDT,15,1652580000,0.1089,0.1094,0.1083,0.1083
REQUSDT,15,1652580900,0.1083,0.1085,0.1076,0.1077
REQUSDT,15,1652581800,0.1077,0.1079,0.1075,0.1075
REQUSDT,15,1652582700,0.1075,0.108,0.1074,0.108
REQUSDT,15,1652583600,0.108,0.108,0.1076,0.1076
REQUSDT,15,1652584500,0.1076,0.1076,0.1063,0.1068
REQUSDT,15,1652585400,0.1068,0.1077,0.1068,0.1072
REQUSDT,15,1652586300,0.1072,0.1078,0.1072,0.1078
REQUSDT,15,1652587200,0.1078,0.1083,0.1074,0.1082
REQUSDT,15,1652588100,0.1082,0.1085,0.1081,0.1082
REQUSDT,15,1652589000,0.1082,0.1082,0.1071,0.1071
REQUSDT,15,1652589900,0.1071,0.1075,0.1071,0.1075
REQUSDT,15,1652590800,0.1075,0.1077,0.1073,0.1074
REQUSDT,15,1652591700,0.1074,0.1077,0.1074,0.1077
REQUSDT,15,1652592600,0.1077,0.1087,0.1077,0.1087
REQUSDT,15,1652593500,0.1087,0.1094,0.1086,0.1094
REQUSDT,15,1652594400,0.1094,0.1103,0.1094,0.1101
REQUSDT,15,1652595300,0.1101,0.1101,0.1094,0.1097
REQUSDT,15,1652596200,0.1097,0.1097,0.1096,0.1096
REQUSDT,15,1652597100,0.1096,0.1107,0.1096,0.1107
REQUSDT,15,1652598000,0.1107,0.1108,0.1095,0.1098
REQUSDT,15,1652598900,0.1098,0.1099,0.1094,0.1094
REQUSDT,15,1652599800,0.1094,0.1098,0.1091,0.1098
REQUSDT,15,1652600700,0.1098,0.1098,0.1095,0.1095
REQUSDT,15,1652601600,0.1095,0.1096,0.1093,0.1094
REQUSDT,15,1652602500,0.1094,0.1098,0.1088,0.1097
REQUSDT,15,1652603400,0.1097,0.1111,0.1095,0.1106
REQUSDT,15,1652604300,0.1106,0.1106,0.1092,0.1092
REQUSDT,15,1652605200,0.1092,0.1097,0.1092,0.1095
REQUSDT,15,1652606100,0.1095,0.1109,0.1094,0.1108
REQUSDT,15,1652607000,0.1108,0.1108,0.1101,0.1105
REQUSDT,15,1652607900,0.1105,0.111,0.1105,0.111
REQUSDT,15,1652608800,0.111,0.111,0.1103,0.1103
REQUSDT,15,1652609700,0.1103,0.1106,0.1102,0.1105
REQUSDT,15,1652610600,0.1105,0.1106,0.1103,0.1104
REQUSDT,15,1652611500,0.1104,0.1126,0.1104,0.1124
REQUSDT,15,1652612400,0.1124,0.1125,0.1119,0.1124
REQUSDT,15,1652613300,0.1124,0.1129,0.1118,0.1129
REQUSDT,15,1652614200,0.1129,0.1138,0.1124,0.1136
REQUSDT,15,1652615100,0.1136,0.1152,0.1133,0.1144
REQUSDT,15,1652616000,0.1144,0.1155,0.1132,0.1132
REQUSDT,15,1652616900,0.1132,0.1143,0.1124,0.1124
REQUSDT,15,1652617800,0.1124,0.1129,0.1118,0.1129
REQUSDT,15,1652618700,0.1129,0.1133,0.1126,0.1127
REQUSDT,15,1652619600,0.1127,0.1127,0.1107,0.1121
REQUSDT,15,1652620500,0.1121,0.1122,0.1107,0.1109
REQUSDT,15,1652621400,0.1109,0.1111,0.1106,0.1107
REQUSDT,15,1652622300,0.1107,0.1108,0.1096,0.1103
REQUSDT,15,1652623200,0.1103,0.1106,0.1091,0.1099
REQUSDT,15,1652624100,0.1099,0.1102,0.1094,0.1097
REQUSDT,15,1652625000,0.1097,0.1099,0.1092,0.1099
REQUSDT,15,1652625900,0.1099,0.1103,0.1097,0.1101
REQUSDT,15,1652626800,0.1101,0.115,0.1101,0.1148
REQUSDT,15,1652627700,0.1148,0.1237,0.1115,0.1134
REQUSDT,15,1652628600,0.1134,0.114,0.1108,0.1118
REQUSDT,15,1652629500,0.1118,0.1125,0.1114,0.1117
REQUSDT,15,1652630400,0.1117,0.1122,0.1116,0.1119
REQUSDT,15,1652631300,0.1119,0.113,0.1118,0.1127
REQUSDT,15,1652632200,0.1127,0.1144,0.1122,0.1139
REQUSDT,15,1652633100,0.1139,0.1142,0.1136,0.114
REQUSDT,15,1652634000,0.114,0.1144,0.1137,0.1143
REQUSDT,15,1652634900,0.1143,0.1149,0.1141,0.1142
REQUSDT,15,1652635800,0.1142,0.1142,0.1133,0.1135
REQUSDT,15,1652636700,0.1135,0.1137,0.1124,0.1124
REQUSDT,15,1652637600,0.1124,0.1128,0.1122,0.1126
REQUSDT,15,1652638500,0.1126,0.1131,0.1126,0.1128
REQUSDT,15,1652639400,0.1128,0.1152,0.1128,0.1146
REQUSDT,15,1652640300,0.1146,0.1147,0.112,0.1133
REQUSDT,15,1652641200,0.1133,0.1135,0.1128,0.113
REQUSDT,15,1652642100,0.113,0.1134,0.1128,0.1129
REQUSDT,15,1652643000,0.1129,0.1149,0.1128,0.1141
REQUSDT,15,1652643900,0.1141,0.1151,0.1141,0.115
REQUSDT,15,1652644800,0.115,0.1173,0.1148,0.1167
REQUSDT,15,1652645700,0.1167,0.1172,0.116,0.1161
REQUSDT,15,1652646600,0.1161,0.1168,0.1158,0.1165
REQUSDT,15,1652647500,0.1165,0.1171,0.1164,0.1171
REQUSDT,15,1652648400,0.1171,0.1173,0.1162,0.1163
REQUSDT,15,1652649300,0.1163,0.1164,0.1158,0.1158
REQUSDT,15,1652650200,0.1158,0.116,0.1154,0.1157
REQUSDT,15,1652651100,0.1157,0.1162,0.1154,0.116
REQUSDT,15,1669935600,0.092,0.092,0.092,0.092
REQUSDT,15,1669935600,0.092,0.0921,0.092,0.092
REQUSDT,1,1669935600,0.092,0.092,0.092,0.092
REQUSDT,1,1669935660,0.092,0.092,0.092,0.092
REQUSDT,1,1669935720,0.092,0.0921,0.092,0.092
REQUSDT,1,1669935780,0.092,0.092,0.092,0.092
REQUSDT,1,1669935840,0.092,0.092,0.092,0.092
REQUSDT,1,1669935900,0.092,0.092,0.092,0.092
