symbol,period,start_at,open,high,low,close
STXUSDT,15,1652565600,0.544,0.544,0.538,0.542
STXUSDT,15,1652566500,0.542,0.55,0.542,0.545
STXUSDT,15,1652567400,0.545,0.548,0.543,0.545
STXUSDT,15,1652568300,0.545,0.559,0.545,0.558
STXUSDT,15,1652569200,0.558,0.558,0.551,0.552
STXUSDT,15,1652570100,0.552,0.555,0.552,0.555
STXUSDT,15,1652571000,0.555,0.562,0.555,0.561
STXUSDT,15,1652571900,0.561,0.563,0.56,0.56
STXUSDT,15,1652572800,0.56,0.561,0.555,0.558
STXUSDT,15,1652573700,0.558,0.566,0.557,0.563
STXUSDT,15,1652574600,0.563,0.565,0.558,0.558
STXUSDT,15,1652575500,0.558,0.56,0.555,0.556
STXUSDT,15,1652576400,0.556,0.556,0.551,0.552
STXUSDT,15,1652577300,0.552,0.555,0.552,0.555
STXUSDT,15,1652578200,0.555,0.557,0.551,0.553
STXUSDT,15,1652579100,0.553,0.558,0.552,0.555
STXUSDT,15,1652580000,0.555,0.556,0.549,0.549
STXUSDT,15,1652580900,0.549,0.549,0.546,0.549
STXUSDT,15,1652581800,0.549,0.549,0.543,0.543
STXUSDT,15,1652582700,0.543,0.545,0.542,0.545
STXUSDT,15,1652583600,0.545,0.545,0.541,0.541
STXUSDT,15,1652584500,0.541,0.541,0.535,0.535
STXUSDT,15,1652585400,0.535,0.54,0.533,0.539
STXUSDT,15,1652586300,0.539,0.543,0.539,0.541
STXUSDT,15,1652587200,0.541,0.543,0.537,0.542
STXUSDT,15,1652588100,0.542,0.544,0.542,0.543
STXUSDT,15,1652589000,0.543,0.544,0.539,0.541
STXUSDT,15,1652589900,0.541,0.545,0.541,0.541
STXUSDT,15,1652590800,0.541,0.541,0.537,0.54
STXUSDT,15,1652591700,0.54,0.546,0.54,0.546
STXUSDT,15,1652592600,0.546,0.55,0.545,0.55
STXUSDT,15,1652593500,0.55,0.556,0.549,0.555
STXUSDT,15,1652594400,0.555,0.555,0.55,0.55
STXUSDT,15,1652595300,0.55,0.556,0.549,0.556
STXUSDT,15,1652596200,0.556,0.556,0.552,0.552
STXUSDT,15,1652597100,0.552,0.558,0.552,0.558
STXUSDT,15,1652598000,0.558,0.561,0.556,0.557
STXUSDT,15,1652598900,0.557,0.561,0.556,0.557
STXUSDT,15,1652599800,0.557,0.557,0.555,0.556
STXUSDT,15,1652600700,0.556,0.557,0.553,0.553
STXUSDT,15,1652601600,0.553,0.555,0.551,0.551
STXUSDT,15,1652602500,0.551,0.554,0.551,0.552
STXUSDT,15,1652603400,0.552,0.554,0.55,0.553
STXUSDT,15,1652604300,0.553,0.554,0.55,0.55
STXUSDT,15,1652605200,0.55,0.55,0.547,0.547
STXUSDT,15,1652606100,0.547,0.552,0.546,0.55
STXUSDT,15,1652607000,0.55,0.556,0.55,0.556
STXUSDT,15,1652607900,0.556,0.561,0.556,0.56
STXUSDT,15,1652608800,0.56,0.56,0.554,0.554
STXUSDT,15,1652609700,0.554,0.556,0.554,0.556
STXUSDT,15,1652610600,0.556,0.558,0.555,0.558
STXUSDT,15,1652611500,0.558,0.573,0.557,0.572
STXUSDT,15,1652612400,0.572,0.573,0.569,0.571
STXUSDT,15,1652613300,0.571,0.573,0.567,0.573
STXUSDT,15,1652614200,0.573,0.578,0.573,0.574
STXUSDT,15,1652615100,0.574,0.58,0.574,0.577
STXUSDT,15,1652616000,0.577,0.606,0.575,0.606
STXUSDT,15,1652616900,0.606,0.61,0.591,0.591
STXUSDT,15,1652617800,0.591,0.597,0.589,0.591
STXUSDT,15,1652618700,0.591,0.597,0.59,0.59
STXUSDT,15,1652619600,0.59,0.59,0.577,0.583
STXUSDT,15,1652620500,0.583,0.585,0.576,0.577
STXUSDT,15,1652621400,0.577,0.581,0.575,0.577
STXUSDT,15,1652622300,0.577,0.58,0.576,0.579
STXUSDT,15,1652623200,0.579,0.579,0.566,0.568
STXUSDT,15,1652624100,0.568,0.57,0.564,0.567
STXUSDT,15,1652625000,0.567,0.572,0.564,0.572
STXUSDT,15,1652625900,0.572,0.575,0.571,0.572
STXUSDT,15,1652626800,0.572,0.576,0.57,0.575
STXUSDT,15,1652627700,0.575,0.575,0.572,0.573
STXUSDT,15,1652628600,0.573,0.573,0.57,0.571
STXUSDT,15,1652629500,0.571,0.573,0.568,0.572
STXUSDT,15,1652630400,0.572,0.574,0.568,0.571
STXUSDT,15,1652631300,0.571,0.577,0.571,0.576
STXUSDT,15,1652632200,0.576,0.582,0.574,0.58
STXUSDT,15,1652633100,0.58,0.581,0.578,0.581
STXUSDT,15,1652634000,0.581,0.581,0.576,0.58
STXUSDT,15,1652634900,0.58,0.582,0.577,0.578
STXUSDT,15,1652635800,0.578,0.578,0.575,0.575
STXUSDT,15,1652636700,0.575,0.578,0.572,0.574
STXUSDT,15,1652637600,0.574,0.58,0.572,0.579
STXUSDT,15,1652638500,0.579,0.593,0.579,0.592
STXUSDT,15,1652639400,0.592,0.592,0.584,0.588
STXUSDT,15,1652640300,0.588,0.589,0.582,0.583
STXUSDT,15,1652641200,0.583,0.583,0.576,0.577
STXUSDT,15,1652642100,0.577,0.579,0.575,0.575
STXUSDT,15,1652643000,0.575,0.581,0.575,0.58
STXUSDT,15,1652643900,0.58,0.589,0.58,0.589
STXUSDT,15,1652644800,0.589,0.592,0.581,0.592
STXUSDT,15,1652645700,0.592,0.597,0.59,0.595
STXUSDT,15,1652646600,0.595,0.599,0.594,0.596
STXUSDT,15,1652647500,0.596,0.601,0.595,0.601
STXUSDT,15,1652648400,0.601,0.601,0.592,0.593
STXUSDT,15,1652649300,0.593,0.602,0.593,0.595
STXUSDT,15,1652650200,0.595,0.598,0.594,0.598
STXUSDT,15,1652651100,0.598,0.6,0.596,0.599
STXUSDT,15,1669935600,0.249,0.249,0.248,0.248
STXUSDT,15,1669935600,0.249,0.249,0.248,0.248
STXUSDT,1,1669935600,0.249,0.249,0.249,0.249
STXUSDT,1,1669935660,0.249,0.249,0.248,0.248
STXUSDT,1,1669935720,0.248,0.248,0.248,0.248
STXUSDT,1,1669935780,0.248,0.248,0.248,0.248
STXUSDT,1,1669935840,0.248,0.248,0.248,0.248
STXUSDT,1,1669935900,0.248,0.248,0.248,0.248
