symbol,period,start_at,open,high,low,close
ROSEUSDT,15,1652565600,0.0703,0.071,0.0702,0.071
ROSEUSDT,15,1652566500,0.071,0.0716,0.071,0.071
ROSEUSDT,15,1652567400,0.071,0.0713,0.0706,0.0713
ROSEUSDT,15,1652568300,0.0713,0.0731,0.0713,0.0726
ROSEUSDT,15,1652569200,0.0726,0.0732,0.0722,0.0726
ROSEUSDT,15,1652570100,0.0726,0.0732,0.0724,0.0731
ROSEUSDT,15,1652571000,0.0731,0.0749,0.0727,0.0748
ROSEUSDT,15,1652571900,0.0748,0.075,0.0738,0.074
ROSEUSDT,15,1652572800,0.074,0.0741,0.073,0.0733
ROSEUSDT,15,1652573700,0.0733,0.0746,0.0732,0.0743
ROSEUSDT,15,1652574600,0.0743,0.0753,0.0743,0.0748
ROSEUSDT,15,1652575500,0.0748,0.0748,0.0735,0.074
ROSEUSDT,15,1652576400,0.074,0.0742,0.0733,0.0736
ROSEUSDT,15,1652577300,0.0736,0.0739,0.0729,0.0729
ROSEUSDT,15,1652578200,0.0729,0.0731,0.0724,0.0729
ROSEUSDT,15,1652579100,0.0729,0.073,0.0726,0.0727
ROSEUSDT,15,1652580000,0.0727,0.0733,0.0719,0.0719
ROSEUSDT,15,1652580900,0.0719,0.0721,0.0713,0.0714
ROSEUSDT,15,1652581800,0.0714,0.0716,0.071,0.0711
ROSEUSDT,15,1652582700,0.0711,0.0716,0.0709,0.0714
ROSEUSDT,15,1652583600,0.0714,0.0718,0.0709,0.0711
ROSEUSDT,15,1652584500,0.0711,0.0711,0.0703,0.0706
ROSEUSDT,15,1652585400,0.0706,0.0709,0.0704,0.0708
ROSEUSDT,15,1652586300,0.0708,0.0708,0.0706,0.0706
ROSEUSDT,15,1652587200,0.0706,0.0713,0.0703,0.0712
ROSEUSDT,15,1652588100,0.0712,0.0715,0.0711,0.0711
ROSEUSDT,15,1652589000,0.0711,0.0712,0.0705,0.0707
ROSEUSDT,15,1652589900,0.0707,0.0714,0.0707,0.0713
ROSEUSDT,15,1652590800,0.0713,0.0714,0.0708,0.0711
ROSEUSDT,15,1652591700,0.0711,0.0716,0.071,0.0715
ROSEUSDT,15,1652592600,0.0715,0.0722,0.0713,0.0722
ROSEUSDT,15,1652593500,0.0722,0.0733,0.0721,0.0733
ROSEUSDT,15,1652594400,0.0733,0.0737,0.0733,0.0733
ROSEUSDT,15,1652595300,0.0733,0.0745,0.0732,0.0743
ROSEUSDT,15,1652596200,0.0743,0.0756,0.0741,0.0755
ROSEUSDT,15,1652597100,0.0755,0.0759,0.075,0.0757
ROSEUSDT,15,1652598000,0.0757,0.076,0.0751,0.0752
ROSEUSDT,15,1652598900,0.0752,0.0762,0.075,0.0759
ROSEUSDT,15,1652599800,0.0759,0.076,0.0755,0.0756
ROSEUSDT,15,1652600700,0.0756,0.0756,0.0744,0.0745
ROSEUSDT,15,1652601600,0.0745,0.0748,0.0737,0.0737
ROSEUSDT,15,1652602500,0.0737,0.0743,0.0736,0.074
ROSEUSDT,15,1652603400,0.074,0.0744,0.0738,0.0743
ROSEUSDT,15,1652604300,0.0743,0.0745,0.0736,0.0737
ROSEUSDT,15,1652605200,0.0737,0.0738,0.0731,0.0732
ROSEUSDT,15,1652606100,0.0732,0.0743,0.0731,0.0741
ROSEUSDT,15,1652607000,0.0741,0.0746,0.0736,0.0745
ROSEUSDT,15,1652607900,0.0745,0.0765,0.0745,0.0765
ROSEUSDT,15,1652608800,0.0765,0.077,0.0755,0.077
ROSEUSDT,15,1652609700,0.077,0.077,0.0756,0.0757
ROSEUSDT,15,1652610600,0.0757,0.0765,0.0754,0.076
ROSEUSDT,15,1652611500,0.076,0.0769,0.0759,0.0768
ROSEUSDT,15,1652612400,0.0768,0.0776,0.0767,0.0772
ROSEUSDT,15,1652613300,0.0772,0.0785,0.0769,0.0783
ROSEUSDT,15,1652614200,0.0783,0.0793,0.0778,0.0791
ROSEUSDT,15,1652615100,0.0791,0.0797,0.0786,0.0788
ROSEUSDT,15,1652616000,0.0788,0.0794,0.0783,0.0783
ROSEUSDT,15,1652616900,0.0783,0.0785,0.0779,0.0779
ROSEUSDT,15,1652617800,0.0779,0.0779,0.0773,0.0777
ROSEUSDT,15,1652618700,0.0777,0.0778,0.0772,0.0775
ROSEUSDT,15,1652619600,0.0775,0.0775,0.0769,0.0772
ROSEUSDT,15,1652620500,0.0772,0.0777,0.0761,0.0764
ROSEUSDT,15,1652621400,0.0764,0.0767,0.0757,0.0763
ROSEUSDT,15,1652622300,0.0763,0.0764,0.0753,0.0757
ROSEUSDT,15,1652623200,0.0757,0.0757,0.0747,0.075
ROSEUSDT,15,1652624100,0.075,0.0754,0.0743,0.0744
ROSEUSDT,15,1652625000,0.0744,0.075,0.0741,0.0748
ROSEUSDT,15,1652625900,0.0748,0.075,0.0738,0.0739
ROSEUSDT,15,1652626800,0.0739,0.0752,0.0739,0.0751
ROSEUSDT,15,1652627700,0.0751,0.0751,0.0739,0.0741
ROSEUSDT,15,1652628600,0.0741,0.0741,0.0732,0.0737
ROSEUSDT,15,1652629500,0.0737,0.074,0.0725,0.0735
ROSEUSDT,15,1652630400,0.0735,0.0744,0.0731,0.0739
ROSEUSDT,15,1652631300,0.0739,0.0748,0.0739,0.0747
ROSEUSDT,15,1652632200,0.0747,0.0753,0.0741,0.0751
ROSEUSDT,15,1652633100,0.0751,0.0759,0.075,0.0759
ROSEUSDT,15,1652634000,0.0759,0.0774,0.0751,0.0767
ROSEUSDT,15,1652634900,0.0767,0.0768,0.0757,0.0762
ROSEUSDT,15,1652635800,0.0762,0.0762,0.0754,0.0755
ROSEUSDT,15,1652636700,0.0755,0.0756,0.0745,0.0745
ROSEUSDT,15,1652637600,0.0745,0.0751,0.0743,0.0749
ROSEUSDT,15,1652638500,0.0749,0.0752,0.0747,0.0749
ROSEUSDT,15,1652639400,0.0749,0.0757,0.0749,0.0757
ROSEUSDT,15,1652640300,0.0757,0.0758,0.0752,0.0757
ROSEUSDT,15,1652641200,0.0757,0.0757,0.0752,0.0753
ROSEUSDT,15,1652642100,0.0753,0.0766,0.0752,0.0764
ROSEUSDT,15,1652643000,0.0764,0.0779,0.0764,0.0776
ROSEUSDT,15,1652643900,0.0776,0.079,0.0775,0.0787
ROSEUSDT,15,1652644800,0.0787,0.0808,0.0779,0.0805
ROSEUSDT,15,1652645700,0.0805,0.0808,0.0798,0.0807
ROSEUSDT,15,1652646600,0.0807,0.0815,0.0804,0.0814
ROSEUSDT,15,1652647500,0.0814,0.0821,0.081,0.0817
ROSEUSDT,15,1652648400,0.0817,0.0821,0.0807,0.0808
ROSEUSDT,15,1652649300,0.0808,0.0816,0.0808,0.0815
ROSEUSDT,15,1652650200,0.0815,0.0826,0.0815,0.0822
ROSEUSDT,15,1652651100,0.0822,0.0835,0.0819,0.0835
ROSEUSDT,15,1669935600,0.0467,0.0468,0.0467,0.0468
ROSEUSDT,15,1669935600,0.0467,0.0469,0.0467,0.0469
ROSEUSDT,1,1669935600,0.0467,0.0468,0.0467,0.0468
ROSEUSDT,1,1669935660,0.0468,0.0468,0.0468,0.0468
ROSEUSDT,1,1669935720,0.0468,0.0469,0.0468,0.0469
ROSEUSDT,1,1669935780,0.0469,0.0469,0.0468,0.0468
ROSEUSDT,1,1669935840,0.0468,0.0468,0.0468,0.0468
ROSEUSDT,1,1669935900,0.0468,0.0469,0.0468,0.0469
