symbol,period,start_at,open,high,low,close
BTCUSDT,15,1652652000,31076.38,31455.75,31076.38,31175.0
BTCUSDT,15,1652652900,31175.0,31257.86,31115.23,31128.04
BTCUSDT,15,1652653800,31128.04,31198.56,31081.17,31185.59
BTCUSDT,15,1652654700,31185.59,31257.64,31090.87,31093.16
BTCUSDT,15,1652655600,31093.16,31132.11,31051.54,31061.14
BTCUSDT,15,1652656500,31061.14,31194.35,31058.53,31151.97
BTCUSDT,15,1652657400,31151.97,31237.73,31130.16,31225.82
BTCUSDT,15,1652658300,31225.82,31369.54,31209.83,31328.67
BTCUSDT,15,1652659200,31328.67,31330.95,31163.74,31164.03
BTCUSDT,15,1652660100,31164.03,31164.03,31052.89,31115.46
BTCUSDT,15,1652661000,31115.46,31146.2,31068.03,31080.88
BTCUSDT,15,1652661900,31080.88,31115.25,31058.09,31110.35
BTCUSDT,15,1652662800,31110.35,31153.58,30910.04,31001.07
BTCUSDT,15,1652663700,31001.07,31031.19,30896.49,30925.09
BTCUSDT,15,1652664600,30925.09,30927.18,30697.14,30757.62
BTCUSDT,15,1652665500,30757.62,30801.13,30698.16,30773.38
BTCUSDT,15,1652666400,30773.38,30778.29,30388.81,30462.49
BTCUSDT,15,1652667300,30462.49,30523.79,30417.71,30496.67
BTCUSDT,15,1652668200,30496.67,30546.83,30428.63,30458.2
BTCUSDT,15,1652669100,30458.2,30511.48,30396.45,30497.77
BTCUSDT,15,1652670000,30497.77,30520.27,30311.06,30349.38
BTCUSDT,15,1652670900,30349.38,30381.97,30214.8,30272.06
BTCUSDT,15,1652671800,30272.06,30333.89,30226.77,30295.48
BTCUSDT,15,1652672700,30295.48,30339.22,30255.32,30322.25
BTCUSDT,15,1652673600,30322.25,30335.48,30220.48,30292.95
BTCUSDT,15,1652674500,30292.95,30428.85,30272.62,30369.06
BTCUSDT,15,1652675400,30369.06,30420.04,30146.73,30394.37
BTCUSDT,15,1652676300,30394.37,30440.39,30338.99,30338.99
BTCUSDT,15,1652677200,30338.99,30424.62,30311.66,30412.84
BTCUSDT,15,1652678100,30412.84,30472.06,30403.0,30438.72
BTCUSDT,15,1652679000,30438.72,30449.66,30398.0,30432.97
BTCUSDT,15,1652679900,30432.97,30434.92,30253.55,30291.69
BTCUSDT,15,1652680800,30291.69,30292.3,29863.19,29947.54
BTCUSDT,15,1652681700,29947.54,29977.81,29389.94,29485.72
BTCUSDT,15,1652682600,29485.72,29658.55,29394.96,29654.73
BTCUSDT,15,1652683500,29654.73,29664.46,29488.91,29578.7
BTCUSDT,15,1652684400,29578.7,29578.7,29394.09,29415.29
BTCUSDT,15,1652685300,29415.29,29564.02,29321.33,29531.89
BTCUSDT,15,1652686200,29531.89,29662.14,29482.7,29598.97
BTCUSDT,15,1652687100,29598.97,29736.6,29546.35,29595.3
BTCUSDT,15,1652688000,29595.3,29757.97,29582.18,29722.46
BTCUSDT,15,1652688900,29722.46,29804.8,29692.91,29710.92
BTCUSDT,15,1652689800,29710.92,29883.87,29684.12,29841.59
BTCUSDT,15,1652690700,29841.59,29849.74,29760.15,29798.12
BTCUSDT,15,1652691600,29798.12,29798.12,29597.37,29637.97
BTCUSDT,15,1652692500,29637.97,29686.33,29484.93,29522.09
BTCUSDT,15,1652693400,29522.09,29673.64,29520.79,29631.62
BTCUSDT,15,1652694300,29631.62,29773.21,29613.02,29615.28
BTCUSDT,15,1652695200,29615.28,29766.76,29448.24,29744.34
BTCUSDT,15,1652696100,29744.34,29948.92,29726.91,29830.92
BTCUSDT,15,1652697000,29830.92,29983.56,29808.53,29937.45
BTCUSDT,15,1652697900,29937.45,30198.46,29918.12,30179.74
BTCUSDT,15,1652698800,30179.74,30193.78,30035.57,30067.45
BTCUSDT,15,1652699700,30067.45,30098.93,29954.45,30059.59
BTCUSDT,15,1652700600,30059.59,30098.27,29958.4,30031.34
BTCUSDT,15,1652701500,30031.34,30041.86,29924.67,29955.75
BTCUSDT,15,1652702400,29955.75,29983.6,29684.93,29811.33
BTCUSDT,15,1652703300,29811.33,30130.57,29594.18,30071.49
BTCUSDT,15,1652704200,30071.49,30238.82,29770.93,29884.22
BTCUSDT,15,1652705100,29884.22,29950.48,29791.3,29894.61
BTCUSDT,15,1652706000,29894.61,30076.68,29857.73,29954.92
BTCUSDT,15,1652706900,29954.92,29975.72,29747.0,29817.21
BTCUSDT,15,1652707800,29817.21,29966.9,29657.68,29784.63
BTCUSDT,15,1652708700,29784.63,29791.19,29457.08,29516.35
BTCUSDT,15,1652709600,29516.35,29774.38,29465.71,29642.76
BTCUSDT,15,1652710500,29642.76,29807.34,29639.24,29784.99
BTCUSDT,15,1652711400,29784.99,29835.28,29580.82,29631.0
BTCUSDT,15,1652712300,29631.0,29631.01,29476.92,29491.31
BTCUSDT,15,1652713200,29491.31,29677.68,29471.71,29596.94
BTCUSDT,15,1652714100,29596.94,29700.31,29587.49,29622.53
BTCUSDT,15,1652715000,29622.53,29647.28,29330.81,29432.99
BTCUSDT,15,1652715900,29432.99,29729.97,29413.49,29672.65
BTCUSDT,15,1652716800,29672.65,29744.02,29377.7,29433.71
BTCUSDT,15,1652717700,29433.71,29480.84,29330.26,29436.3
BTCUSDT,15,1652718600,29436.3,29563.05,29165.96,29218.2
BTCUSDT,15,1652719500,29218.2,29386.31,29094.48,29326.85
BTCUSDT,15,1652720400,29326.85,29524.18,29260.51,29455.32
BTCUSDT,15,1652721300,29455.32,29651.19,29416.04,29642.15
BTCUSDT,15,1652722200,29642.15,29814.0,29642.15,29755.13
BTCUSDT,15,1652723100,29755.13,29771.18,29684.58,29728.31
BTCUSDT,15,1652724000,29728.31,29902.23,29678.11,29874.81
BTCUSDT,15,1652724900,29874.81,29972.96,29791.73,29928.96
BTCUSDT,15,1652725800,29928.96,29984.17,29849.76,29864.86
BTCUSDT,15,1652726700,29864.86,29933.63,29796.68,29908.38
BTCUSDT,15,1652727600,29908.38,29975.0,29815.6,29834.96
BTCUSDT,15,1652728500,29834.96,29846.97,29750.14,29782.11
BTCUSDT,15,1652729400,29782.11,29804.8,29749.44,29774.75
BTCUSDT,15,1652730300,29774.75,29830.99,29568.06,29603.76
BTCUSDT,15,1652731200,29603.76,29651.25,29549.94,29627.74
BTCUSDT,15,1652732100,29627.74,29734.41,29624.8,29694.81
BTCUSDT,15,1652733000,29694.81,29780.6,29662.23,29771.11
BTCUSDT,15,1652733900,29771.11,29945.77,29760.4,29941.49
BTCUSDT,15,1652734800,29941.49,30252.2,29911.83,30026.14
BTCUSDT,15,1652735700,30026.14,30091.0,29940.87,29986.28
BTCUSDT,15,1652736600,29986.28,30155.64,29986.28,30149.84
BTCUSDT,15,1652737500,30149.84,30199.33,30010.57,30172.32
