symbol,period,start_at,open,high,low,close
YGGUSDT,15,1652565600,0.628,0.629,0.625,0.629
YGGUSDT,15,1652566500,0.629,0.63,0.628,0.629
YGGUSDT,15,1652567400,0.629,0.629,0.626,0.626
YGGUSDT,15,1652568300,0.626,0.642,0.626,0.641
YGGUSDT,15,1652569200,0.641,0.643,0.636,0.637
YGGUSDT,15,1652570100,0.637,0.643,0.637,0.643
YGGUSDT,15,1652571000,0.643,0.647,0.642,0.647
YGGUSDT,15,1652571900,0.647,0.653,0.647,0.65
YGGUSDT,15,1652572800,0.65,0.651,0.642,0.643
YGGUSDT,15,1652573700,0.643,0.667,0.643,0.664
YGGUSDT,15,1652574600,0.664,0.665,0.654,0.654
YGGUSDT,15,1652575500,0.654,0.654,0.646,0.649
YGGUSDT,15,1652576400,0.649,0.65,0.642,0.645
YGGUSDT,15,1652577300,0.645,0.646,0.641,0.641
YGGUSDT,15,1652578200,0.641,0.644,0.64,0.643
YGGUSDT,15,1652579100,0.643,0.645,0.643,0.643
YGGUSDT,15,1652580000,0.643,0.668,0.643,0.648
YGGUSDT,15,1652580900,0.648,0.651,0.645,0.65
YGGUSDT,15,1652581800,0.65,0.65,0.645,0.646
YGGUSDT,15,1652582700,0.646,0.654,0.644,0.652
YGGUSDT,15,1652583600,0.652,0.653,0.648,0.649
YGGUSDT,15,1652584500,0.649,0.649,0.642,0.643
YGGUSDT,15,1652585400,0.643,0.644,0.64,0.64
YGGUSDT,15,1652586300,0.64,0.64,0.639,0.64
YGGUSDT,15,1652587200,0.64,0.65,0.636,0.646
YGGUSDT,15,1652588100,0.646,0.647,0.645,0.646
YGGUSDT,15,1652589000,0.646,0.646,0.633,0.634
YGGUSDT,15,1652589900,0.634,0.64,0.634,0.637
YGGUSDT,15,1652590800,0.637,0.64,0.632,0.635
YGGUSDT,15,1652591700,0.635,0.639,0.634,0.638
YGGUSDT,15,1652592600,0.638,0.648,0.638,0.648
YGGUSDT,15,1652593500,0.648,0.656,0.645,0.656
YGGUSDT,15,1652594400,0.656,0.658,0.653,0.654
YGGUSDT,15,1652595300,0.654,0.66,0.653,0.658
YGGUSDT,15,1652596200,0.658,0.659,0.656,0.656
YGGUSDT,15,1652597100,0.656,0.659,0.654,0.659
YGGUSDT,15,1652598000,0.659,0.665,0.657,0.66
YGGUSDT,15,1652598900,0.66,0.664,0.66,0.66
YGGUSDT,15,1652599800,0.66,0.661,0.657,0.66
YGGUSDT,15,1652600700,0.66,0.661,0.655,0.655
YGGUSDT,15,1652601600,0.655,0.656,0.651,0.652
YGGUSDT,15,1652602500,0.652,0.656,0.649,0.654
YGGUSDT,15,1652603400,0.654,0.69,0.653,0.67
YGGUSDT,15,1652604300,0.67,0.757,0.651,0.656
YGGUSDT,15,1652605200,0.656,0.659,0.652,0.653
YGGUSDT,15,1652606100,0.653,0.663,0.652,0.661
YGGUSDT,15,1652607000,0.661,0.661,0.654,0.66
YGGUSDT,15,1652607900,0.66,0.665,0.656,0.66
YGGUSDT,15,1652608800,0.66,0.661,0.656,0.656
YGGUSDT,15,1652609700,0.656,0.658,0.654,0.655
YGGUSDT,15,1652610600,0.655,0.657,0.654,0.655
YGGUSDT,15,1652611500,0.655,0.669,0.655,0.669
YGGUSDT,15,1652612400,0.669,0.675,0.668,0.671
YGGUSDT,15,1652613300,0.671,0.675,0.667,0.675
YGGUSDT,15,1652614200,0.675,0.685,0.675,0.681
YGGUSDT,15,1652615100,0.681,0.691,0.681,0.687
YGGUSDT,15,1652616000,0.687,0.694,0.687,0.691
YGGUSDT,15,1652616900,0.691,0.691,0.677,0.678
YGGUSDT,15,1652617800,0.678,0.683,0.67,0.678
YGGUSDT,15,1652618700,0.678,0.682,0.673,0.676
YGGUSDT,15,1652619600,0.676,0.676,0.671,0.676
YGGUSDT,15,1652620500,0.676,0.682,0.673,0.674
YGGUSDT,15,1652621400,0.674,0.676,0.672,0.672
YGGUSDT,15,1652622300,0.672,0.673,0.667,0.668
YGGUSDT,15,1652623200,0.668,0.669,0.659,0.662
YGGUSDT,15,1652624100,0.662,0.662,0.652,0.655
YGGUSDT,15,1652625000,0.655,0.658,0.651,0.656
YGGUSDT,15,1652625900,0.656,0.66,0.656,0.657
YGGUSDT,15,1652626800,0.657,0.672,0.657,0.672
YGGUSDT,15,1652627700,0.672,0.672,0.666,0.667
YGGUSDT,15,1652628600,0.667,0.667,0.656,0.656
YGGUSDT,15,1652629500,0.656,0.658,0.652,0.658
YGGUSDT,15,1652630400,0.658,0.663,0.655,0.659
YGGUSDT,15,1652631300,0.659,0.669,0.659,0.669
YGGUSDT,15,1652632200,0.669,0.68,0.667,0.68
YGGUSDT,15,1652633100,0.68,0.681,0.677,0.679
YGGUSDT,15,1652634000,0.679,0.68,0.679,0.679
YGGUSDT,15,1652634900,0.679,0.681,0.673,0.674
YGGUSDT,15,1652635800,0.674,0.674,0.669,0.669
YGGUSDT,15,1652636700,0.669,0.67,0.667,0.667
YGGUSDT,15,1652637600,0.667,0.67,0.667,0.669
YGGUSDT,15,1652638500,0.669,0.672,0.668,0.67
YGGUSDT,15,1652639400,0.67,0.678,0.67,0.678
YGGUSDT,15,1652640300,0.678,0.68,0.673,0.674
YGGUSDT,15,1652641200,0.674,0.675,0.671,0.671
YGGUSDT,15,1652642100,0.671,0.675,0.671,0.673
YGGUSDT,15,1652643000,0.673,0.678,0.672,0.678
YGGUSDT,15,1652643900,0.678,0.687,0.678,0.686
YGGUSDT,15,1652644800,0.686,0.694,0.683,0.689
YGGUSDT,15,1652645700,0.689,0.691,0.687,0.689
YGGUSDT,15,1652646600,0.689,0.691,0.686,0.69
YGGUSDT,15,1652647500,0.69,0.692,0.69,0.691
YGGUSDT,15,1652648400,0.691,0.695,0.69,0.691
YGGUSDT,15,1652649300,0.691,0.691,0.689,0.689
YGGUSDT,15,1652650200,0.689,0.69,0.688,0.689
YGGUSDT,15,1652651100,0.689,0.693,0.688,0.692
YGGUSDT,15,1669935600,0.224,0.225,0.224,0.225
YGGUSDT,15,1669935600,0.224,0.225,0.224,0.225
YGGUSDT,1,1669935600,0.224,0.224,0.224,0.224
YGGUSDT,1,1669935660,0.224,0.225,0.224,0.225
YGGUSDT,1,1669935720,0.225,0.225,0.225,0.225
YGGUSDT,1,1669935780,0.225,0.225,0.225,0.225
YGGUSDT,1,1669935840,0.225,0.225,0.225,0.225
YGGUSDT,1,1669935900,0.225,0.225,0.225,0.225
