symbol,period,start_at,open,high,low,close
DODOUSDT,15,1652565600,0.14906,0.15104,0.14906,0.15008
DODOUSDT,15,1652566500,0.15008,0.15104,0.14945,0.15006
DODOUSDT,15,1652567400,0.15006,0.15006,0.14862,0.14914
DODOUSDT,15,1652568300,0.14914,0.153,0.14914,0.15203
DODOUSDT,15,1652569200,0.15203,0.15303,0.15138,0.15203
DODOUSDT,15,1652570100,0.15203,0.15503,0.15203,0.15503
DODOUSDT,15,1652571000,0.15503,0.15603,0.15437,0.15502
DODOUSDT,15,1652571900,0.15502,0.15744,0.15502,0.15744
DODOUSDT,15,1652572800,0.15744,0.15753,0.15589,0.15595
DODOUSDT,15,1652573700,0.15595,0.15805,0.15589,0.15762
DODOUSDT,15,1652574600,0.15762,0.15762,0.15671,0.15688
DODOUSDT,15,1652575500,0.15688,0.15689,0.15607,0.15608
DODOUSDT,15,1652576400,0.15608,0.1565,0.15415,0.15506
DODOUSDT,15,1652577300,0.15506,0.15561,0.15506,0.15561
DODOUSDT,15,1652578200,0.15561,0.156,0.15507,0.15599
DODOUSDT,15,1652579100,0.15599,0.15705,0.15514,0.15705
DODOUSDT,15,1652580000,0.15705,0.15705,0.15505,0.15506
DODOUSDT,15,1652580900,0.15506,0.15566,0.15404,0.15413
DODOUSDT,15,1652581800,0.15413,0.15417,0.15304,0.15305
DODOUSDT,15,1652582700,0.15305,0.15403,0.15304,0.15307
DODOUSDT,15,1652583600,0.15307,0.15373,0.15305,0.15343
DODOUSDT,15,1652584500,0.15343,0.15343,0.15203,0.15205
DODOUSDT,15,1652585400,0.15205,0.15304,0.15203,0.15289
DODOUSDT,15,1652586300,0.15289,0.15304,0.15224,0.15303
DODOUSDT,15,1652587200,0.15303,0.1534,0.15204,0.15333
DODOUSDT,15,1652588100,0.15333,0.15406,0.1526,0.1531
DODOUSDT,15,1652589000,0.1531,0.15393,0.15124,0.15124
DODOUSDT,15,1652589900,0.15124,0.15304,0.15105,0.152
DODOUSDT,15,1652590800,0.152,0.15203,0.15002,0.15002
DODOUSDT,15,1652591700,0.15002,0.15102,0.14964,0.15101
DODOUSDT,15,1652592600,0.15101,0.15573,0.149,0.15503
DODOUSDT,15,1652593500,0.15503,0.15603,0.1547,0.15572
DODOUSDT,15,1652594400,0.15572,0.15653,0.15572,0.15585
DODOUSDT,15,1652595300,0.15585,0.1575,0.15576,0.15735
DODOUSDT,15,1652596200,0.15735,0.15745,0.15682,0.15682
DODOUSDT,15,1652597100,0.15682,0.15793,0.15682,0.15754
DODOUSDT,15,1652598000,0.15754,0.15839,0.15701,0.15702
DODOUSDT,15,1652598900,0.15702,0.15851,0.15701,0.15751
DODOUSDT,15,1652599800,0.15751,0.15823,0.157,0.15823
DODOUSDT,15,1652600700,0.15823,0.15835,0.157,0.157
DODOUSDT,15,1652601600,0.157,0.15746,0.15603,0.15603
DODOUSDT,15,1652602500,0.15603,0.1569,0.15501,0.15502
DODOUSDT,15,1652603400,0.15502,0.15693,0.15501,0.15659
DODOUSDT,15,1652604300,0.15659,0.15668,0.1542,0.155
DODOUSDT,15,1652605200,0.155,0.15608,0.155,0.15526
DODOUSDT,15,1652606100,0.15526,0.15698,0.15504,0.15604
DODOUSDT,15,1652607000,0.15604,0.15698,0.15516,0.15612
DODOUSDT,15,1652607900,0.15612,0.15786,0.15601,0.15741
DODOUSDT,15,1652608800,0.15741,0.15772,0.15593,0.15661
DODOUSDT,15,1652609700,0.15661,0.15704,0.15609,0.15704
DODOUSDT,15,1652610600,0.15704,0.15801,0.15616,0.15711
DODOUSDT,15,1652611500,0.15711,0.16046,0.15711,0.16046
DODOUSDT,15,1652612400,0.16046,0.16091,0.15884,0.15884
DODOUSDT,15,1652613300,0.15884,0.16014,0.15801,0.16014
DODOUSDT,15,1652614200,0.16014,0.16184,0.15998,0.16105
DODOUSDT,15,1652615100,0.16105,0.16357,0.16105,0.16276
DODOUSDT,15,1652616000,0.16276,0.16367,0.16206,0.16335
DODOUSDT,15,1652616900,0.16335,0.16399,0.16248,0.16269
DODOUSDT,15,1652617800,0.16269,0.16269,0.16101,0.1611
DODOUSDT,15,1652618700,0.1611,0.16199,0.16101,0.16102
DODOUSDT,15,1652619600,0.16102,0.1612,0.15925,0.16062
DODOUSDT,15,1652620500,0.16062,0.16102,0.15981,0.15981
DODOUSDT,15,1652621400,0.15981,0.15981,0.158,0.15817
DODOUSDT,15,1652622300,0.15817,0.15899,0.1571,0.1571
DODOUSDT,15,1652623200,0.1571,0.15716,0.15601,0.15684
DODOUSDT,15,1652624100,0.15684,0.157,0.15523,0.156
DODOUSDT,15,1652625000,0.156,0.15666,0.15502,0.15654
DODOUSDT,15,1652625900,0.15654,0.15701,0.156,0.15676
DODOUSDT,15,1652626800,0.15676,0.15871,0.15676,0.15801
DODOUSDT,15,1652627700,0.15801,0.15956,0.15799,0.15873
DODOUSDT,15,1652628600,0.15873,0.15877,0.15701,0.15708
DODOUSDT,15,1652629500,0.15708,0.15876,0.15701,0.15799
DODOUSDT,15,1652630400,0.15799,0.15902,0.15681,0.15901
DODOUSDT,15,1652631300,0.15901,0.16003,0.15885,0.15975
DODOUSDT,15,1652632200,0.15975,0.16103,0.15972,0.16102
DODOUSDT,15,1652633100,0.16102,0.16202,0.16101,0.16202
DODOUSDT,15,1652634000,0.16202,0.16256,0.16002,0.16082
DODOUSDT,15,1652634900,0.16082,0.1618,0.16002,0.16084
DODOUSDT,15,1652635800,0.16084,0.16085,0.15997,0.16
DODOUSDT,15,1652636700,0.16,0.16046,0.15882,0.15917
DODOUSDT,15,1652637600,0.15917,0.15917,0.15803,0.15898
DODOUSDT,15,1652638500,0.15898,0.1591,0.1582,0.15863
DODOUSDT,15,1652639400,0.15863,0.16042,0.15863,0.16037
DODOUSDT,15,1652640300,0.16037,0.16082,0.15891,0.159
DODOUSDT,15,1652641200,0.159,0.16001,0.159,0.16
DODOUSDT,15,1652642100,0.16,0.16001,0.15873,0.15882
DODOUSDT,15,1652643000,0.15882,0.159,0.15802,0.1581
DODOUSDT,15,1652643900,0.1581,0.15901,0.15802,0.15844
DODOUSDT,15,1652644800,0.15844,0.16204,0.15827,0.16162
DODOUSDT,15,1652645700,0.16162,0.16295,0.16101,0.16243
DODOUSDT,15,1652646600,0.16243,0.16301,0.16182,0.163
DODOUSDT,15,1652647500,0.163,0.164,0.16205,0.16346
DODOUSDT,15,1652648400,0.16346,0.16391,0.16288,0.16353
DODOUSDT,15,1652649300,0.16353,0.16372,0.162,0.16201
DODOUSDT,15,1652650200,0.16201,0.16201,0.161,0.16101
DODOUSDT,15,1652651100,0.16101,0.16297,0.16101,0.16296
DODOUSDT,15,1669935600,0.12044,0.12081,0.12043,0.12081
DODOUSDT,15,1669935600,0.12044,0.12084,0.12043,0.12072
DODOUSDT,1,1669935600,0.12044,0.12069,0.12043,0.12069
DODOUSDT,1,1669935660,0.12069,0.12083,0.12069,0.12083
DODOUSDT,1,1669935720,0.12083,0.12083,0.12082,0.12083
DODOUSDT,1,1669935780,0.12083,0.12084,0.12072,0.12072
DODOUSDT,1,1669935840,0.12072,0.12076,0.12072,0.12072
DODOUSDT,1,1669935900,0.12072,0.12072,0.12064,0.12064
