symbol,period,start_at,open,high,low,close
BCHUSDT,15,1652652000,212.89,216.1,212.77,214.77
BCHUSDT,15,1652652900,214.77,215.77,214.6,215.67
BCHUSDT,15,1652653800,215.67,215.87,213.23,214.27
BCHUSDT,15,1652654700,214.27,214.41,212.61,212.61
BCHUSDT,15,1652655600,212.61,212.9,212.01,212.04
BCHUSDT,15,1652656500,212.04,212.83,212.01,212.62
BCHUSDT,15,1652657400,212.62,213.8,212.29,213.7
BCHUSDT,15,1652658300,213.7,215.14,213.68,214.86
BCHUSDT,15,1652659200,214.86,214.94,212.29,212.63
BCHUSDT,15,1652660100,212.63,212.63,210.28,211.49
BCHUSDT,15,1652661000,211.49,211.52,209.73,210.2
BCHUSDT,15,1652661900,210.2,210.4,209.61,210.25
BCHUSDT,15,1652662800,210.25,210.69,208.63,209.55
BCHUSDT,15,1652663700,209.55,210.37,208.6,208.87
BCHUSDT,15,1652664600,208.87,209.06,207.69,208.58
BCHUSDT,15,1652665500,208.58,210.25,208.58,210.25
BCHUSDT,15,1652666400,210.25,210.25,208.2,208.72
BCHUSDT,15,1652667300,208.72,209.2,208.17,209.13
BCHUSDT,15,1652668200,209.13,210.04,208.33,208.57
BCHUSDT,15,1652669100,208.57,208.57,205.99,207.9
BCHUSDT,15,1652670000,207.9,207.99,205.94,206.7
BCHUSDT,15,1652670900,206.7,206.89,205.77,205.93
BCHUSDT,15,1652671800,205.93,206.04,203.8,204.35
BCHUSDT,15,1652672700,204.35,204.89,203.14,204.49
BCHUSDT,15,1652673600,204.49,205.4,201.9,202.98
BCHUSDT,15,1652674500,202.98,203.91,202.65,203.19
BCHUSDT,15,1652675400,203.19,203.46,201.78,202.2
BCHUSDT,15,1652676300,202.2,203.39,202.2,203.11
BCHUSDT,15,1652677200,203.11,204.16,203.07,203.86
BCHUSDT,15,1652678100,203.86,204.9,203.66,204.58
BCHUSDT,15,1652679000,204.58,204.59,202.81,203.2
BCHUSDT,15,1652679900,203.2,203.4,201.39,202.05
BCHUSDT,15,1652680800,202.05,202.05,198.03,198.95
BCHUSDT,15,1652681700,198.95,199.23,196.66,196.89
BCHUSDT,15,1652682600,196.89,199.29,196.6,199.19
BCHUSDT,15,1652683500,199.19,199.19,197.0,197.49
BCHUSDT,15,1652684400,197.49,197.69,196.46,197.36
BCHUSDT,15,1652685300,197.36,198.6,196.99,198.48
BCHUSDT,15,1652686200,198.48,200.21,198.48,200.07
BCHUSDT,15,1652687100,200.07,201.23,199.28,199.42
BCHUSDT,15,1652688000,199.42,200.81,199.07,200.57
BCHUSDT,15,1652688900,200.57,201.53,200.11,200.32
BCHUSDT,15,1652689800,200.32,201.52,199.96,201.44
BCHUSDT,15,1652690700,201.44,202.14,201.25,201.81
BCHUSDT,15,1652691600,201.81,201.81,199.76,200.46
BCHUSDT,15,1652692500,200.46,200.77,199.12,199.55
BCHUSDT,15,1652693400,199.55,200.13,198.84,199.4
BCHUSDT,15,1652694300,199.4,200.75,199.05,199.09
BCHUSDT,15,1652695200,199.09,200.68,197.19,200.39
BCHUSDT,15,1652696100,200.39,201.96,200.31,200.67
BCHUSDT,15,1652697000,200.67,202.24,200.52,201.79
BCHUSDT,15,1652697900,201.79,204.32,201.66,203.93
BCHUSDT,15,1652698800,203.93,203.93,201.83,202.01
BCHUSDT,15,1652699700,202.01,202.01,200.93,201.45
BCHUSDT,15,1652700600,201.45,202.11,200.83,201.36
BCHUSDT,15,1652701500,201.36,201.44,200.62,200.7
BCHUSDT,15,1652702400,200.7,201.01,199.58,199.88
BCHUSDT,15,1652703300,199.88,203.66,199.29,203.08
BCHUSDT,15,1652704200,203.08,204.09,201.06,201.6
BCHUSDT,15,1652705100,201.6,202.09,201.15,201.5
BCHUSDT,15,1652706000,201.5,203.31,201.12,201.9
BCHUSDT,15,1652706900,201.9,201.99,200.56,201.03
BCHUSDT,15,1652707800,201.03,202.73,200.38,201.46
BCHUSDT,15,1652708700,201.46,201.64,199.65,199.77
BCHUSDT,15,1652709600,199.77,201.61,198.82,200.88
BCHUSDT,15,1652710500,200.88,202.23,200.88,201.98
BCHUSDT,15,1652711400,201.98,202.01,198.79,198.87
BCHUSDT,15,1652712300,198.87,198.88,197.69,197.83
BCHUSDT,15,1652713200,197.83,199.91,197.73,199.17
BCHUSDT,15,1652714100,199.17,199.99,199.17,199.58
BCHUSDT,15,1652715000,199.58,199.68,196.21,197.54
BCHUSDT,15,1652715900,197.54,200.37,197.33,199.9
BCHUSDT,15,1652716800,199.9,201.07,198.59,199.32
BCHUSDT,15,1652717700,199.32,200.48,198.92,199.99
BCHUSDT,15,1652718600,199.99,200.78,197.9,197.92
BCHUSDT,15,1652719500,197.92,199.22,197.41,198.63
BCHUSDT,15,1652720400,198.63,200.12,198.35,199.61
BCHUSDT,15,1652721300,199.61,200.87,199.22,200.32
BCHUSDT,15,1652722200,200.32,201.25,200.24,200.69
BCHUSDT,15,1652723100,200.69,200.75,200.1,200.53
BCHUSDT,15,1652724000,200.53,202.55,199.79,202.38
BCHUSDT,15,1652724900,202.38,202.94,201.24,202.75
BCHUSDT,15,1652725800,202.75,203.53,202.63,203.03
BCHUSDT,15,1652726700,203.03,203.1,202.11,202.75
BCHUSDT,15,1652727600,202.75,203.11,201.47,201.53
BCHUSDT,15,1652728500,201.53,201.61,200.77,200.77
BCHUSDT,15,1652729400,200.77,200.91,200.36,200.63
BCHUSDT,15,1652730300,200.63,202.12,199.35,200.16
BCHUSDT,15,1652731200,200.16,201.52,199.93,201.07
BCHUSDT,15,1652732100,201.07,201.4,200.43,200.92
BCHUSDT,15,1652733000,200.92,201.04,199.31,199.48
BCHUSDT,15,1652733900,199.48,199.63,199.08,199.56
BCHUSDT,15,1652734800,199.56,200.98,199.09,200.55
BCHUSDT,15,1652735700,200.55,200.67,200.02,200.08
BCHUSDT,15,1652736600,200.08,200.5,199.59,200.5
BCHUSDT,15,1652737500,200.5,200.81,199.59,200.8
