symbol,period,start_at,open,high,low,close
RSS3USDT,15,1652565600,0.12053,0.12086,0.12024,0.12027
RSS3USDT,15,1652566500,0.12027,0.12246,0.12019,0.12111
RSS3USDT,15,1652567400,0.12111,0.12127,0.12085,0.12113
RSS3USDT,15,1652568300,0.12113,0.12345,0.12106,0.123
RSS3USDT,15,1652569200,0.123,0.12329,0.12219,0.12293
RSS3USDT,15,1652570100,0.12293,0.12643,0.12193,0.12203
RSS3USDT,15,1652571000,0.12203,0.12432,0.12148,0.12353
RSS3USDT,15,1652571900,0.12353,0.12523,0.12328,0.12391
RSS3USDT,15,1652572800,0.12391,0.12493,0.12254,0.12278
RSS3USDT,15,1652573700,0.12278,0.12385,0.12267,0.12339
RSS3USDT,15,1652574600,0.12339,0.12462,0.12218,0.12223
RSS3USDT,15,1652575500,0.12223,0.12362,0.12221,0.12356
RSS3USDT,15,1652576400,0.12356,0.12389,0.12226,0.12329
RSS3USDT,15,1652577300,0.12329,0.12555,0.12188,0.12225
RSS3USDT,15,1652578200,0.12225,0.1226,0.12183,0.12222
RSS3USDT,15,1652579100,0.12222,0.1232,0.12018,0.12046
RSS3USDT,15,1652580000,0.12046,0.12162,0.11928,0.11991
RSS3USDT,15,1652580900,0.11991,0.12116,0.1195,0.12099
RSS3USDT,15,1652581800,0.12099,0.12101,0.11941,0.11942
RSS3USDT,15,1652582700,0.11942,0.12155,0.11921,0.12155
RSS3USDT,15,1652583600,0.12155,0.12155,0.12086,0.12087
RSS3USDT,15,1652584500,0.12087,0.12087,0.11909,0.1199
RSS3USDT,15,1652585400,0.1199,0.1212,0.11955,0.12114
RSS3USDT,15,1652586300,0.12114,0.12143,0.12082,0.12115
RSS3USDT,15,1652587200,0.12115,0.12231,0.12066,0.12231
RSS3USDT,15,1652588100,0.12231,0.12278,0.12151,0.12163
RSS3USDT,15,1652589000,0.12163,0.12265,0.12152,0.12261
RSS3USDT,15,1652589900,0.12261,0.12279,0.12208,0.12212
RSS3USDT,15,1652590800,0.12212,0.12219,0.12171,0.12181
RSS3USDT,15,1652591700,0.12181,0.12247,0.12181,0.12246
RSS3USDT,15,1652592600,0.12246,0.12305,0.12221,0.12305
RSS3USDT,15,1652593500,0.12305,0.12525,0.12303,0.12349
RSS3USDT,15,1652594400,0.12349,0.12411,0.12289,0.12298
RSS3USDT,15,1652595300,0.12298,0.12376,0.1224,0.12369
RSS3USDT,15,1652596200,0.12369,0.12418,0.12358,0.1241
RSS3USDT,15,1652597100,0.1241,0.1244,0.12367,0.12392
RSS3USDT,15,1652598000,0.12392,0.12506,0.12374,0.12434
RSS3USDT,15,1652598900,0.12434,0.12438,0.12394,0.12394
RSS3USDT,15,1652599800,0.12394,0.12415,0.12376,0.12415
RSS3USDT,15,1652600700,0.12415,0.12456,0.12412,0.12427
RSS3USDT,15,1652601600,0.12427,0.12427,0.12309,0.12358
RSS3USDT,15,1652602500,0.12358,0.12411,0.1233,0.12387
RSS3USDT,15,1652603400,0.12387,0.12405,0.12313,0.12373
RSS3USDT,15,1652604300,0.12373,0.12377,0.12252,0.12284
RSS3USDT,15,1652605200,0.12284,0.12314,0.12268,0.12302
RSS3USDT,15,1652606100,0.12302,0.12493,0.12301,0.12469
RSS3USDT,15,1652607000,0.12469,0.12489,0.12375,0.124
RSS3USDT,15,1652607900,0.124,0.12484,0.12384,0.12425
RSS3USDT,15,1652608800,0.12425,0.1245,0.12349,0.12413
RSS3USDT,15,1652609700,0.12413,0.1264,0.12388,0.1264
RSS3USDT,15,1652610600,0.1264,0.12724,0.12507,0.12552
RSS3USDT,15,1652611500,0.12552,0.12645,0.1246,0.12641
RSS3USDT,15,1652612400,0.12641,0.12696,0.12622,0.12696
RSS3USDT,15,1652613300,0.12696,0.12697,0.12593,0.12636
RSS3USDT,15,1652614200,0.12636,0.13006,0.12636,0.12766
RSS3USDT,15,1652615100,0.12766,0.12825,0.12755,0.1281
RSS3USDT,15,1652616000,0.1281,0.13016,0.1281,0.12965
RSS3USDT,15,1652616900,0.12965,0.13017,0.12867,0.12867
RSS3USDT,15,1652617800,0.12867,0.12867,0.12556,0.12702
RSS3USDT,15,1652618700,0.12702,0.12791,0.12612,0.12674
RSS3USDT,15,1652619600,0.12674,0.12687,0.12546,0.12672
RSS3USDT,15,1652620500,0.12672,0.12676,0.12476,0.12597
RSS3USDT,15,1652621400,0.12597,0.12602,0.12508,0.12558
RSS3USDT,15,1652622300,0.12558,0.12678,0.1246,0.12654
RSS3USDT,15,1652623200,0.12654,0.12678,0.12608,0.12643
RSS3USDT,15,1652624100,0.12643,0.12977,0.12642,0.12914
RSS3USDT,15,1652625000,0.12914,0.13278,0.129,0.13139
RSS3USDT,15,1652625900,0.13139,0.13139,0.12804,0.12822
RSS3USDT,15,1652626800,0.12822,0.1294,0.12822,0.12882
RSS3USDT,15,1652627700,0.12882,0.12908,0.1285,0.12868
RSS3USDT,15,1652628600,0.12868,0.12868,0.12772,0.12816
RSS3USDT,15,1652629500,0.12816,0.12899,0.12727,0.12862
RSS3USDT,15,1652630400,0.12862,0.12983,0.12849,0.12897
RSS3USDT,15,1652631300,0.12897,0.13115,0.1289,0.13065
RSS3USDT,15,1652632200,0.13065,0.13353,0.13056,0.13304
RSS3USDT,15,1652633100,0.13304,0.13307,0.13076,0.13076
RSS3USDT,15,1652634000,0.13076,0.13099,0.13044,0.13076
RSS3USDT,15,1652634900,0.13076,0.13078,0.12861,0.12861
RSS3USDT,15,1652635800,0.12861,0.12975,0.12851,0.12975
RSS3USDT,15,1652636700,0.12975,0.12983,0.12952,0.12978
RSS3USDT,15,1652637600,0.12978,0.12978,0.12897,0.12933
RSS3USDT,15,1652638500,0.12933,0.12947,0.12922,0.12936
RSS3USDT,15,1652639400,0.12936,0.13205,0.12928,0.13205
RSS3USDT,15,1652640300,0.13205,0.13237,0.13117,0.13127
RSS3USDT,15,1652641200,0.13127,0.13135,0.13104,0.13104
RSS3USDT,15,1652642100,0.13104,0.13142,0.13104,0.13126
RSS3USDT,15,1652643000,0.13126,0.13259,0.13111,0.13259
RSS3USDT,15,1652643900,0.13259,0.13379,0.13163,0.13163
RSS3USDT,15,1652644800,0.13163,0.13288,0.13158,0.13252
RSS3USDT,15,1652645700,0.13252,0.13307,0.13178,0.13283
RSS3USDT,15,1652646600,0.13283,0.13303,0.13269,0.13273
RSS3USDT,15,1652647500,0.13273,0.13273,0.13222,0.13226
RSS3USDT,15,1652648400,0.13226,0.13296,0.13218,0.13251
RSS3USDT,15,1652649300,0.13251,0.13251,0.13126,0.13127
RSS3USDT,15,1652650200,0.13127,0.13184,0.13064,0.13143
RSS3USDT,15,1652651100,0.13143,0.13156,0.1309,0.13145
RSS3USDT,15,1669935600,0.12396,0.12409,0.12384,0.12409
RSS3USDT,15,1669935600,0.12396,0.12415,0.12384,0.12402
RSS3USDT,1,1669935600,0.12396,0.12403,0.12384,0.12403
RSS3USDT,1,1669935660,0.12403,0.12409,0.1239,0.12409
RSS3USDT,1,1669935720,0.12409,0.12415,0.12396,0.12415
RSS3USDT,1,1669935780,0.12415,0.12415,0.12396,0.12412
RSS3USDT,1,1669935840,0.12412,0.12412,0.12392,0.12402
RSS3USDT,1,1669935900,0.12402,0.12417,0.12401,0.12412
