symbol,period,start_at,open,high,low,close
XEMUSDT,15,1652565600,0.0564,0.0564,0.0558,0.0562
XEMUSDT,15,1652566500,0.0562,0.0563,0.0556,0.0557
XEMUSDT,15,1652567400,0.0557,0.0558,0.0556,0.0557
XEMUSDT,15,1652568300,0.0557,0.0573,0.0557,0.057
XEMUSDT,15,1652569200,0.057,0.0571,0.0562,0.0562
XEMUSDT,15,1652570100,0.0562,0.0568,0.056,0.0567
XEMUSDT,15,1652571000,0.0567,0.0569,0.0564,0.0569
XEMUSDT,15,1652571900,0.0569,0.0573,0.0567,0.0571
XEMUSDT,15,1652572800,0.0571,0.0572,0.0554,0.0555
XEMUSDT,15,1652573700,0.0555,0.0562,0.0555,0.0559
XEMUSDT,15,1652574600,0.0559,0.0563,0.0554,0.0555
XEMUSDT,15,1652575500,0.0555,0.0555,0.0552,0.0554
XEMUSDT,15,1652576400,0.0554,0.0554,0.055,0.0551
XEMUSDT,15,1652577300,0.0551,0.0552,0.055,0.055
XEMUSDT,15,1652578200,0.055,0.055,0.0546,0.0546
XEMUSDT,15,1652579100,0.0546,0.0552,0.0546,0.055
XEMUSDT,15,1652580000,0.055,0.0554,0.0546,0.0546
XEMUSDT,15,1652580900,0.0546,0.0548,0.0545,0.0545
XEMUSDT,15,1652581800,0.0545,0.0547,0.0544,0.0545
XEMUSDT,15,1652582700,0.0545,0.055,0.0544,0.0549
XEMUSDT,15,1652583600,0.0549,0.0554,0.0548,0.0553
XEMUSDT,15,1652584500,0.0553,0.0554,0.0549,0.055
XEMUSDT,15,1652585400,0.055,0.0551,0.0548,0.0549
XEMUSDT,15,1652586300,0.0549,0.055,0.0549,0.055
XEMUSDT,15,1652587200,0.055,0.0553,0.0548,0.0553
XEMUSDT,15,1652588100,0.0553,0.0556,0.0552,0.0555
XEMUSDT,15,1652589000,0.0555,0.0556,0.055,0.0552
XEMUSDT,15,1652589900,0.0552,0.0552,0.0551,0.0551
XEMUSDT,15,1652590800,0.0551,0.0551,0.0548,0.055
XEMUSDT,15,1652591700,0.055,0.0555,0.055,0.0555
XEMUSDT,15,1652592600,0.0555,0.0555,0.0552,0.0554
XEMUSDT,15,1652593500,0.0554,0.0559,0.0554,0.0558
XEMUSDT,15,1652594400,0.0558,0.0558,0.0555,0.0555
XEMUSDT,15,1652595300,0.0555,0.0567,0.0554,0.0564
XEMUSDT,15,1652596200,0.0564,0.0564,0.0552,0.0552
XEMUSDT,15,1652597100,0.0552,0.0559,0.0552,0.0559
XEMUSDT,15,1652598000,0.0559,0.0559,0.0556,0.0558
XEMUSDT,15,1652598900,0.0558,0.0559,0.0556,0.0556
XEMUSDT,15,1652599800,0.0556,0.0556,0.0555,0.0555
XEMUSDT,15,1652600700,0.0555,0.0555,0.0552,0.0552
XEMUSDT,15,1652601600,0.0552,0.0552,0.0546,0.0546
XEMUSDT,15,1652602500,0.0546,0.0546,0.0545,0.0545
XEMUSDT,15,1652603400,0.0545,0.0548,0.0545,0.0547
XEMUSDT,15,1652604300,0.0547,0.0547,0.0542,0.0544
XEMUSDT,15,1652605200,0.0544,0.0544,0.0541,0.0542
XEMUSDT,15,1652606100,0.0542,0.0546,0.0542,0.0546
XEMUSDT,15,1652607000,0.0546,0.0547,0.0546,0.0547
XEMUSDT,15,1652607900,0.0547,0.0551,0.0547,0.055
XEMUSDT,15,1652608800,0.055,0.0551,0.0546,0.0547
XEMUSDT,15,1652609700,0.0547,0.0547,0.0544,0.0544
XEMUSDT,15,1652610600,0.0544,0.0552,0.0544,0.0551
XEMUSDT,15,1652611500,0.0551,0.0559,0.0549,0.0558
XEMUSDT,15,1652612400,0.0558,0.0559,0.0556,0.0558
XEMUSDT,15,1652613300,0.0558,0.0561,0.0556,0.0561
XEMUSDT,15,1652614200,0.0561,0.0567,0.056,0.0566
XEMUSDT,15,1652615100,0.0566,0.057,0.0566,0.0567
XEMUSDT,15,1652616000,0.0567,0.0569,0.0565,0.0566
XEMUSDT,15,1652616900,0.0566,0.0569,0.0563,0.0563
XEMUSDT,15,1652617800,0.0563,0.0563,0.0559,0.056
XEMUSDT,15,1652618700,0.056,0.0561,0.0557,0.0557
XEMUSDT,15,1652619600,0.0557,0.0561,0.0556,0.056
XEMUSDT,15,1652620500,0.056,0.0562,0.0556,0.0556
XEMUSDT,15,1652621400,0.0556,0.0556,0.0553,0.0553
XEMUSDT,15,1652622300,0.0553,0.0553,0.0552,0.0552
XEMUSDT,15,1652623200,0.0552,0.0552,0.0546,0.055
XEMUSDT,15,1652624100,0.055,0.055,0.0545,0.0546
XEMUSDT,15,1652625000,0.0546,0.0548,0.0542,0.0548
XEMUSDT,15,1652625900,0.0548,0.0549,0.0548,0.0549
XEMUSDT,15,1652626800,0.0549,0.0556,0.0548,0.0555
XEMUSDT,15,1652627700,0.0555,0.0555,0.055,0.0552
XEMUSDT,15,1652628600,0.0552,0.0552,0.0548,0.055
XEMUSDT,15,1652629500,0.055,0.0553,0.0545,0.0553
XEMUSDT,15,1652630400,0.0553,0.0553,0.0548,0.0549
XEMUSDT,15,1652631300,0.0549,0.0553,0.0549,0.0553
XEMUSDT,15,1652632200,0.0553,0.0562,0.0553,0.0562
XEMUSDT,15,1652633100,0.0562,0.0564,0.0561,0.0561
XEMUSDT,15,1652634000,0.0561,0.0561,0.0559,0.0561
XEMUSDT,15,1652634900,0.0561,0.0561,0.0559,0.056
XEMUSDT,15,1652635800,0.056,0.056,0.0554,0.0557
XEMUSDT,15,1652636700,0.0557,0.0557,0.0555,0.0557
XEMUSDT,15,1652637600,0.0557,0.0562,0.0556,0.0562
XEMUSDT,15,1652638500,0.0562,0.0566,0.0562,0.0566
XEMUSDT,15,1652639400,0.0566,0.058,0.0564,0.0579
XEMUSDT,15,1652640300,0.0579,0.0585,0.0577,0.0584
XEMUSDT,15,1652641200,0.0584,0.0585,0.0582,0.0585
XEMUSDT,15,1652642100,0.0585,0.0598,0.0584,0.0596
XEMUSDT,15,1652643000,0.0596,0.0638,0.0596,0.0615
XEMUSDT,15,1652643900,0.0615,0.0622,0.0615,0.0622
XEMUSDT,15,1652644800,0.0622,0.0632,0.0613,0.0625
XEMUSDT,15,1652645700,0.0625,0.0626,0.0613,0.0615
XEMUSDT,15,1652646600,0.0615,0.0627,0.0613,0.0621
XEMUSDT,15,1652647500,0.0621,0.0627,0.062,0.0626
XEMUSDT,15,1652648400,0.0626,0.0629,0.0625,0.0628
XEMUSDT,15,1652649300,0.0628,0.0633,0.0627,0.063
XEMUSDT,15,1652650200,0.063,0.063,0.0625,0.0625
XEMUSDT,15,1652651100,0.0625,0.0631,0.0625,0.0629
XEMUSDT,15,1669935600,0.0329,0.0329,0.0327,0.0327
XEMUSDT,15,1669935600,0.0329,0.0329,0.0327,0.0327
XEMUSDT,1,1669935600,0.0329,0.0329,0.0329,0.0329
XEMUSDT,1,1669935660,0.0329,0.0329,0.0327,0.0327
XEMUSDT,1,1669935720,0.0327,0.0327,0.0327,0.0327
XEMUSDT,1,1669935780,0.0327,0.0327,0.0327,0.0327
XEMUSDT,1,1669935840,0.0327,0.0327,0.0327,0.0327
XEMUSDT,1,1669935900,0.0327,0.0327,0.0327,0.0327
