symbol,period,start_at,open,high,low,close
SKLUSDT,15,1652565600,0.08133,0.08181,0.08082,0.08179
SKLUSDT,15,1652566500,0.08179,0.08191,0.08135,0.08162
SKLUSDT,15,1652567400,0.08162,0.08172,0.08126,0.08171
SKLUSDT,15,1652568300,0.08171,0.08409,0.08171,0.08372
SKLUSDT,15,1652569200,0.08372,0.08409,0.0834,0.08389
SKLUSDT,15,1652570100,0.08389,0.08522,0.08388,0.08522
SKLUSDT,15,1652571000,0.08522,0.08653,0.08471,0.0863
SKLUSDT,15,1652571900,0.0863,0.08712,0.08599,0.08658
SKLUSDT,15,1652572800,0.08658,0.08685,0.08572,0.08579
SKLUSDT,15,1652573700,0.08579,0.08815,0.08579,0.0877
SKLUSDT,15,1652574600,0.0877,0.08798,0.08672,0.08687
SKLUSDT,15,1652575500,0.08687,0.08692,0.08672,0.08683
SKLUSDT,15,1652576400,0.08683,0.08735,0.08637,0.08671
SKLUSDT,15,1652577300,0.08671,0.08709,0.08583,0.08583
SKLUSDT,15,1652578200,0.08583,0.0861,0.08524,0.08551
SKLUSDT,15,1652579100,0.08551,0.08591,0.08538,0.08555
SKLUSDT,15,1652580000,0.08555,0.0861,0.08429,0.08429
SKLUSDT,15,1652580900,0.08429,0.08468,0.08366,0.0839
SKLUSDT,15,1652581800,0.0839,0.08392,0.08305,0.08308
SKLUSDT,15,1652582700,0.08308,0.08373,0.08293,0.08342
SKLUSDT,15,1652583600,0.08342,0.08363,0.08271,0.08277
SKLUSDT,15,1652584500,0.08277,0.0828,0.08194,0.08205
SKLUSDT,15,1652585400,0.08205,0.08248,0.08188,0.0821
SKLUSDT,15,1652586300,0.0821,0.08219,0.08195,0.08198
SKLUSDT,15,1652587200,0.08198,0.0832,0.08171,0.08305
SKLUSDT,15,1652588100,0.08305,0.08336,0.08278,0.08295
SKLUSDT,15,1652589000,0.08295,0.08298,0.08166,0.08216
SKLUSDT,15,1652589900,0.08216,0.08258,0.08195,0.0822
SKLUSDT,15,1652590800,0.0822,0.08247,0.08155,0.08199
SKLUSDT,15,1652591700,0.08199,0.08255,0.08184,0.0825
SKLUSDT,15,1652592600,0.0825,0.08336,0.08242,0.08336
SKLUSDT,15,1652593500,0.08336,0.0849,0.08333,0.08481
SKLUSDT,15,1652594400,0.08481,0.08574,0.08481,0.08549
SKLUSDT,15,1652595300,0.08549,0.08698,0.08516,0.08671
SKLUSDT,15,1652596200,0.08671,0.08694,0.08651,0.08689
SKLUSDT,15,1652597100,0.08689,0.0879,0.08674,0.08789
SKLUSDT,15,1652598000,0.08789,0.08842,0.08712,0.08761
SKLUSDT,15,1652598900,0.08761,0.08761,0.08693,0.08696
SKLUSDT,15,1652599800,0.08696,0.08729,0.08678,0.08709
SKLUSDT,15,1652600700,0.08709,0.08724,0.08612,0.08635
SKLUSDT,15,1652601600,0.08635,0.08641,0.08546,0.0855
SKLUSDT,15,1652602500,0.0855,0.08572,0.08498,0.08528
SKLUSDT,15,1652603400,0.08528,0.08541,0.08495,0.08519
SKLUSDT,15,1652604300,0.08519,0.0852,0.08414,0.08427
SKLUSDT,15,1652605200,0.08427,0.08476,0.08422,0.0843
SKLUSDT,15,1652606100,0.0843,0.08526,0.08421,0.08505
SKLUSDT,15,1652607000,0.08505,0.08505,0.08467,0.08491
SKLUSDT,15,1652607900,0.08491,0.0854,0.08491,0.08522
SKLUSDT,15,1652608800,0.08522,0.08563,0.08456,0.08467
SKLUSDT,15,1652609700,0.08467,0.08485,0.08445,0.08476
SKLUSDT,15,1652610600,0.08476,0.08507,0.08443,0.08501
SKLUSDT,15,1652611500,0.08501,0.08682,0.08493,0.08679
SKLUSDT,15,1652612400,0.08679,0.08712,0.08645,0.08696
SKLUSDT,15,1652613300,0.08696,0.08841,0.08661,0.08821
SKLUSDT,15,1652614200,0.08821,0.08948,0.08801,0.089
SKLUSDT,15,1652615100,0.089,0.09011,0.08891,0.09
SKLUSDT,15,1652616000,0.09,0.091,0.09,0.09048
SKLUSDT,15,1652616900,0.09048,0.09232,0.08983,0.08983
SKLUSDT,15,1652617800,0.08983,0.09037,0.08928,0.09017
SKLUSDT,15,1652618700,0.09017,0.09052,0.08974,0.09015
SKLUSDT,15,1652619600,0.09015,0.09028,0.08945,0.09028
SKLUSDT,15,1652620500,0.09028,0.09041,0.0888,0.08911
SKLUSDT,15,1652621400,0.08911,0.0893,0.08865,0.08881
SKLUSDT,15,1652622300,0.08881,0.08902,0.08848,0.08871
SKLUSDT,15,1652623200,0.08871,0.0888,0.08743,0.08821
SKLUSDT,15,1652624100,0.08821,0.08855,0.08713,0.0874
SKLUSDT,15,1652625000,0.0874,0.08768,0.08661,0.08758
SKLUSDT,15,1652625900,0.08758,0.0881,0.08738,0.08752
SKLUSDT,15,1652626800,0.08752,0.08938,0.08749,0.08912
SKLUSDT,15,1652627700,0.08912,0.08919,0.08803,0.08808
SKLUSDT,15,1652628600,0.08808,0.08808,0.08675,0.08707
SKLUSDT,15,1652629500,0.08707,0.08751,0.08608,0.08718
SKLUSDT,15,1652630400,0.08718,0.08755,0.08654,0.0867
SKLUSDT,15,1652631300,0.0867,0.08702,0.08619,0.08621
SKLUSDT,15,1652632200,0.08621,0.08788,0.08572,0.08781
SKLUSDT,15,1652633100,0.08781,0.08791,0.08746,0.08763
SKLUSDT,15,1652634000,0.08763,0.08789,0.08718,0.08753
SKLUSDT,15,1652634900,0.08753,0.0878,0.08714,0.08735
SKLUSDT,15,1652635800,0.08735,0.08735,0.08514,0.08516
SKLUSDT,15,1652636700,0.08516,0.08548,0.08413,0.08413
SKLUSDT,15,1652637600,0.08413,0.08426,0.08341,0.0839
SKLUSDT,15,1652638500,0.0839,0.08491,0.08364,0.08484
SKLUSDT,15,1652639400,0.08484,0.08598,0.08457,0.08598
SKLUSDT,15,1652640300,0.08598,0.08609,0.08528,0.08546
SKLUSDT,15,1652641200,0.08546,0.08557,0.08452,0.08498
SKLUSDT,15,1652642100,0.08498,0.08593,0.08498,0.08542
SKLUSDT,15,1652643000,0.08542,0.0862,0.08525,0.08553
SKLUSDT,15,1652643900,0.08553,0.08649,0.08548,0.08638
SKLUSDT,15,1652644800,0.08638,0.08744,0.08573,0.08737
SKLUSDT,15,1652645700,0.08737,0.08801,0.0868,0.08765
SKLUSDT,15,1652646600,0.08765,0.08868,0.08749,0.08836
SKLUSDT,15,1652647500,0.08836,0.0891,0.08805,0.08887
SKLUSDT,15,1652648400,0.08887,0.089,0.08795,0.08815
SKLUSDT,15,1652649300,0.08815,0.08819,0.08771,0.08779
SKLUSDT,15,1652650200,0.08779,0.08838,0.08755,0.08824
SKLUSDT,15,1652651100,0.08824,0.08875,0.08817,0.08875
SKLUSDT,15,1669935600,0.02736,0.02743,0.02736,0.02743
SKLUSDT,15,1669935600,0.02736,0.0275,0.02736,0.02745
SKLUSDT,1,1669935600,0.02736,0.02742,0.02736,0.02742
SKLUSDT,1,1669935660,0.02742,0.02745,0.02742,0.02745
SKLUSDT,1,1669935720,0.02745,0.0275,0.02745,0.02747
SKLUSDT,1,1669935780,0.02747,0.02747,0.02744,0.02746
SKLUSDT,1,1669935840,0.02746,0.02746,0.02744,0.02745
SKLUSDT,1,1669935900,0.02745,0.02745,0.02744,0.02745
