symbol,period,start_at,open,high,low,close
YFIUSDT,15,1652565600,10103,10141,10090,10133
YFIUSDT,15,1652566500,10133,10179,10107,10143
YFIUSDT,15,1652567400,10143,10144,10071,10094
YFIUSDT,15,1652568300,10094,10388,10094,10228
YFIUSDT,15,1652569200,10228,10246,10148,10204
YFIUSDT,15,1652570100,10204,10280,10199,10280
YFIUSDT,15,1652571000,10280,10345,10245,10291
YFIUSDT,15,1652571900,10291,10319,10199,10223
YFIUSDT,15,1652572800,10223,10295,10148,10201
YFIUSDT,15,1652573700,10201,10318,10201,10316
YFIUSDT,15,1652574600,10316,10397,10173,10207
YFIUSDT,15,1652575500,10207,10207,10083,10115
YFIUSDT,15,1652576400,10115,10137,10031,10038
YFIUSDT,15,1652577300,10038,10127,10038,10062
YFIUSDT,15,1652578200,10062,10103,10046,10093
YFIUSDT,15,1652579100,10093,10182,10081,10163
YFIUSDT,15,1652580000,10163,10232,10078,10081
YFIUSDT,15,1652580900,10081,10129,10009,10058
YFIUSDT,15,1652581800,10058,10065,9980,9980
YFIUSDT,15,1652582700,9980,10070,9980,10041
YFIUSDT,15,1652583600,10041,10070,9961,9965
YFIUSDT,15,1652584500,9965,9983,9918,9954
YFIUSDT,15,1652585400,9954,10021,9928,10017
YFIUSDT,15,1652586300,10017,10041,10009,10009
YFIUSDT,15,1652587200,10009,10101,9996,10093
YFIUSDT,15,1652588100,10093,10093,10002,10004
YFIUSDT,15,1652589000,10004,10024,9888,9998
YFIUSDT,15,1652589900,9998,10020,9943,9963
YFIUSDT,15,1652590800,9963,10002,9935,9965
YFIUSDT,15,1652591700,9965,10005,9947,9998
YFIUSDT,15,1652592600,9998,10024,9987,10014
YFIUSDT,15,1652593500,10014,10035,9997,10015
YFIUSDT,15,1652594400,10015,10029,9995,10003
YFIUSDT,15,1652595300,10003,10029,9992,10021
YFIUSDT,15,1652596200,10021,10035,9988,10001
YFIUSDT,15,1652597100,10001,10103,9989,10091
YFIUSDT,15,1652598000,10091,10139,10009,10036
YFIUSDT,15,1652598900,10036,10058,9997,10004
YFIUSDT,15,1652599800,10004,10025,9996,10006
YFIUSDT,15,1652600700,10006,10025,9943,9986
YFIUSDT,15,1652601600,9986,9987,9911,9914
YFIUSDT,15,1652602500,9914,9954,9842,9950
YFIUSDT,15,1652603400,9950,9974,9928,9934
YFIUSDT,15,1652604300,9934,9934,9861,9884
YFIUSDT,15,1652605200,9884,9900,9836,9836
YFIUSDT,15,1652606100,9836,10033,9820,10031
YFIUSDT,15,1652607000,10031,10091,10022,10089
YFIUSDT,15,1652607900,10089,10090,10023,10054
YFIUSDT,15,1652608800,10054,10080,10013,10015
YFIUSDT,15,1652609700,10015,10078,10012,10076
YFIUSDT,15,1652610600,10076,10105,10060,10060
YFIUSDT,15,1652611500,10060,10228,10055,10228
YFIUSDT,15,1652612400,10228,10246,10146,10151
YFIUSDT,15,1652613300,10151,10173,10048,10169
YFIUSDT,15,1652614200,10169,10283,10166,10227
YFIUSDT,15,1652615100,10227,10336,10225,10327
YFIUSDT,15,1652616000,10327,10425,10303,10316
YFIUSDT,15,1652616900,10316,10392,10253,10256
YFIUSDT,15,1652617800,10256,10332,10220,10291
YFIUSDT,15,1652618700,10291,10296,10208,10233
YFIUSDT,15,1652619600,10233,10233,10114,10185
YFIUSDT,15,1652620500,10185,10235,10111,10147
YFIUSDT,15,1652621400,10147,10147,10117,10126
YFIUSDT,15,1652622300,10126,10152,10104,10125
YFIUSDT,15,1652623200,10125,10165,10030,10162
YFIUSDT,15,1652624100,10162,10175,10036,10080
YFIUSDT,15,1652625000,10080,10165,10047,10139
YFIUSDT,15,1652625900,10139,10194,10124,10158
YFIUSDT,15,1652626800,10158,10301,10154,10283
YFIUSDT,15,1652627700,10283,10283,10194,10194
YFIUSDT,15,1652628600,10194,10201,10110,10124
YFIUSDT,15,1652629500,10124,10139,10023,10110
YFIUSDT,15,1652630400,10110,10132,10004,10036
YFIUSDT,15,1652631300,10036,10090,10032,10044
YFIUSDT,15,1652632200,10044,10177,10044,10163
YFIUSDT,15,1652633100,10163,10166,10112,10144
YFIUSDT,15,1652634000,10144,10171,10109,10138
YFIUSDT,15,1652634900,10138,10189,10138,10164
YFIUSDT,15,1652635800,10164,10164,10111,10114
YFIUSDT,15,1652636700,10114,10122,10055,10110
YFIUSDT,15,1652637600,10110,10112,10071,10092
YFIUSDT,15,1652638500,10092,10147,10081,10112
YFIUSDT,15,1652639400,10112,10223,10104,10223
YFIUSDT,15,1652640300,10223,10230,10160,10184
YFIUSDT,15,1652641200,10184,10229,10166,10213
YFIUSDT,15,1652642100,10213,10244,10199,10229
YFIUSDT,15,1652643000,10229,10285,10218,10234
YFIUSDT,15,1652643900,10234,10314,10234,10305
YFIUSDT,15,1652644800,10305,10475,10275,10467
YFIUSDT,15,1652645700,10467,10511,10397,10415
YFIUSDT,15,1652646600,10415,10437,10354,10372
YFIUSDT,15,1652647500,10372,10475,10350,10461
YFIUSDT,15,1652648400,10461,10537,10449,10474
YFIUSDT,15,1652649300,10474,10481,10432,10445
YFIUSDT,15,1652650200,10445,10474,10430,10459
YFIUSDT,15,1652651100,10459,10530,10452,10519
YFIUSDT,15,1669935600,6671,6685,6671,6681
YFIUSDT,15,1669935600,6671,6685,6671,6676
YFIUSDT,1,1669935600,6671,6685,6671,6685
YFIUSDT,1,1669935660,6685,6685,6679,6680
YFIUSDT,1,1669935720,6680,6685,6679,6682
YFIUSDT,1,1669935780,6682,6682,6675,6675
YFIUSDT,1,1669935840,6675,6675,6675,6675
YFIUSDT,1,1669935900,6675,6676,6675,6676
