symbol,period,start_at,open,high,low,close
KLAYUSDT,15,1652565600,0.3929,0.3939,0.392,0.3938
KLAYUSDT,15,1652566500,0.3938,0.394,0.3891,0.3907
KLAYUSDT,15,1652567400,0.3907,0.3918,0.3893,0.3904
KLAYUSDT,15,1652568300,0.3904,0.3966,0.3904,0.3955
KLAYUSDT,15,1652569200,0.3955,0.3968,0.3942,0.3958
KLAYUSDT,15,1652570100,0.3958,0.3979,0.395,0.3979
KLAYUSDT,15,1652571000,0.3979,0.3995,0.3963,0.3988
KLAYUSDT,15,1652571900,0.3988,0.4007,0.3976,0.3987
KLAYUSDT,15,1652572800,0.3987,0.4007,0.3937,0.3953
KLAYUSDT,15,1652573700,0.3953,0.402,0.3953,0.4012
KLAYUSDT,15,1652574600,0.4012,0.4017,0.3969,0.3971
KLAYUSDT,15,1652575500,0.3971,0.3973,0.3959,0.3965
KLAYUSDT,15,1652576400,0.3965,0.3975,0.3948,0.395
KLAYUSDT,15,1652577300,0.395,0.3962,0.394,0.3947
KLAYUSDT,15,1652578200,0.3947,0.3947,0.3918,0.3931
KLAYUSDT,15,1652579100,0.3931,0.3949,0.393,0.3948
KLAYUSDT,15,1652580000,0.3948,0.3965,0.3924,0.393
KLAYUSDT,15,1652580900,0.393,0.393,0.3909,0.3912
KLAYUSDT,15,1652581800,0.3912,0.3919,0.3889,0.3891
KLAYUSDT,15,1652582700,0.3891,0.3927,0.3891,0.3921
KLAYUSDT,15,1652583600,0.3921,0.3929,0.3902,0.3902
KLAYUSDT,15,1652584500,0.3902,0.3902,0.3881,0.3882
KLAYUSDT,15,1652585400,0.3882,0.3891,0.3869,0.3879
KLAYUSDT,15,1652586300,0.3879,0.389,0.3873,0.3889
KLAYUSDT,15,1652587200,0.3889,0.3921,0.3889,0.3921
KLAYUSDT,15,1652588100,0.3921,0.3921,0.3902,0.3909
KLAYUSDT,15,1652589000,0.3909,0.3909,0.3864,0.3887
KLAYUSDT,15,1652589900,0.3887,0.3899,0.388,0.389
KLAYUSDT,15,1652590800,0.389,0.3914,0.388,0.3909
KLAYUSDT,15,1652591700,0.3909,0.3918,0.39,0.3918
KLAYUSDT,15,1652592600,0.3918,0.3937,0.3913,0.3937
KLAYUSDT,15,1652593500,0.3937,0.3967,0.3934,0.3966
KLAYUSDT,15,1652594400,0.3966,0.3975,0.3951,0.3951
KLAYUSDT,15,1652595300,0.3951,0.3978,0.3942,0.3964
KLAYUSDT,15,1652596200,0.3964,0.3974,0.3953,0.3959
KLAYUSDT,15,1652597100,0.3959,0.3961,0.394,0.3957
KLAYUSDT,15,1652598000,0.3957,0.3969,0.3951,0.3962
KLAYUSDT,15,1652598900,0.3962,0.3983,0.396,0.396
KLAYUSDT,15,1652599800,0.396,0.3976,0.3959,0.3972
KLAYUSDT,15,1652600700,0.3972,0.3976,0.394,0.3945
KLAYUSDT,15,1652601600,0.3945,0.3946,0.3934,0.3934
KLAYUSDT,15,1652602500,0.3934,0.3946,0.3917,0.3945
KLAYUSDT,15,1652603400,0.3945,0.3949,0.3924,0.3946
KLAYUSDT,15,1652604300,0.3946,0.3948,0.3917,0.392
KLAYUSDT,15,1652605200,0.392,0.3928,0.3911,0.3911
KLAYUSDT,15,1652606100,0.3911,0.3949,0.3911,0.3941
KLAYUSDT,15,1652607000,0.3941,0.3964,0.3939,0.3959
KLAYUSDT,15,1652607900,0.3959,0.3965,0.3949,0.3954
KLAYUSDT,15,1652608800,0.3954,0.3966,0.3939,0.3941
KLAYUSDT,15,1652609700,0.3941,0.3947,0.3929,0.3947
KLAYUSDT,15,1652610600,0.3947,0.3949,0.393,0.3943
KLAYUSDT,15,1652611500,0.3943,0.3984,0.3939,0.3981
KLAYUSDT,15,1652612400,0.3981,0.3997,0.398,0.3985
KLAYUSDT,15,1652613300,0.3985,0.4008,0.3962,0.4004
KLAYUSDT,15,1652614200,0.4004,0.4029,0.3995,0.4026
KLAYUSDT,15,1652615100,0.4026,0.4049,0.402,0.4038
KLAYUSDT,15,1652616000,0.4038,0.4059,0.4037,0.4041
KLAYUSDT,15,1652616900,0.4041,0.406,0.4032,0.4032
KLAYUSDT,15,1652617800,0.4032,0.4037,0.4014,0.4028
KLAYUSDT,15,1652618700,0.4028,0.4038,0.4009,0.4018
KLAYUSDT,15,1652619600,0.4018,0.4018,0.3997,0.4018
KLAYUSDT,15,1652620500,0.4018,0.403,0.399,0.3992
KLAYUSDT,15,1652621400,0.3992,0.3998,0.3981,0.3985
KLAYUSDT,15,1652622300,0.3985,0.3988,0.3968,0.3977
KLAYUSDT,15,1652623200,0.3977,0.3977,0.3951,0.3961
KLAYUSDT,15,1652624100,0.3961,0.3966,0.3941,0.3944
KLAYUSDT,15,1652625000,0.3944,0.3956,0.3921,0.3955
KLAYUSDT,15,1652625900,0.3955,0.3987,0.3954,0.3963
KLAYUSDT,15,1652626800,0.3963,0.3978,0.3954,0.3972
KLAYUSDT,15,1652627700,0.3972,0.3978,0.3942,0.3955
KLAYUSDT,15,1652628600,0.3955,0.3959,0.3941,0.3948
KLAYUSDT,15,1652629500,0.3948,0.3959,0.3923,0.3938
KLAYUSDT,15,1652630400,0.3938,0.395,0.3925,0.3929
KLAYUSDT,15,1652631300,0.3929,0.3951,0.3929,0.3949
KLAYUSDT,15,1652632200,0.3949,0.3989,0.3931,0.3985
KLAYUSDT,15,1652633100,0.3985,0.3989,0.3964,0.3987
KLAYUSDT,15,1652634000,0.3987,0.4,0.3983,0.3993
KLAYUSDT,15,1652634900,0.3993,0.3996,0.3977,0.3986
KLAYUSDT,15,1652635800,0.3986,0.3997,0.3953,0.3956
KLAYUSDT,15,1652636700,0.3956,0.3957,0.3938,0.3943
KLAYUSDT,15,1652637600,0.3943,0.3946,0.3932,0.394
KLAYUSDT,15,1652638500,0.394,0.3958,0.3937,0.3947
KLAYUSDT,15,1652639400,0.3947,0.3978,0.3937,0.3977
KLAYUSDT,15,1652640300,0.3977,0.3977,0.3943,0.3948
KLAYUSDT,15,1652641200,0.3948,0.3955,0.3939,0.3945
KLAYUSDT,15,1652642100,0.3945,0.3954,0.394,0.394
KLAYUSDT,15,1652643000,0.394,0.3976,0.394,0.3971
KLAYUSDT,15,1652643900,0.3971,0.4007,0.397,0.4
KLAYUSDT,15,1652644800,0.4,0.4035,0.3989,0.403
KLAYUSDT,15,1652645700,0.403,0.404,0.4023,0.4027
KLAYUSDT,15,1652646600,0.4027,0.4046,0.4021,0.404
KLAYUSDT,15,1652647500,0.404,0.4058,0.404,0.405
KLAYUSDT,15,1652648400,0.405,0.4066,0.4042,0.4049
KLAYUSDT,15,1652649300,0.4049,0.405,0.4037,0.4038
KLAYUSDT,15,1652650200,0.4038,0.4047,0.4033,0.4047
KLAYUSDT,15,1652651100,0.4047,0.407,0.4043,0.407
KLAYUSDT,15,1669935600,0.1899,0.19,0.1899,0.19
KLAYUSDT,15,1669935600,0.1899,0.1903,0.1899,0.1902
KLAYUSDT,1,1669935600,0.1899,0.19,0.1899,0.1899
KLAYUSDT,1,1669935660,0.1899,0.1901,0.1899,0.1901
KLAYUSDT,1,1669935720,0.1901,0.1903,0.1901,0.1903
KLAYUSDT,1,1669935780,0.1903,0.1903,0.1901,0.1901
KLAYUSDT,1,1669935840,0.1901,0.1901,0.19,0.1901
KLAYUSDT,1,1669935900,0.1901,0.1902,0.1901,0.1902
