symbol,period,start_at,open,high,low,close
SUSHIUSDT,15,1652565600,1.267,1.295,1.262,1.276
SUSHIUSDT,15,1652566500,1.276,1.281,1.267,1.27
SUSHIUSDT,15,1652567400,1.27,1.281,1.267,1.281
SUSHIUSDT,15,1652568300,1.281,1.308,1.28,1.3
SUSHIUSDT,15,1652569200,1.3,1.31,1.287,1.29
SUSHIUSDT,15,1652570100,1.29,1.307,1.29,1.306
SUSHIUSDT,15,1652571000,1.306,1.316,1.294,1.311
SUSHIUSDT,15,1652571900,1.311,1.332,1.296,1.317
SUSHIUSDT,15,1652572800,1.317,1.325,1.299,1.302
SUSHIUSDT,15,1652573700,1.302,1.347,1.302,1.332
SUSHIUSDT,15,1652574600,1.332,1.34,1.311,1.318
SUSHIUSDT,15,1652575500,1.318,1.319,1.306,1.318
SUSHIUSDT,15,1652576400,1.318,1.323,1.297,1.298
SUSHIUSDT,15,1652577300,1.298,1.308,1.288,1.297
SUSHIUSDT,15,1652578200,1.297,1.303,1.293,1.299
SUSHIUSDT,15,1652579100,1.299,1.31,1.296,1.298
SUSHIUSDT,15,1652580000,1.298,1.308,1.272,1.272
SUSHIUSDT,15,1652580900,1.272,1.287,1.265,1.276
SUSHIUSDT,15,1652581800,1.276,1.276,1.267,1.27
SUSHIUSDT,15,1652582700,1.27,1.285,1.26,1.279
SUSHIUSDT,15,1652583600,1.279,1.289,1.275,1.276
SUSHIUSDT,15,1652584500,1.276,1.285,1.262,1.273
SUSHIUSDT,15,1652585400,1.273,1.286,1.266,1.284
SUSHIUSDT,15,1652586300,1.284,1.289,1.284,1.288
SUSHIUSDT,15,1652587200,1.288,1.299,1.279,1.298
SUSHIUSDT,15,1652588100,1.298,1.298,1.286,1.288
SUSHIUSDT,15,1652589000,1.288,1.29,1.269,1.278
SUSHIUSDT,15,1652589900,1.278,1.284,1.274,1.28
SUSHIUSDT,15,1652590800,1.28,1.284,1.272,1.281
SUSHIUSDT,15,1652591700,1.281,1.291,1.28,1.289
SUSHIUSDT,15,1652592600,1.289,1.305,1.283,1.305
SUSHIUSDT,15,1652593500,1.305,1.332,1.301,1.32
SUSHIUSDT,15,1652594400,1.32,1.333,1.306,1.306
SUSHIUSDT,15,1652595300,1.306,1.326,1.303,1.323
SUSHIUSDT,15,1652596200,1.323,1.323,1.314,1.316
SUSHIUSDT,15,1652597100,1.316,1.329,1.315,1.327
SUSHIUSDT,15,1652598000,1.327,1.335,1.32,1.323
SUSHIUSDT,15,1652598900,1.323,1.324,1.306,1.308
SUSHIUSDT,15,1652599800,1.308,1.313,1.305,1.311
SUSHIUSDT,15,1652600700,1.311,1.311,1.295,1.301
SUSHIUSDT,15,1652601600,1.301,1.309,1.283,1.286
SUSHIUSDT,15,1652602500,1.286,1.294,1.28,1.286
SUSHIUSDT,15,1652603400,1.286,1.294,1.286,1.292
SUSHIUSDT,15,1652604300,1.292,1.292,1.28,1.284
SUSHIUSDT,15,1652605200,1.284,1.292,1.283,1.284
SUSHIUSDT,15,1652606100,1.284,1.304,1.283,1.3
SUSHIUSDT,15,1652607000,1.3,1.305,1.298,1.303
SUSHIUSDT,15,1652607900,1.303,1.307,1.302,1.306
SUSHIUSDT,15,1652608800,1.306,1.309,1.295,1.296
SUSHIUSDT,15,1652609700,1.296,1.305,1.295,1.303
SUSHIUSDT,15,1652610600,1.303,1.306,1.295,1.303
SUSHIUSDT,15,1652611500,1.303,1.323,1.302,1.322
SUSHIUSDT,15,1652612400,1.322,1.323,1.314,1.315
SUSHIUSDT,15,1652613300,1.315,1.338,1.305,1.314
SUSHIUSDT,15,1652614200,1.314,1.337,1.314,1.325
SUSHIUSDT,15,1652615100,1.325,1.341,1.323,1.335
SUSHIUSDT,15,1652616000,1.335,1.345,1.335,1.339
SUSHIUSDT,15,1652616900,1.339,1.355,1.327,1.327
SUSHIUSDT,15,1652617800,1.327,1.337,1.318,1.334
SUSHIUSDT,15,1652618700,1.334,1.337,1.315,1.328
SUSHIUSDT,15,1652619600,1.328,1.329,1.312,1.329
SUSHIUSDT,15,1652620500,1.329,1.336,1.308,1.313
SUSHIUSDT,15,1652621400,1.313,1.318,1.304,1.308
SUSHIUSDT,15,1652622300,1.308,1.315,1.304,1.308
SUSHIUSDT,15,1652623200,1.308,1.31,1.287,1.293
SUSHIUSDT,15,1652624100,1.293,1.297,1.279,1.285
SUSHIUSDT,15,1652625000,1.285,1.294,1.274,1.291
SUSHIUSDT,15,1652625900,1.291,1.3,1.287,1.29
SUSHIUSDT,15,1652626800,1.29,1.314,1.289,1.312
SUSHIUSDT,15,1652627700,1.312,1.312,1.302,1.305
SUSHIUSDT,15,1652628600,1.305,1.305,1.289,1.296
SUSHIUSDT,15,1652629500,1.296,1.299,1.283,1.292
SUSHIUSDT,15,1652630400,1.292,1.302,1.287,1.293
SUSHIUSDT,15,1652631300,1.293,1.304,1.292,1.304
SUSHIUSDT,15,1652632200,1.304,1.325,1.303,1.324
SUSHIUSDT,15,1652633100,1.324,1.326,1.319,1.319
SUSHIUSDT,15,1652634000,1.319,1.328,1.315,1.327
SUSHIUSDT,15,1652634900,1.327,1.33,1.322,1.324
SUSHIUSDT,15,1652635800,1.324,1.325,1.314,1.316
SUSHIUSDT,15,1652636700,1.316,1.319,1.304,1.309
SUSHIUSDT,15,1652637600,1.309,1.312,1.302,1.312
SUSHIUSDT,15,1652638500,1.312,1.319,1.31,1.317
SUSHIUSDT,15,1652639400,1.317,1.334,1.315,1.331
SUSHIUSDT,15,1652640300,1.331,1.333,1.321,1.327
SUSHIUSDT,15,1652641200,1.327,1.327,1.312,1.314
SUSHIUSDT,15,1652642100,1.314,1.324,1.314,1.321
SUSHIUSDT,15,1652643000,1.321,1.331,1.321,1.328
SUSHIUSDT,15,1652643900,1.328,1.347,1.327,1.345
SUSHIUSDT,15,1652644800,1.345,1.372,1.339,1.363
SUSHIUSDT,15,1652645700,1.363,1.373,1.356,1.362
SUSHIUSDT,15,1652646600,1.362,1.369,1.354,1.36
SUSHIUSDT,15,1652647500,1.36,1.364,1.354,1.364
SUSHIUSDT,15,1652648400,1.364,1.367,1.353,1.355
SUSHIUSDT,15,1652649300,1.355,1.356,1.351,1.354
SUSHIUSDT,15,1652650200,1.354,1.361,1.352,1.361
SUSHIUSDT,15,1652651100,1.361,1.368,1.36,1.368
SUSHIUSDT,15,1669935600,1.392,1.395,1.392,1.395
SUSHIUSDT,15,1669935600,1.392,1.397,1.392,1.395
SUSHIUSDT,1,1669935600,1.392,1.394,1.392,1.394
SUSHIUSDT,1,1669935660,1.394,1.395,1.394,1.395
SUSHIUSDT,1,1669935720,1.395,1.396,1.395,1.396
SUSHIUSDT,1,1669935780,1.396,1.397,1.395,1.395
SUSHIUSDT,1,1669935840,1.395,1.396,1.395,1.395
SUSHIUSDT,1,1669935900,1.395,1.395,1.395,1.395
