symbol,period,start_at,open,high,low,close
CREAMUSDT,15,1652652000,22.07,22.96,22.07,22.96
CREAMUSDT,15,1652652900,22.96,25.07,22.92,23.37
CREAMUSDT,15,1652653800,23.37,23.69,22.65,22.86
CREAMUSDT,15,1652654700,22.86,22.97,22.84,22.93
CREAMUSDT,15,1652655600,22.93,23.26,22.33,22.81
CREAMUSDT,15,1652656500,22.81,22.82,22.21,22.21
CREAMUSDT,15,1652657400,22.21,22.29,22.11,22.29
CREAMUSDT,15,1652658300,22.29,24.37,22.28,22.67
CREAMUSDT,15,1652659200,22.67,23.65,22.66,23.56
CREAMUSDT,15,1652660100,23.56,24.78,23.01,24.39
CREAMUSDT,15,1652661000,24.39,24.52,23.86,24.34
CREAMUSDT,15,1652661900,24.34,25.36,22.99,25.02
CREAMUSDT,15,1652662800,25.02,27.25,24.33,26.54
CREAMUSDT,15,1652663700,26.54,27.36,25.39,25.65
CREAMUSDT,15,1652664600,25.65,26.44,24.54,26.44
CREAMUSDT,15,1652665500,26.44,27.23,24.97,24.97
CREAMUSDT,15,1652666400,24.97,25.84,24.47,25.65
CREAMUSDT,15,1652667300,25.65,25.73,24.47,24.94
CREAMUSDT,15,1652668200,24.94,25.05,21.8,22.25
CREAMUSDT,15,1652669100,22.25,22.52,21.6,21.97
CREAMUSDT,15,1652670000,21.97,22.1,21.46,21.59
CREAMUSDT,15,1652670900,21.59,21.95,21.42,21.62
CREAMUSDT,15,1652671800,21.62,21.7,21.56,21.62
CREAMUSDT,15,1652672700,21.62,21.79,21.62,21.7
CREAMUSDT,15,1652673600,21.7,22.36,21.7,22.02
CREAMUSDT,15,1652674500,22.02,22.55,21.96,22.42
CREAMUSDT,15,1652675400,22.42,22.42,21.36,22.21
CREAMUSDT,15,1652676300,22.21,22.3,21.58,21.89
CREAMUSDT,15,1652677200,21.89,22.27,21.83,22.06
CREAMUSDT,15,1652678100,22.06,22.14,21.74,21.91
CREAMUSDT,15,1652679000,21.91,21.92,21.76,21.77
CREAMUSDT,15,1652679900,21.77,21.77,21.54,21.56
CREAMUSDT,15,1652680800,21.56,21.56,21.07,21.08
CREAMUSDT,15,1652681700,21.08,21.11,20.16,20.3
CREAMUSDT,15,1652682600,20.3,20.55,20.1,20.1
CREAMUSDT,15,1652683500,20.1,20.63,19.39,19.69
CREAMUSDT,15,1652684400,19.69,20.59,19.69,20.25
CREAMUSDT,15,1652685300,20.25,20.45,20.19,20.45
CREAMUSDT,15,1652686200,20.45,20.45,20.37,20.37
CREAMUSDT,15,1652687100,20.37,20.58,20.37,20.44
CREAMUSDT,15,1652688000,20.44,20.7,20.41,20.7
CREAMUSDT,15,1652688900,20.7,20.83,20.7,20.82
CREAMUSDT,15,1652689800,20.82,21.29,20.56,21.27
CREAMUSDT,15,1652690700,21.27,21.31,20.66,20.66
CREAMUSDT,15,1652691600,20.66,20.66,20.18,20.24
CREAMUSDT,15,1652692500,20.24,20.35,19.95,19.95
CREAMUSDT,15,1652693400,19.95,20.36,19.93,20.2
CREAMUSDT,15,1652694300,20.2,20.24,20.15,20.17
CREAMUSDT,15,1652695200,20.17,20.42,19.66,20.26
CREAMUSDT,15,1652696100,20.26,20.66,20.26,20.66
CREAMUSDT,15,1652697000,20.66,21.34,20.57,20.8
CREAMUSDT,15,1652697900,20.8,20.93,20.57,20.84
CREAMUSDT,15,1652698800,20.84,20.84,20.5,20.58
CREAMUSDT,15,1652699700,20.58,20.66,20.51,20.55
CREAMUSDT,15,1652700600,20.55,20.89,20.55,20.84
CREAMUSDT,15,1652701500,20.84,20.84,20.61,20.61
CREAMUSDT,15,1652702400,20.61,20.83,20.19,20.81
CREAMUSDT,15,1652703300,20.81,20.9,20.45,20.9
CREAMUSDT,15,1652704200,20.9,21.68,20.9,21.01
CREAMUSDT,15,1652705100,21.01,21.11,20.78,21.08
CREAMUSDT,15,1652706000,21.08,21.17,21.08,21.12
CREAMUSDT,15,1652706900,21.12,21.12,20.41,20.45
CREAMUSDT,15,1652707800,20.45,20.74,20.4,20.4
CREAMUSDT,15,1652708700,20.4,20.46,20.23,20.28
CREAMUSDT,15,1652709600,20.28,20.52,20.17,20.47
CREAMUSDT,15,1652710500,20.47,20.87,20.41,20.41
CREAMUSDT,15,1652711400,20.41,20.45,20.12,20.13
CREAMUSDT,15,1652712300,20.13,20.13,20.04,20.07
CREAMUSDT,15,1652713200,20.07,20.23,20.07,20.23
CREAMUSDT,15,1652714100,20.23,20.32,20.23,20.32
CREAMUSDT,15,1652715000,20.32,20.32,19.91,20.02
CREAMUSDT,15,1652715900,20.02,20.14,19.87,20.14
CREAMUSDT,15,1652716800,20.14,20.14,19.16,19.43
CREAMUSDT,15,1652717700,19.43,19.43,19.08,19.21
CREAMUSDT,15,1652718600,19.21,19.38,19.05,19.25
CREAMUSDT,15,1652719500,19.25,19.31,19.13,19.13
CREAMUSDT,15,1652720400,19.13,19.2,18.98,19.01
CREAMUSDT,15,1652721300,19.01,19.32,19.01,19.28
CREAMUSDT,15,1652722200,19.28,19.39,19.28,19.39
CREAMUSDT,15,1652723100,19.39,19.49,19.37,19.48
CREAMUSDT,15,1652724000,19.48,19.71,19.48,19.71
CREAMUSDT,15,1652724900,19.71,20.32,19.71,20.32
CREAMUSDT,15,1652725800,20.32,20.34,20.06,20.06
CREAMUSDT,15,1652726700,20.06,20.26,19.91,20.14
CREAMUSDT,15,1652727600,20.14,20.34,20.14,20.29
CREAMUSDT,15,1652728500,20.29,20.34,20.28,20.34
CREAMUSDT,15,1652729400,20.34,20.34,20.18,20.31
CREAMUSDT,15,1652730300,20.31,20.31,20.18,20.22
CREAMUSDT,15,1652731200,20.22,20.22,20.12,20.13
CREAMUSDT,15,1652732100,20.13,20.13,20.04,20.04
CREAMUSDT,15,1652733000,20.04,20.11,20.0,20.0
CREAMUSDT,15,1652733900,20.0,20.24,20.0,20.24
CREAMUSDT,15,1652734800,20.24,20.35,20.23,20.3
CREAMUSDT,15,1652735700,20.3,20.3,20.19,20.19
CREAMUSDT,15,1652736600,20.19,20.23,20.01,20.06
CREAMUSDT,15,1652737500,20.06,20.06,19.96,19.99
