symbol,period,start_at,open,high,low,close
OCEANUSDT,15,1652565600,0.2208,0.2219,0.2201,0.2218
OCEANUSDT,15,1652566500,0.2218,0.2218,0.2198,0.2198
OCEANUSDT,15,1652567400,0.2198,0.2202,0.2186,0.2189
OCEANUSDT,15,1652568300,0.2189,0.2239,0.2189,0.2231
OCEANUSDT,15,1652569200,0.2231,0.2236,0.2219,0.2224
OCEANUSDT,15,1652570100,0.2224,0.2247,0.2224,0.2247
OCEANUSDT,15,1652571000,0.2247,0.2259,0.2236,0.2254
OCEANUSDT,15,1652571900,0.2254,0.2275,0.2246,0.2249
OCEANUSDT,15,1652572800,0.2249,0.225,0.2223,0.2224
OCEANUSDT,15,1652573700,0.2224,0.2268,0.2223,0.2253
OCEANUSDT,15,1652574600,0.2253,0.2258,0.223,0.2237
OCEANUSDT,15,1652575500,0.2237,0.2237,0.2221,0.2225
OCEANUSDT,15,1652576400,0.2225,0.2227,0.2202,0.2205
OCEANUSDT,15,1652577300,0.2205,0.221,0.2191,0.2191
OCEANUSDT,15,1652578200,0.2191,0.2197,0.2181,0.2195
OCEANUSDT,15,1652579100,0.2195,0.2208,0.2192,0.2202
OCEANUSDT,15,1652580000,0.2202,0.2213,0.2174,0.2177
OCEANUSDT,15,1652580900,0.2177,0.2178,0.215,0.215
OCEANUSDT,15,1652581800,0.215,0.2152,0.2134,0.2136
OCEANUSDT,15,1652582700,0.2136,0.2156,0.213,0.2155
OCEANUSDT,15,1652583600,0.2155,0.2164,0.215,0.2151
OCEANUSDT,15,1652584500,0.2151,0.2152,0.2128,0.2131
OCEANUSDT,15,1652585400,0.2131,0.214,0.2121,0.2138
OCEANUSDT,15,1652586300,0.2138,0.2153,0.2138,0.2152
OCEANUSDT,15,1652587200,0.2152,0.2175,0.2147,0.2173
OCEANUSDT,15,1652588100,0.2173,0.22,0.2167,0.2182
OCEANUSDT,15,1652589000,0.2182,0.2183,0.2167,0.2179
OCEANUSDT,15,1652589900,0.2179,0.2188,0.2175,0.2178
OCEANUSDT,15,1652590800,0.2178,0.2186,0.2169,0.2178
OCEANUSDT,15,1652591700,0.2178,0.2198,0.2173,0.2198
OCEANUSDT,15,1652592600,0.2198,0.2207,0.2189,0.2203
OCEANUSDT,15,1652593500,0.2203,0.2216,0.2197,0.2207
OCEANUSDT,15,1652594400,0.2207,0.2219,0.2207,0.2215
OCEANUSDT,15,1652595300,0.2215,0.2234,0.2204,0.223
OCEANUSDT,15,1652596200,0.223,0.2256,0.2229,0.2255
OCEANUSDT,15,1652597100,0.2255,0.2277,0.225,0.2277
OCEANUSDT,15,1652598000,0.2277,0.229,0.2264,0.2267
OCEANUSDT,15,1652598900,0.2267,0.2273,0.2255,0.2259
OCEANUSDT,15,1652599800,0.2259,0.2259,0.2245,0.2252
OCEANUSDT,15,1652600700,0.2252,0.2254,0.2229,0.2232
OCEANUSDT,15,1652601600,0.2232,0.2239,0.2218,0.2219
OCEANUSDT,15,1652602500,0.2219,0.222,0.2192,0.2192
OCEANUSDT,15,1652603400,0.2192,0.2207,0.2187,0.2203
OCEANUSDT,15,1652604300,0.2203,0.2205,0.2185,0.2193
OCEANUSDT,15,1652605200,0.2193,0.2206,0.2189,0.2189
OCEANUSDT,15,1652606100,0.2189,0.2207,0.2185,0.2202
OCEANUSDT,15,1652607000,0.2202,0.2207,0.2197,0.2205
OCEANUSDT,15,1652607900,0.2205,0.2216,0.2204,0.2216
OCEANUSDT,15,1652608800,0.2216,0.222,0.2199,0.22
OCEANUSDT,15,1652609700,0.22,0.2205,0.2198,0.2204
OCEANUSDT,15,1652610600,0.2204,0.2214,0.2199,0.2207
OCEANUSDT,15,1652611500,0.2207,0.224,0.2207,0.224
OCEANUSDT,15,1652612400,0.224,0.226,0.2238,0.2253
OCEANUSDT,15,1652613300,0.2253,0.2267,0.2245,0.2264
OCEANUSDT,15,1652614200,0.2264,0.2288,0.2261,0.2284
OCEANUSDT,15,1652615100,0.2284,0.2306,0.2281,0.2288
OCEANUSDT,15,1652616000,0.2288,0.2302,0.2281,0.2283
OCEANUSDT,15,1652616900,0.2283,0.2293,0.2265,0.2265
OCEANUSDT,15,1652617800,0.2265,0.2273,0.2251,0.227
OCEANUSDT,15,1652618700,0.227,0.2281,0.2263,0.2267
OCEANUSDT,15,1652619600,0.2267,0.2276,0.2254,0.2276
OCEANUSDT,15,1652620500,0.2276,0.2279,0.2236,0.2241
OCEANUSDT,15,1652621400,0.2241,0.2241,0.2223,0.2226
OCEANUSDT,15,1652622300,0.2226,0.2227,0.2219,0.2223
OCEANUSDT,15,1652623200,0.2223,0.2226,0.2186,0.2196
OCEANUSDT,15,1652624100,0.2196,0.2197,0.2175,0.2181
OCEANUSDT,15,1652625000,0.2181,0.2206,0.2175,0.2201
OCEANUSDT,15,1652625900,0.2201,0.2215,0.2201,0.2209
OCEANUSDT,15,1652626800,0.2209,0.2247,0.2207,0.2246
OCEANUSDT,15,1652627700,0.2246,0.2246,0.2234,0.2237
OCEANUSDT,15,1652628600,0.2237,0.2237,0.2215,0.2217
OCEANUSDT,15,1652629500,0.2217,0.2217,0.2188,0.22
OCEANUSDT,15,1652630400,0.22,0.2209,0.219,0.2202
OCEANUSDT,15,1652631300,0.2202,0.2239,0.2202,0.2239
OCEANUSDT,15,1652632200,0.2239,0.2268,0.223,0.2267
OCEANUSDT,15,1652633100,0.2267,0.2269,0.2256,0.2262
OCEANUSDT,15,1652634000,0.2262,0.2262,0.2244,0.2253
OCEANUSDT,15,1652634900,0.2253,0.2258,0.2248,0.2251
OCEANUSDT,15,1652635800,0.2251,0.2251,0.2223,0.2223
OCEANUSDT,15,1652636700,0.2223,0.2229,0.2209,0.2215
OCEANUSDT,15,1652637600,0.2215,0.2219,0.2197,0.2206
OCEANUSDT,15,1652638500,0.2206,0.2214,0.2205,0.2211
OCEANUSDT,15,1652639400,0.2211,0.2231,0.2209,0.223
OCEANUSDT,15,1652640300,0.223,0.223,0.2214,0.2219
OCEANUSDT,15,1652641200,0.2219,0.222,0.2209,0.2212
OCEANUSDT,15,1652642100,0.2212,0.222,0.2209,0.2211
OCEANUSDT,15,1652643000,0.2211,0.2245,0.2211,0.2244
OCEANUSDT,15,1652643900,0.2244,0.2266,0.2244,0.2262
OCEANUSDT,15,1652644800,0.2262,0.229,0.2247,0.228
OCEANUSDT,15,1652645700,0.228,0.2299,0.2275,0.2293
OCEANUSDT,15,1652646600,0.2293,0.2315,0.2286,0.2308
OCEANUSDT,15,1652647500,0.2308,0.2329,0.2303,0.2314
OCEANUSDT,15,1652648400,0.2314,0.2337,0.2313,0.2328
OCEANUSDT,15,1652649300,0.2328,0.2328,0.2315,0.2315
OCEANUSDT,15,1652650200,0.2315,0.2327,0.2304,0.232
OCEANUSDT,15,1652651100,0.232,0.2336,0.2315,0.2329
OCEANUSDT,15,1669935600,0.1374,0.1375,0.1374,0.1375
OCEANUSDT,15,1669935600,0.1374,0.1376,0.1373,0.1373
OCEANUSDT,1,1669935600,0.1374,0.1375,0.1374,0.1375
OCEANUSDT,1,1669935660,0.1375,0.1376,0.1375,0.1376
OCEANUSDT,1,1669935720,0.1376,0.1376,0.1374,0.1374
OCEANUSDT,1,1669935780,0.1374,0.1375,0.1373,0.1373
OCEANUSDT,1,1669935840,0.1373,0.1373,0.1373,0.1373
OCEANUSDT,1,1669935900,0.1373,0.1375,0.1373,0.1375
