symbol,period,start_at,open,high,low,close
ETHWUSDT,15,1663324200,13.163,13.584,13.149,13.582
ETHWUSDT,15,1663325100,13.582,13.612,12.655,12.92
ETHWUSDT,15,1663326000,12.92,13.01,12.705,12.705
ETHWUSDT,15,1663326900,12.705,12.946,12.625,12.835
ETHWUSDT,15,1663327800,12.835,12.993,12.815,12.926
ETHWUSDT,15,1663328700,12.926,13.39,12.895,13.102
ETHWUSDT,15,1663329600,13.102,13.22,13.009,13.064
ETHWUSDT,15,1663330500,13.064,13.175,13.051,13.137
ETHWUSDT,15,1663331400,13.137,13.137,12.999,13.08
ETHWUSDT,15,1663332300,13.08,13.105,12.81,12.9
ETHWUSDT,15,1663333200,12.9,13.069,12.873,13.0
ETHWUSDT,15,1663334100,13.0,13.169,12.906,13.121
ETHWUSDT,15,1663335000,13.121,13.157,12.937,13.033
ETHWUSDT,15,1663335900,13.033,13.034,11.76,11.83
ETHWUSDT,15,1663336800,11.83,12.286,11.791,12.22
ETHWUSDT,15,1663337700,12.22,12.345,12.169,12.187
ETHWUSDT,15,1663338600,12.187,12.205,11.54,11.569
ETHWUSDT,15,1663339500,11.569,11.966,11.561,11.872
ETHWUSDT,15,1663340400,11.872,12.056,11.734,12.05
ETHWUSDT,15,1663341300,12.05,12.09,11.853,11.918
ETHWUSDT,15,1663342200,11.918,11.965,11.836,11.94
ETHWUSDT,15,1663343100,11.94,11.966,11.858,11.94
ETHWUSDT,15,1663344000,11.94,11.94,11.223,11.245
ETHWUSDT,15,1663344900,11.245,11.286,10.912,11.035
ETHWUSDT,15,1663345800,11.035,11.083,10.78,10.899
ETHWUSDT,15,1663346700,10.899,11.153,10.849,11.079
ETHWUSDT,15,1663347600,11.079,11.135,10.645,10.672
ETHWUSDT,15,1663348500,10.672,10.69,10.377,10.398
ETHWUSDT,15,1663349400,10.398,10.6,10.139,10.363
ETHWUSDT,15,1663350300,10.363,10.491,10.14,10.14
ETHWUSDT,15,1663351200,10.14,10.217,9.21,9.232
ETHWUSDT,15,1663352100,9.232,9.529,9.163,9.478
ETHWUSDT,15,1663353000,9.478,9.505,9.209,9.239
ETHWUSDT,15,1663353900,9.239,9.264,9.114,9.131
ETHWUSDT,15,1663354800,9.131,9.226,9.131,9.176
ETHWUSDT,15,1663355700,9.176,9.188,9.059,9.066
ETHWUSDT,15,1663356600,9.066,9.11,8.881,8.927
ETHWUSDT,15,1663357500,8.927,8.951,8.043,8.066
ETHWUSDT,15,1663358400,8.066,9.056,8.024,8.713
ETHWUSDT,15,1663359300,8.713,8.956,8.493,8.903
ETHWUSDT,15,1663360200,8.903,9.299,8.779,8.797
ETHWUSDT,15,1663361100,8.797,9.106,8.601,8.692
ETHWUSDT,15,1663362000,8.692,8.692,8.262,8.3
ETHWUSDT,15,1663362900,8.3,8.402,8.09,8.14
ETHWUSDT,15,1663363800,8.14,8.25,8.11,8.194
ETHWUSDT,15,1663364700,8.194,8.351,8.186,8.233
ETHWUSDT,15,1663365600,8.233,8.271,8.103,8.137
ETHWUSDT,15,1663366500,8.137,8.358,8.126,8.289
ETHWUSDT,15,1663367400,8.289,8.396,8.161,8.202
ETHWUSDT,15,1663368300,8.202,8.325,8.147,8.264
ETHWUSDT,15,1663369200,8.264,8.82,8.25,8.688
ETHWUSDT,15,1663370100,8.688,8.753,8.572,8.705
ETHWUSDT,15,1663371000,8.705,9.52,8.705,9.408
ETHWUSDT,15,1663371900,9.408,9.413,9.06,9.203
ETHWUSDT,15,1663372800,9.203,10.008,9.16,9.943
ETHWUSDT,15,1663373700,9.943,9.991,9.651,9.911
ETHWUSDT,15,1663374600,9.911,10.271,9.838,10.255
ETHWUSDT,15,1663375500,10.255,10.265,9.648,9.648
ETHWUSDT,15,1663376400,9.648,9.755,9.254,9.491
ETHWUSDT,15,1663377300,9.491,9.781,9.39,9.755
ETHWUSDT,15,1663378200,9.755,9.895,9.709,9.717
ETHWUSDT,15,1663379100,9.717,9.735,9.517,9.721
ETHWUSDT,15,1663380000,9.721,9.766,9.593,9.593
ETHWUSDT,15,1663380900,9.593,9.827,9.52,9.696
ETHWUSDT,15,1663381800,9.696,9.734,9.643,9.705
ETHWUSDT,15,1663382700,9.705,9.709,9.326,9.393
ETHWUSDT,15,1663383600,9.393,9.405,9.095,9.251
ETHWUSDT,15,1663384500,9.251,9.572,9.251,9.426
ETHWUSDT,15,1663385400,9.426,9.44,9.211,9.375
ETHWUSDT,15,1663386300,9.375,9.558,9.37,9.473
ETHWUSDT,15,1663387200,9.473,9.725,9.472,9.709
ETHWUSDT,15,1663388100,9.709,10.125,9.705,10.125
ETHWUSDT,15,1663389000,10.125,10.152,9.62,9.622
ETHWUSDT,15,1663389900,9.622,9.899,9.62,9.896
ETHWUSDT,15,1663390800,9.896,10.983,9.775,10.68
ETHWUSDT,15,1663391700,10.68,10.681,10.22,10.529
ETHWUSDT,15,1663392600,10.529,10.589,10.249,10.485
ETHWUSDT,15,1663393500,10.485,10.485,10.342,10.414
ETHWUSDT,15,1663394400,10.414,10.6,9.876,9.881
ETHWUSDT,15,1663395300,9.881,10.345,9.844,10.308
ETHWUSDT,15,1663396200,10.308,10.33,10.08,10.205
ETHWUSDT,15,1663397100,10.205,10.275,10.11,10.207
ETHWUSDT,15,1663398000,10.207,10.4,10.183,10.256
ETHWUSDT,15,1663398900,10.256,10.293,10.13,10.231
ETHWUSDT,15,1663399800,10.231,10.239,9.477,9.624
ETHWUSDT,15,1663400700,9.624,9.79,9.49,9.646
ETHWUSDT,15,1663401600,9.646,9.815,9.555,9.8
ETHWUSDT,15,1663402500,9.8,9.95,9.759,9.829
ETHWUSDT,15,1663403400,9.829,9.84,9.646,9.677
ETHWUSDT,15,1663404300,9.677,9.794,9.646,9.666
ETHWUSDT,15,1663405200,9.666,9.705,9.381,9.408
ETHWUSDT,15,1663406100,9.408,9.645,9.395,9.542
ETHWUSDT,15,1663407000,9.542,9.609,9.291,9.292
ETHWUSDT,15,1663407900,9.292,9.41,9.111,9.18
ETHWUSDT,15,1663408800,9.18,9.325,9.12,9.243
ETHWUSDT,15,1663409700,9.243,9.255,8.606,8.875
ETHWUSDT,15,1669935600,4.048,4.051,4.03,4.039
ETHWUSDT,15,1669935600,4.048,4.099,4.03,4.093
ETHWUSDT,1,1669935600,4.048,4.051,4.03,4.033
ETHWUSDT,1,1669935660,4.033,4.045,4.032,4.045
ETHWUSDT,1,1669935720,4.045,4.057,4.043,4.057
ETHWUSDT,1,1669935780,4.057,4.084,4.057,4.082
ETHWUSDT,1,1669935840,4.082,4.099,4.082,4.099
ETHWUSDT,1,1669935900,4.099,4.099,4.08,4.084
