symbol,period,start_at,open,high,low,close
PAXGUSDT,15,1652565600,1813,1813,1811,1811
PAXGUSDT,15,1652566500,1811,1812,1811,1812
PAXGUSDT,15,1652567400,1812,1813,1811,1812
PAXGUSDT,15,1652568300,1812,1816,1811,1815
PAXGUSDT,15,1652569200,1815,1816,1810,1813
PAXGUSDT,15,1652570100,1813,1814,1810,1812
PAXGUSDT,15,1652571000,1812,1813,1811,1812
PAXGUSDT,15,1652571900,1812,1814,1811,1811
PAXGUSDT,15,1652572800,1811,1813,1811,1813
PAXGUSDT,15,1652573700,1813,1816,1810,1813
PAXGUSDT,15,1652574600,1813,1813,1812,1812
PAXGUSDT,15,1652575500,1812,1814,1810,1811
PAXGUSDT,15,1652576400,1811,1813,1810,1811
PAXGUSDT,15,1652577300,1811,1812,1810,1811
PAXGUSDT,15,1652578200,1811,1813,1810,1811
PAXGUSDT,15,1652579100,1811,1811,1810,1811
PAXGUSDT,15,1652580000,1811,1812,1811,1812
PAXGUSDT,15,1652580900,1812,1812,1811,1812
PAXGUSDT,15,1652581800,1812,1812,1810,1811
PAXGUSDT,15,1652582700,1811,1812,1810,1810
PAXGUSDT,15,1652583600,1810,1812,1810,1811
PAXGUSDT,15,1652584500,1811,1812,1811,1811
PAXGUSDT,15,1652585400,1811,1812,1811,1811
PAXGUSDT,15,1652586300,1811,1812,1811,1812
PAXGUSDT,15,1652587200,1812,1812,1810,1811
PAXGUSDT,15,1652588100,1811,1814,1810,1813
PAXGUSDT,15,1652589000,1813,1813,1810,1811
PAXGUSDT,15,1652589900,1811,1811,1808,1809
PAXGUSDT,15,1652590800,1809,1810,1808,1810
PAXGUSDT,15,1652591700,1810,1810,1808,1809
PAXGUSDT,15,1652592600,1809,1809,1808,1809
PAXGUSDT,15,1652593500,1809,1810,1808,1810
PAXGUSDT,15,1652594400,1810,1810,1809,1809
PAXGUSDT,15,1652595300,1809,1810,1808,1808
PAXGUSDT,15,1652596200,1808,1810,1808,1809
PAXGUSDT,15,1652597100,1809,1810,1809,1810
PAXGUSDT,15,1652598000,1810,1812,1809,1810
PAXGUSDT,15,1652598900,1810,1810,1809,1810
PAXGUSDT,15,1652599800,1810,1811,1809,1811
PAXGUSDT,15,1652600700,1811,1811,1810,1810
PAXGUSDT,15,1652601600,1810,1811,1810,1810
PAXGUSDT,15,1652602500,1810,1811,1808,1809
PAXGUSDT,15,1652603400,1809,1810,1808,1810
PAXGUSDT,15,1652604300,1810,1811,1810,1811
PAXGUSDT,15,1652605200,1811,1811,1810,1810
PAXGUSDT,15,1652606100,1810,1812,1810,1811
PAXGUSDT,15,1652607000,1811,1812,1811,1811
PAXGUSDT,15,1652607900,1811,1813,1811,1811
PAXGUSDT,15,1652608800,1811,1811,1811,1811
PAXGUSDT,15,1652609700,1811,1812,1811,1812
PAXGUSDT,15,1652610600,1812,1813,1811,1811
PAXGUSDT,15,1652611500,1811,1813,1811,1812
PAXGUSDT,15,1652612400,1812,1813,1811,1812
PAXGUSDT,15,1652613300,1812,1814,1810,1813
PAXGUSDT,15,1652614200,1813,1814,1812,1813
PAXGUSDT,15,1652615100,1813,1814,1812,1813
PAXGUSDT,15,1652616000,1813,1814,1812,1814
PAXGUSDT,15,1652616900,1814,1814,1811,1812
PAXGUSDT,15,1652617800,1812,1812,1810,1811
PAXGUSDT,15,1652618700,1811,1812,1810,1811
PAXGUSDT,15,1652619600,1811,1811,1810,1811
PAXGUSDT,15,1652620500,1811,1812,1810,1811
PAXGUSDT,15,1652621400,1811,1814,1810,1813
PAXGUSDT,15,1652622300,1813,1814,1811,1812
PAXGUSDT,15,1652623200,1812,1814,1812,1813
PAXGUSDT,15,1652624100,1813,1814,1810,1811
PAXGUSDT,15,1652625000,1811,1812,1810,1812
PAXGUSDT,15,1652625900,1812,1814,1812,1813
PAXGUSDT,15,1652626800,1813,1814,1810,1811
PAXGUSDT,15,1652627700,1811,1813,1809,1813
PAXGUSDT,15,1652628600,1813,1814,1811,1812
PAXGUSDT,15,1652629500,1812,1814,1812,1814
PAXGUSDT,15,1652630400,1814,1814,1812,1813
PAXGUSDT,15,1652631300,1813,1813,1810,1811
PAXGUSDT,15,1652632200,1811,1813,1811,1812
PAXGUSDT,15,1652633100,1812,1813,1810,1811
PAXGUSDT,15,1652634000,1811,1812,1811,1811
PAXGUSDT,15,1652634900,1811,1812,1811,1812
PAXGUSDT,15,1652635800,1812,1812,1811,1811
PAXGUSDT,15,1652636700,1811,1811,1810,1811
PAXGUSDT,15,1652637600,1811,1814,1811,1813
PAXGUSDT,15,1652638500,1813,1814,1813,1813
PAXGUSDT,15,1652639400,1813,1815,1812,1812
PAXGUSDT,15,1652640300,1812,1815,1812,1812
PAXGUSDT,15,1652641200,1812,1813,1812,1813
PAXGUSDT,15,1652642100,1813,1815,1813,1815
PAXGUSDT,15,1652643000,1815,1815,1812,1813
PAXGUSDT,15,1652643900,1813,1815,1812,1813
PAXGUSDT,15,1652644800,1813,1818,1812,1815
PAXGUSDT,15,1652645700,1815,1816,1813,1815
PAXGUSDT,15,1652646600,1815,1815,1812,1813
PAXGUSDT,15,1652647500,1813,1815,1813,1814
PAXGUSDT,15,1652648400,1814,1815,1814,1814
PAXGUSDT,15,1652649300,1814,1817,1813,1813
PAXGUSDT,15,1652650200,1813,1814,1813,1814
PAXGUSDT,15,1652651100,1814,1815,1812,1813
PAXGUSDT,15,1669935600,1787,1787,1787,1787
PAXGUSDT,15,1669935600,1787,1787,1787,1787
PAXGUSDT,1,1669935600,1787,1787,1787,1787
PAXGUSDT,1,1669935660,1787,1787,1787,1787
PAXGUSDT,1,1669935720,1787,1787,1787,1787
PAXGUSDT,1,1669935780,1787,1787,1787,1787
PAXGUSDT,1,1669935840,1787,1787,1787,1787
PAXGUSDT,1,1669935900,1787,1787,1787,1787
