symbol,period,start_at,open,high,low,close
LUNA2USDT,15,1653984900,8.74,8.898,8.74,8.828
LUNA2USDT,15,1653985800,8.828,8.828,8.508,8.707
LUNA2USDT,15,1653986700,8.707,8.751,8.384,8.488
LUNA2USDT,15,1653987600,8.488,8.552,8.342,8.435
LUNA2USDT,15,1653988500,8.435,8.489,8.321,8.425
LUNA2USDT,15,1653989400,8.425,8.564,8.4,8.468
LUNA2USDT,15,1653990300,8.468,8.716,8.441,8.641
LUNA2USDT,15,1653991200,8.641,8.739,8.546,8.739
LUNA2USDT,15,1653992100,8.739,8.786,8.468,8.528
LUNA2USDT,15,1653993000,8.528,8.892,8.528,8.892
LUNA2USDT,15,1653993900,8.892,9.542,8.748,9.48
LUNA2USDT,15,1653994800,9.48,9.926,9.401,9.841
LUNA2USDT,15,1653995700,9.841,10.486,9.81,10.063
LUNA2USDT,15,1653996600,10.063,10.32,9.851,10.136
LUNA2USDT,15,1653997500,10.136,10.233,9.669,9.85
LUNA2USDT,15,1653998400,9.85,9.92,9.481,9.633
LUNA2USDT,15,1653999300,9.633,9.961,9.585,9.857
LUNA2USDT,15,1654000200,9.857,9.91,9.505,9.505
LUNA2USDT,15,1654001100,9.505,9.692,9.221,9.3
LUNA2USDT,15,1654002000,9.3,9.598,9.254,9.559
LUNA2USDT,15,1654002900,9.559,9.8,9.475,9.75
LUNA2USDT,15,1654003800,9.75,9.803,9.092,9.215
LUNA2USDT,15,1654004700,9.215,9.316,8.721,9.007
LUNA2USDT,15,1654005600,9.007,9.007,8.641,8.97
LUNA2USDT,15,1654006500,8.97,9.238,8.926,9.087
LUNA2USDT,15,1654007400,9.087,9.154,8.972,9.12
LUNA2USDT,15,1654008300,9.12,9.291,9.064,9.104
LUNA2USDT,15,1654009200,9.104,9.169,8.806,8.948
LUNA2USDT,15,1654010100,8.948,9.001,8.75,8.923
LUNA2USDT,15,1654011000,8.923,9.195,8.899,9.158
LUNA2USDT,15,1654011900,9.158,9.41,9.076,9.276
LUNA2USDT,15,1654012800,9.276,9.72,9.147,9.379
LUNA2USDT,15,1654013700,9.379,9.509,9.141,9.369
LUNA2USDT,15,1654014600,9.369,9.609,9.272,9.599
LUNA2USDT,15,1654015500,9.599,9.619,9.374,9.375
LUNA2USDT,15,1654016400,9.375,9.468,9.17,9.353
LUNA2USDT,15,1654017300,9.353,9.376,9.033,9.052
LUNA2USDT,15,1654018200,9.052,9.217,9.052,9.176
LUNA2USDT,15,1654019100,9.176,9.305,9.107,9.303
LUNA2USDT,15,1654020000,9.303,9.36,9.181,9.211
LUNA2USDT,15,1654020900,9.211,9.234,9.061,9.092
LUNA2USDT,15,1654021800,9.092,9.173,8.799,8.889
LUNA2USDT,15,1654022700,8.889,8.976,8.778,8.821
LUNA2USDT,15,1654023600,8.821,8.821,8.52,8.646
LUNA2USDT,15,1654024500,8.646,8.821,8.646,8.727
LUNA2USDT,15,1654025400,8.727,8.774,8.577,8.644
LUNA2USDT,15,1654026300,8.644,8.673,8.564,8.662
LUNA2USDT,15,1654027200,8.662,8.753,8.654,8.693
LUNA2USDT,15,1654028100,8.693,8.695,8.568,8.568
LUNA2USDT,15,1654029000,8.568,8.57,8.236,8.332
LUNA2USDT,15,1654029900,8.332,8.455,8.313,8.407
LUNA2USDT,15,1654030800,8.407,8.576,8.407,8.501
LUNA2USDT,15,1654031700,8.501,8.522,8.375,8.508
LUNA2USDT,15,1654032600,8.508,8.522,8.355,8.396
LUNA2USDT,15,1654033500,8.396,8.454,8.261,8.293
LUNA2USDT,15,1654034400,8.293,8.397,8.211,8.352
LUNA2USDT,15,1654035300,8.352,8.455,8.317,8.431
LUNA2USDT,15,1654036200,8.431,8.823,8.431,8.732
LUNA2USDT,15,1654037100,8.732,9.086,8.732,8.785
LUNA2USDT,15,1654038000,8.785,8.911,8.665,8.772
LUNA2USDT,15,1654038900,8.772,8.861,8.672,8.782
LUNA2USDT,15,1654039800,8.782,9.115,8.777,9.09
LUNA2USDT,15,1654040700,9.09,9.196,8.774,8.869
LUNA2USDT,15,1654041600,8.869,8.962,8.701,8.775
LUNA2USDT,15,1654042500,8.775,8.852,8.593,8.658
LUNA2USDT,15,1654043400,8.658,8.791,8.635,8.769
LUNA2USDT,15,1654044300,8.769,8.769,8.48,8.591
LUNA2USDT,15,1654045200,8.591,8.622,8.494,8.594
LUNA2USDT,15,1654046100,8.594,8.685,8.541,8.589
LUNA2USDT,15,1654047000,8.589,8.7,8.575,8.637
LUNA2USDT,15,1654047900,8.637,8.884,8.582,8.819
LUNA2USDT,15,1654048800,8.819,8.82,8.672,8.746
LUNA2USDT,15,1654049700,8.746,8.748,8.554,8.58
LUNA2USDT,15,1654050600,8.58,8.66,8.563,8.648
LUNA2USDT,15,1654051500,8.648,8.651,8.399,8.439
LUNA2USDT,15,1654052400,8.439,8.511,8.41,8.486
LUNA2USDT,15,1654053300,8.486,8.585,8.431,8.58
LUNA2USDT,15,1654054200,8.58,8.589,8.483,8.487
LUNA2USDT,15,1654055100,8.487,8.504,8.318,8.37
LUNA2USDT,15,1654056000,8.37,8.453,7.477,7.513
LUNA2USDT,15,1654056900,7.513,7.749,7.466,7.627
LUNA2USDT,15,1654057800,7.627,7.884,7.582,7.747
LUNA2USDT,15,1654058700,7.747,7.84,7.608,7.616
LUNA2USDT,15,1654059600,7.616,7.718,7.53,7.613
LUNA2USDT,15,1654060500,7.613,7.671,6.998,7.219
LUNA2USDT,15,1654061400,7.219,7.219,6.665,6.94
LUNA2USDT,15,1654062300,6.94,7.15,6.938,7.103
LUNA2USDT,15,1654063200,7.103,7.327,7.062,7.1
LUNA2USDT,15,1654064100,7.1,7.181,6.886,7.142
LUNA2USDT,15,1654065000,7.142,7.298,7.104,7.21
LUNA2USDT,15,1654065900,7.21,7.228,7.107,7.165
LUNA2USDT,15,1654066800,7.165,7.236,7.097,7.236
LUNA2USDT,15,1654067700,7.236,7.246,7.107,7.17
LUNA2USDT,15,1654068600,7.17,7.17,6.809,6.909
LUNA2USDT,15,1654069500,6.909,6.974,6.826,6.914
LUNA2USDT,15,1654070400,6.914,7.144,6.85,7.143
LUNA2USDT,15,1669935600,1.629,1.629,1.627,1.627
LUNA2USDT,15,1669935600,1.629,1.629,1.627,1.628
LUNA2USDT,1,1669935600,1.629,1.629,1.627,1.628
LUNA2USDT,1,1669935660,1.628,1.628,1.627,1.627
LUNA2USDT,1,1669935720,1.627,1.628,1.627,1.628
LUNA2USDT,1,1669935780,1.628,1.629,1.628,1.629
LUNA2USDT,1,1669935840,1.629,1.629,1.629,1.629
LUNA2USDT,1,1669935900,1.629,1.629,1.628,1.628
