symbol,period,start_at,open,high,low,close
ICPUSDT,15,1652565600,8.35,8.42,8.33,8.39
ICPUSDT,15,1652566500,8.39,8.39,8.34,8.35
ICPUSDT,15,1652567400,8.35,8.39,8.34,8.37
ICPUSDT,15,1652568300,8.37,8.49,8.35,8.45
ICPUSDT,15,1652569200,8.45,8.48,8.38,8.41
ICPUSDT,15,1652570100,8.41,8.5,8.41,8.5
ICPUSDT,15,1652571000,8.5,8.54,8.44,8.54
ICPUSDT,15,1652571900,8.54,8.58,8.51,8.53
ICPUSDT,15,1652572800,8.53,8.59,8.45,8.48
ICPUSDT,15,1652573700,8.48,8.69,8.48,8.66
ICPUSDT,15,1652574600,8.66,8.7,8.53,8.54
ICPUSDT,15,1652575500,8.54,8.6,8.47,8.57
ICPUSDT,15,1652576400,8.57,8.58,8.33,8.34
ICPUSDT,15,1652577300,8.34,8.37,8.3,8.3
ICPUSDT,15,1652578200,8.3,8.33,8.25,8.28
ICPUSDT,15,1652579100,8.28,8.36,8.27,8.29
ICPUSDT,15,1652580000,8.29,8.38,8.23,8.36
ICPUSDT,15,1652580900,8.36,8.36,8.17,8.18
ICPUSDT,15,1652581800,8.18,8.18,8.07,8.1
ICPUSDT,15,1652582700,8.1,8.15,8.07,8.11
ICPUSDT,15,1652583600,8.11,8.15,8.08,8.08
ICPUSDT,15,1652584500,8.08,8.12,8.05,8.12
ICPUSDT,15,1652585400,8.12,8.15,8.08,8.12
ICPUSDT,15,1652586300,8.12,8.21,8.12,8.19
ICPUSDT,15,1652587200,8.19,8.2,8.14,8.19
ICPUSDT,15,1652588100,8.19,8.21,8.18,8.19
ICPUSDT,15,1652589000,8.19,8.2,8.13,8.18
ICPUSDT,15,1652589900,8.18,8.22,8.18,8.2
ICPUSDT,15,1652590800,8.2,8.2,8.11,8.15
ICPUSDT,15,1652591700,8.15,8.15,8.13,8.14
ICPUSDT,15,1652592600,8.14,8.33,8.14,8.33
ICPUSDT,15,1652593500,8.33,8.42,8.3,8.36
ICPUSDT,15,1652594400,8.36,8.47,8.35,8.44
ICPUSDT,15,1652595300,8.44,8.66,8.42,8.62
ICPUSDT,15,1652596200,8.62,8.69,8.61,8.64
ICPUSDT,15,1652597100,8.64,8.72,8.62,8.71
ICPUSDT,15,1652598000,8.71,8.81,8.71,8.76
ICPUSDT,15,1652598900,8.76,9.02,8.75,8.94
ICPUSDT,15,1652599800,8.94,8.97,8.86,8.92
ICPUSDT,15,1652600700,8.92,8.92,8.64,8.67
ICPUSDT,15,1652601600,8.67,8.69,8.59,8.61
ICPUSDT,15,1652602500,8.61,8.71,8.58,8.65
ICPUSDT,15,1652603400,8.65,8.67,8.54,8.59
ICPUSDT,15,1652604300,8.59,8.63,8.52,8.62
ICPUSDT,15,1652605200,8.62,8.67,8.48,8.48
ICPUSDT,15,1652606100,8.48,8.65,8.48,8.61
ICPUSDT,15,1652607000,8.61,8.72,8.61,8.71
ICPUSDT,15,1652607900,8.71,8.73,8.63,8.64
ICPUSDT,15,1652608800,8.64,8.66,8.52,8.53
ICPUSDT,15,1652609700,8.53,8.54,8.49,8.51
ICPUSDT,15,1652610600,8.51,8.57,8.5,8.55
ICPUSDT,15,1652611500,8.55,8.67,8.54,8.66
ICPUSDT,15,1652612400,8.66,8.74,8.64,8.68
ICPUSDT,15,1652613300,8.68,8.72,8.62,8.72
ICPUSDT,15,1652614200,8.72,8.83,8.71,8.79
ICPUSDT,15,1652615100,8.79,8.85,8.76,8.77
ICPUSDT,15,1652616000,8.77,8.87,8.76,8.82
ICPUSDT,15,1652616900,8.82,8.86,8.72,8.72
ICPUSDT,15,1652617800,8.72,8.75,8.63,8.68
ICPUSDT,15,1652618700,8.68,8.7,8.61,8.62
ICPUSDT,15,1652619600,8.62,8.62,8.51,8.57
ICPUSDT,15,1652620500,8.57,8.58,8.44,8.47
ICPUSDT,15,1652621400,8.47,8.47,8.43,8.43
ICPUSDT,15,1652622300,8.43,8.47,8.37,8.43
ICPUSDT,15,1652623200,8.43,8.48,8.32,8.4
ICPUSDT,15,1652624100,8.4,8.41,8.3,8.34
ICPUSDT,15,1652625000,8.34,8.45,8.31,8.43
ICPUSDT,15,1652625900,8.43,8.49,8.38,8.48
ICPUSDT,15,1652626800,8.48,8.58,8.47,8.56
ICPUSDT,15,1652627700,8.56,8.59,8.53,8.54
ICPUSDT,15,1652628600,8.54,8.54,8.42,8.43
ICPUSDT,15,1652629500,8.43,8.45,8.35,8.43
ICPUSDT,15,1652630400,8.43,8.49,8.4,8.44
ICPUSDT,15,1652631300,8.44,8.58,8.44,8.58
ICPUSDT,15,1652632200,8.58,8.67,8.55,8.59
ICPUSDT,15,1652633100,8.59,8.67,8.56,8.64
ICPUSDT,15,1652634000,8.64,8.69,8.63,8.68
ICPUSDT,15,1652634900,8.68,8.69,8.59,8.67
ICPUSDT,15,1652635800,8.67,8.67,8.59,8.62
ICPUSDT,15,1652636700,8.62,8.64,8.57,8.62
ICPUSDT,15,1652637600,8.62,8.7,8.62,8.67
ICPUSDT,15,1652638500,8.67,8.68,8.62,8.64
ICPUSDT,15,1652639400,8.64,8.85,8.64,8.83
ICPUSDT,15,1652640300,8.83,8.89,8.8,8.83
ICPUSDT,15,1652641200,8.83,8.84,8.79,8.81
ICPUSDT,15,1652642100,8.81,8.84,8.8,8.81
ICPUSDT,15,1652643000,8.81,8.85,8.81,8.83
ICPUSDT,15,1652643900,8.83,8.9,8.83,8.89
ICPUSDT,15,1652644800,8.89,9.0,8.82,8.98
ICPUSDT,15,1652645700,8.98,8.99,8.89,8.91
ICPUSDT,15,1652646600,8.91,8.99,8.9,8.95
ICPUSDT,15,1652647500,8.95,8.99,8.93,8.98
ICPUSDT,15,1652648400,8.98,9.01,8.94,8.95
ICPUSDT,15,1652649300,8.95,8.95,8.91,8.92
ICPUSDT,15,1652650200,8.92,8.94,8.9,8.94
ICPUSDT,15,1652651100,8.94,9.0,8.93,9.0
ICPUSDT,15,1669935600,4.13,4.13,4.13,4.13
ICPUSDT,15,1669935600,4.13,4.13,4.13,4.13
ICPUSDT,1,1669935600,4.13,4.13,4.13,4.13
ICPUSDT,1,1669935660,4.13,4.13,4.13,4.13
ICPUSDT,1,1669935720,4.13,4.13,4.13,4.13
ICPUSDT,1,1669935780,4.13,4.13,4.13,4.13
ICPUSDT,1,1669935840,4.13,4.13,4.13,4.13
ICPUSDT,1,1669935900,4.13,4.13,4.13,4.13
