symbol,period,start_at,open,high,low,close
BNBUSDT,15,1652652000,309.14,311.32,309.02,309.98
BNBUSDT,15,1652652900,309.98,311.23,309.52,310.23
BNBUSDT,15,1652653800,310.23,311.13,309.72,310.49
BNBUSDT,15,1652654700,310.49,311.32,309.42,309.42
BNBUSDT,15,1652655600,309.42,310.82,309.32,310.02
BNBUSDT,15,1652656500,310.02,311.6,310.02,311.31
BNBUSDT,15,1652657400,311.31,312.01,310.72,311.8
BNBUSDT,15,1652658300,311.8,312.61,311.32,312.3
BNBUSDT,15,1652659200,312.3,312.5,309.45,309.46
BNBUSDT,15,1652660100,309.46,309.46,307.25,308.05
BNBUSDT,15,1652661000,308.05,308.34,306.71,307.33
BNBUSDT,15,1652661900,307.33,307.95,306.66,307.44
BNBUSDT,15,1652662800,307.44,308.71,305.85,306.8
BNBUSDT,15,1652663700,306.8,307.15,305.42,306.04
BNBUSDT,15,1652664600,306.04,306.04,302.73,302.85
BNBUSDT,15,1652665500,302.85,304.43,302.53,304.12
BNBUSDT,15,1652666400,304.12,304.23,301.94,302.83
BNBUSDT,15,1652667300,302.83,304.13,302.83,303.82
BNBUSDT,15,1652668200,303.82,304.92,303.73,304.04
BNBUSDT,15,1652669100,304.04,304.04,302.74,303.84
BNBUSDT,15,1652670000,303.84,304.22,302.01,302.59
BNBUSDT,15,1652670900,302.59,303.04,301.24,301.54
BNBUSDT,15,1652671800,301.54,302.13,301.01,301.13
BNBUSDT,15,1652672700,301.13,301.63,300.04,301.35
BNBUSDT,15,1652673600,301.35,301.44,298.99,299.68
BNBUSDT,15,1652674500,299.68,301.32,299.13,300.91
BNBUSDT,15,1652675400,300.91,301.72,299.62,301.72
BNBUSDT,15,1652676300,301.72,302.22,300.93,301.73
BNBUSDT,15,1652677200,301.73,303.11,301.5,302.92
BNBUSDT,15,1652678100,302.92,303.19,302.0,302.81
BNBUSDT,15,1652679000,302.81,303.09,302.31,302.83
BNBUSDT,15,1652679900,302.83,303.0,301.13,301.69
BNBUSDT,15,1652680800,301.69,301.69,296.3,297.18
BNBUSDT,15,1652681700,297.18,297.3,292.43,293.34
BNBUSDT,15,1652682600,293.34,294.32,291.73,294.27
BNBUSDT,15,1652683500,294.27,294.37,292.12,292.83
BNBUSDT,15,1652684400,292.83,292.83,290.49,290.5
BNBUSDT,15,1652685300,290.5,293.12,290.31,292.93
BNBUSDT,15,1652686200,292.93,295.32,292.51,295.01
BNBUSDT,15,1652687100,295.01,295.92,293.51,294.02
BNBUSDT,15,1652688000,294.02,295.51,293.83,294.72
BNBUSDT,15,1652688900,294.72,296.21,294.54,295.24
BNBUSDT,15,1652689800,295.24,297.05,294.82,296.93
BNBUSDT,15,1652690700,296.93,297.13,295.95,296.54
BNBUSDT,15,1652691600,296.54,296.54,293.5,294.14
BNBUSDT,15,1652692500,294.14,294.53,291.7,292.51
BNBUSDT,15,1652693400,292.51,293.81,292.0,293.39
BNBUSDT,15,1652694300,293.39,295.04,293.3,293.35
BNBUSDT,15,1652695200,293.35,295.3,291.41,295.11
BNBUSDT,15,1652696100,295.11,296.94,295.04,296.15
BNBUSDT,15,1652697000,296.15,298.69,296.02,298.34
BNBUSDT,15,1652697900,298.34,300.09,297.61,299.83
BNBUSDT,15,1652698800,299.83,300.0,298.23,298.72
BNBUSDT,15,1652699700,298.72,300.66,297.34,300.42
BNBUSDT,15,1652700600,300.42,301.64,298.6,299.23
BNBUSDT,15,1652701500,299.23,299.54,297.8,298.11
BNBUSDT,15,1652702400,298.11,299.01,295.61,297.84
BNBUSDT,15,1652703300,297.84,301.32,295.8,300.99
BNBUSDT,15,1652704200,300.99,302.9,298.49,299.52
BNBUSDT,15,1652705100,299.52,299.93,298.39,299.1
BNBUSDT,15,1652706000,299.1,301.21,298.41,299.52
BNBUSDT,15,1652706900,299.52,299.8,297.2,297.73
BNBUSDT,15,1652707800,297.73,299.22,296.0,297.3
BNBUSDT,15,1652708700,297.3,297.48,294.09,294.7
BNBUSDT,15,1652709600,294.7,297.58,294.09,296.09
BNBUSDT,15,1652710500,296.09,298.22,296.09,297.93
BNBUSDT,15,1652711400,297.93,298.22,295.18,295.99
BNBUSDT,15,1652712300,295.99,296.01,294.11,294.37
BNBUSDT,15,1652713200,294.37,296.28,294.19,295.19
BNBUSDT,15,1652714100,295.19,296.48,295.08,295.39
BNBUSDT,15,1652715000,295.39,295.48,292.69,293.51
BNBUSDT,15,1652715900,293.51,296.41,293.31,295.83
BNBUSDT,15,1652716800,295.83,296.54,293.72,294.52
BNBUSDT,15,1652717700,294.52,294.91,293.4,294.24
BNBUSDT,15,1652718600,294.24,295.63,292.74,293.03
BNBUSDT,15,1652719500,293.03,294.03,292.21,293.14
BNBUSDT,15,1652720400,293.14,295.54,292.64,294.65
BNBUSDT,15,1652721300,294.65,297.01,294.0,296.85
BNBUSDT,15,1652722200,296.85,298.2,296.73,297.84
BNBUSDT,15,1652723100,297.84,298.32,297.34,298.21
BNBUSDT,15,1652724000,298.21,300.03,297.43,299.76
BNBUSDT,15,1652724900,299.76,300.23,299.14,300.02
BNBUSDT,15,1652725800,300.02,300.7,299.2,300.14
BNBUSDT,15,1652726700,300.14,300.41,299.03,299.85
BNBUSDT,15,1652727600,299.85,301.03,299.24,299.45
BNBUSDT,15,1652728500,299.45,300.02,299.0,299.51
BNBUSDT,15,1652729400,299.51,299.51,298.75,299.24
BNBUSDT,15,1652730300,299.24,300.22,297.13,297.8
BNBUSDT,15,1652731200,297.8,298.72,297.4,298.32
BNBUSDT,15,1652732100,298.32,299.19,298.0,298.8
BNBUSDT,15,1652733000,298.8,299.5,294.84,295.03
BNBUSDT,15,1652733900,295.03,298.19,295.03,298.11
BNBUSDT,15,1652734800,298.11,300.7,298.09,299.14
BNBUSDT,15,1652735700,299.14,300.21,299.0,299.2
BNBUSDT,15,1652736600,299.2,301.03,299.02,301.0
BNBUSDT,15,1652737500,301.0,301.17,299.31,300.62
