symbol,period,start_at,open,high,low,close
WOOUSDT,15,1652565600,0.1948,0.1953,0.1933,0.1951
WOOUSDT,15,1652566500,0.1951,0.1954,0.1931,0.1932
WOOUSDT,15,1652567400,0.1932,0.1934,0.1929,0.1932
WOOUSDT,15,1652568300,0.1932,0.1999,0.1932,0.1985
WOOUSDT,15,1652569200,0.1985,0.1992,0.1978,0.1982
WOOUSDT,15,1652570100,0.1982,0.2002,0.1978,0.1993
WOOUSDT,15,1652571000,0.1993,0.2048,0.1989,0.2045
WOOUSDT,15,1652571900,0.2045,0.2065,0.2035,0.2049
WOOUSDT,15,1652572800,0.2049,0.2055,0.1998,0.2014
WOOUSDT,15,1652573700,0.2014,0.2053,0.2014,0.2049
WOOUSDT,15,1652574600,0.2049,0.206,0.2033,0.2036
WOOUSDT,15,1652575500,0.2036,0.2036,0.2027,0.203
WOOUSDT,15,1652576400,0.203,0.2033,0.2011,0.2015
WOOUSDT,15,1652577300,0.2015,0.2018,0.1986,0.1996
WOOUSDT,15,1652578200,0.1996,0.2003,0.1989,0.2003
WOOUSDT,15,1652579100,0.2003,0.2004,0.1987,0.1987
WOOUSDT,15,1652580000,0.1987,0.2003,0.1974,0.1974
WOOUSDT,15,1652580900,0.1974,0.1974,0.1951,0.1954
WOOUSDT,15,1652581800,0.1954,0.1954,0.1941,0.1942
WOOUSDT,15,1652582700,0.1942,0.1947,0.1938,0.1943
WOOUSDT,15,1652583600,0.1943,0.1948,0.1933,0.1933
WOOUSDT,15,1652584500,0.1933,0.1933,0.1896,0.19
WOOUSDT,15,1652585400,0.19,0.1919,0.1899,0.1916
WOOUSDT,15,1652586300,0.1916,0.193,0.1916,0.1928
WOOUSDT,15,1652587200,0.1928,0.1943,0.1921,0.1943
WOOUSDT,15,1652588100,0.1943,0.1945,0.1936,0.1942
WOOUSDT,15,1652589000,0.1942,0.1942,0.1914,0.1921
WOOUSDT,15,1652589900,0.1921,0.1938,0.192,0.1933
WOOUSDT,15,1652590800,0.1933,0.1939,0.1926,0.1932
WOOUSDT,15,1652591700,0.1932,0.1956,0.1932,0.1949
WOOUSDT,15,1652592600,0.1949,0.1963,0.1947,0.1963
WOOUSDT,15,1652593500,0.1963,0.1986,0.1961,0.1981
WOOUSDT,15,1652594400,0.1981,0.1996,0.1979,0.1979
WOOUSDT,15,1652595300,0.1979,0.1987,0.1974,0.1987
WOOUSDT,15,1652596200,0.1987,0.1987,0.1974,0.1974
WOOUSDT,15,1652597100,0.1974,0.199,0.1972,0.1989
WOOUSDT,15,1652598000,0.1989,0.2006,0.1988,0.1998
WOOUSDT,15,1652598900,0.1998,0.2001,0.1986,0.1989
WOOUSDT,15,1652599800,0.1989,0.199,0.198,0.1989
WOOUSDT,15,1652600700,0.1989,0.1989,0.1972,0.1975
WOOUSDT,15,1652601600,0.1975,0.1977,0.1962,0.1962
WOOUSDT,15,1652602500,0.1962,0.1976,0.1954,0.1976
WOOUSDT,15,1652603400,0.1976,0.199,0.1976,0.1987
WOOUSDT,15,1652604300,0.1987,0.1987,0.1968,0.1973
WOOUSDT,15,1652605200,0.1973,0.1978,0.1965,0.1966
WOOUSDT,15,1652606100,0.1966,0.1979,0.1966,0.1973
WOOUSDT,15,1652607000,0.1973,0.1984,0.1972,0.1984
WOOUSDT,15,1652607900,0.1984,0.1997,0.1984,0.1992
WOOUSDT,15,1652608800,0.1992,0.1994,0.1975,0.198
WOOUSDT,15,1652609700,0.198,0.1981,0.1971,0.1981
WOOUSDT,15,1652610600,0.1981,0.1995,0.1973,0.1989
WOOUSDT,15,1652611500,0.1989,0.2002,0.1989,0.2001
WOOUSDT,15,1652612400,0.2001,0.2004,0.1994,0.1995
WOOUSDT,15,1652613300,0.1995,0.2006,0.198,0.2005
WOOUSDT,15,1652614200,0.2005,0.2028,0.2002,0.2024
WOOUSDT,15,1652615100,0.2024,0.2044,0.2021,0.204
WOOUSDT,15,1652616000,0.204,0.2067,0.204,0.2058
WOOUSDT,15,1652616900,0.2058,0.208,0.2058,0.2059
WOOUSDT,15,1652617800,0.2059,0.206,0.2044,0.2057
WOOUSDT,15,1652618700,0.2057,0.2066,0.2041,0.2046
WOOUSDT,15,1652619600,0.2046,0.2046,0.2032,0.2042
WOOUSDT,15,1652620500,0.2042,0.2042,0.2019,0.2028
WOOUSDT,15,1652621400,0.2028,0.2047,0.2021,0.2031
WOOUSDT,15,1652622300,0.2031,0.2033,0.2022,0.2031
WOOUSDT,15,1652623200,0.2031,0.2035,0.2002,0.2007
WOOUSDT,15,1652624100,0.2007,0.2007,0.1983,0.1992
WOOUSDT,15,1652625000,0.1992,0.2001,0.1977,0.1997
WOOUSDT,15,1652625900,0.1997,0.2004,0.1997,0.2002
WOOUSDT,15,1652626800,0.2002,0.2054,0.2001,0.2046
WOOUSDT,15,1652627700,0.2046,0.2046,0.2025,0.203
WOOUSDT,15,1652628600,0.203,0.2033,0.2009,0.2015
WOOUSDT,15,1652629500,0.2015,0.2024,0.1997,0.2024
WOOUSDT,15,1652630400,0.2024,0.2036,0.2021,0.2022
WOOUSDT,15,1652631300,0.2022,0.2032,0.2022,0.2032
WOOUSDT,15,1652632200,0.2032,0.2054,0.2027,0.2054
WOOUSDT,15,1652633100,0.2054,0.2054,0.2044,0.2051
WOOUSDT,15,1652634000,0.2051,0.2058,0.2046,0.2058
WOOUSDT,15,1652634900,0.2058,0.2064,0.2054,0.206
WOOUSDT,15,1652635800,0.206,0.2064,0.205,0.2052
WOOUSDT,15,1652636700,0.2052,0.2052,0.204,0.2046
WOOUSDT,15,1652637600,0.2046,0.2049,0.2035,0.2045
WOOUSDT,15,1652638500,0.2045,0.2064,0.2045,0.2059
WOOUSDT,15,1652639400,0.2059,0.2091,0.2058,0.2089
WOOUSDT,15,1652640300,0.2089,0.2092,0.2037,0.2044
WOOUSDT,15,1652641200,0.2044,0.2044,0.2022,0.2023
WOOUSDT,15,1652642100,0.2023,0.2023,0.199,0.1992
WOOUSDT,15,1652643000,0.1992,0.2025,0.1992,0.2022
WOOUSDT,15,1652643900,0.2022,0.2041,0.2022,0.204
WOOUSDT,15,1652644800,0.204,0.2067,0.2038,0.2061
WOOUSDT,15,1652645700,0.2061,0.2101,0.2061,0.2089
WOOUSDT,15,1652646600,0.2089,0.2096,0.2081,0.2084
WOOUSDT,15,1652647500,0.2084,0.2102,0.2078,0.2102
WOOUSDT,15,1652648400,0.2102,0.2155,0.21,0.2139
WOOUSDT,15,1652649300,0.2139,0.2139,0.2119,0.2126
WOOUSDT,15,1652650200,0.2126,0.2126,0.2078,0.2088
WOOUSDT,15,1652651100,0.2088,0.2097,0.2081,0.2097
WOOUSDT,15,1669935600,0.1249,0.1253,0.1249,0.125
WOOUSDT,15,1669935600,0.1249,0.1253,0.1248,0.1249
WOOUSDT,1,1669935600,0.1249,0.1253,0.1249,0.1251
WOOUSDT,1,1669935660,0.1251,0.1251,0.1249,0.125
WOOUSDT,1,1669935720,0.125,0.125,0.1249,0.1249
WOOUSDT,1,1669935780,0.1249,0.1249,0.1248,0.1248
WOOUSDT,1,1669935840,0.1248,0.1249,0.1248,0.1249
WOOUSDT,1,1669935900,0.1249,0.1249,0.1249,0.1249
