symbol,period,start_at,open,high,low,close
STMXUSDT,15,1652565600,0.009729,0.009803,0.009729,0.009765
STMXUSDT,15,1652566500,0.009765,0.00977,0.00966,0.009674
STMXUSDT,15,1652567400,0.009674,0.009793,0.009674,0.009793
STMXUSDT,15,1652568300,0.009793,0.010038,0.00978,0.009993
STMXUSDT,15,1652569200,0.009993,0.010018,0.009936,0.009936
STMXUSDT,15,1652570100,0.009936,0.01002,0.00993,0.010012
STMXUSDT,15,1652571000,0.010012,0.010142,0.009973,0.010142
STMXUSDT,15,1652571900,0.010142,0.010189,0.010079,0.010099
STMXUSDT,15,1652572800,0.010099,0.010191,0.010061,0.010104
STMXUSDT,15,1652573700,0.010104,0.010294,0.010104,0.01024
STMXUSDT,15,1652574600,0.01024,0.010271,0.010142,0.010152
STMXUSDT,15,1652575500,0.010152,0.010162,0.010111,0.010142
STMXUSDT,15,1652576400,0.010142,0.01021,0.010061,0.010071
STMXUSDT,15,1652577300,0.010071,0.010109,0.010001,0.010001
STMXUSDT,15,1652578200,0.010001,0.010041,0.009881,0.009931
STMXUSDT,15,1652579100,0.009931,0.009971,0.009901,0.009921
STMXUSDT,15,1652580000,0.009921,0.009992,0.009832,0.009832
STMXUSDT,15,1652580900,0.009832,0.009891,0.009738,0.009745
STMXUSDT,15,1652581800,0.009745,0.009785,0.009731,0.009741
STMXUSDT,15,1652582700,0.009741,0.009792,0.009701,0.009762
STMXUSDT,15,1652583600,0.009762,0.009801,0.009721,0.009771
STMXUSDT,15,1652584500,0.009771,0.009771,0.009621,0.009651
STMXUSDT,15,1652585400,0.009651,0.009701,0.009591,0.009691
STMXUSDT,15,1652586300,0.009691,0.009711,0.00968,0.00968
STMXUSDT,15,1652587200,0.00968,0.00979,0.00965,0.00974
STMXUSDT,15,1652588100,0.00974,0.00975,0.00959,0.00961
STMXUSDT,15,1652589000,0.00961,0.00961,0.00942,0.00949
STMXUSDT,15,1652589900,0.00949,0.00952,0.00945,0.00945
STMXUSDT,15,1652590800,0.00945,0.00948,0.00939,0.00945
STMXUSDT,15,1652591700,0.00945,0.00952,0.00942,0.00948
STMXUSDT,15,1652592600,0.00948,0.00964,0.00948,0.00964
STMXUSDT,15,1652593500,0.00964,0.00974,0.00964,0.00969
STMXUSDT,15,1652594400,0.00969,0.00976,0.00968,0.0097
STMXUSDT,15,1652595300,0.0097,0.00987,0.00968,0.00982
STMXUSDT,15,1652596200,0.00982,0.0099,0.00978,0.00989
STMXUSDT,15,1652597100,0.00989,0.01006,0.00983,0.010029
STMXUSDT,15,1652598000,0.010029,0.01008,0.009959,0.00998
STMXUSDT,15,1652598900,0.00998,0.01001,0.00992,0.00993
STMXUSDT,15,1652599800,0.00993,0.00999,0.00993,0.00998
STMXUSDT,15,1652600700,0.00998,0.00999,0.009868,0.009869
STMXUSDT,15,1652601600,0.009869,0.009901,0.009851,0.009851
STMXUSDT,15,1652602500,0.009851,0.009871,0.009801,0.009821
STMXUSDT,15,1652603400,0.009821,0.009831,0.009781,0.009811
STMXUSDT,15,1652604300,0.009811,0.009811,0.009731,0.009752
STMXUSDT,15,1652605200,0.009752,0.009861,0.009745,0.009811
STMXUSDT,15,1652606100,0.009811,0.009862,0.009791,0.009832
STMXUSDT,15,1652607000,0.009832,0.009862,0.009821,0.009862
STMXUSDT,15,1652607900,0.009862,0.009951,0.009841,0.009921
STMXUSDT,15,1652608800,0.009921,0.009921,0.009821,0.009831
STMXUSDT,15,1652609700,0.009831,0.009831,0.009741,0.009801
STMXUSDT,15,1652610600,0.009801,0.009801,0.009731,0.00974
STMXUSDT,15,1652611500,0.00974,0.009901,0.00974,0.009881
STMXUSDT,15,1652612400,0.009881,0.009951,0.009871,0.009931
STMXUSDT,15,1652613300,0.009931,0.009981,0.009871,0.009961
STMXUSDT,15,1652614200,0.009961,0.010001,0.009931,0.009951
STMXUSDT,15,1652615100,0.009951,0.010061,0.009951,0.00999
STMXUSDT,15,1652616000,0.00999,0.01006,0.00997,0.01
STMXUSDT,15,1652616900,0.01,0.01016,0.01,0.01001
STMXUSDT,15,1652617800,0.01001,0.01005,0.00994,0.01003
STMXUSDT,15,1652618700,0.01003,0.01004,0.00995,0.00999
STMXUSDT,15,1652619600,0.00999,0.010099,0.009949,0.010079
STMXUSDT,15,1652620500,0.010079,0.010218,0.01003,0.010049
STMXUSDT,15,1652621400,0.010049,0.01011,0.01002,0.01002
STMXUSDT,15,1652622300,0.01002,0.01006,0.00991,0.00991
STMXUSDT,15,1652623200,0.00991,0.009921,0.00978,0.009851
STMXUSDT,15,1652624100,0.009851,0.00988,0.00977,0.00979
STMXUSDT,15,1652625000,0.00979,0.00984,0.009736,0.009784
STMXUSDT,15,1652625900,0.009784,0.00984,0.009784,0.00981
STMXUSDT,15,1652626800,0.00981,0.009894,0.009801,0.009887
STMXUSDT,15,1652627700,0.009887,0.009887,0.0098,0.00984
STMXUSDT,15,1652628600,0.00984,0.00984,0.009724,0.009756
STMXUSDT,15,1652629500,0.009756,0.00977,0.009642,0.009691
STMXUSDT,15,1652630400,0.009691,0.009761,0.009671,0.009681
STMXUSDT,15,1652631300,0.009681,0.00982,0.009681,0.009813
STMXUSDT,15,1652632200,0.009813,0.009958,0.009813,0.009944
STMXUSDT,15,1652633100,0.009944,0.009971,0.009905,0.009921
STMXUSDT,15,1652634000,0.009921,0.009951,0.009881,0.009911
STMXUSDT,15,1652634900,0.009911,0.009931,0.009891,0.009901
STMXUSDT,15,1652635800,0.009901,0.009901,0.009717,0.009717
STMXUSDT,15,1652636700,0.009717,0.009717,0.00961,0.009615
STMXUSDT,15,1652637600,0.009615,0.009625,0.009571,0.009592
STMXUSDT,15,1652638500,0.009592,0.009641,0.009581,0.009601
STMXUSDT,15,1652639400,0.009601,0.009641,0.009491,0.009491
STMXUSDT,15,1652640300,0.009491,0.009491,0.009281,0.009302
STMXUSDT,15,1652641200,0.009302,0.009322,0.009203,0.009213
STMXUSDT,15,1652642100,0.009213,0.009279,0.009172,0.009279
STMXUSDT,15,1652643000,0.009279,0.00945,0.009272,0.009429
STMXUSDT,15,1652643900,0.009429,0.00964,0.009419,0.00964
STMXUSDT,15,1652644800,0.00964,0.00974,0.009551,0.009672
STMXUSDT,15,1652645700,0.009672,0.00977,0.00963,0.00969
STMXUSDT,15,1652646600,0.00969,0.00983,0.00966,0.00983
STMXUSDT,15,1652647500,0.00983,0.009939,0.0098,0.00988
STMXUSDT,15,1652648400,0.00988,0.00998,0.00983,0.00985
STMXUSDT,15,1652649300,0.00985,0.009924,0.009817,0.009924
STMXUSDT,15,1652650200,0.009924,0.010088,0.00991,0.010051
STMXUSDT,15,1652651100,0.010051,0.010149,0.010051,0.010139
STMXUSDT,15,1669935600,0.005248,0.005256,0.005248,0.005256
STMXUSDT,15,1669935600,0.005248,0.00526,0.005248,0.005256
STMXUSDT,1,1669935600,0.005248,0.005256,0.005248,0.005256
STMXUSDT,1,1669935660,0.005256,0.005256,0.005256,0.005256
STMXUSDT,1,1669935720,0.005256,0.005256,0.005256,0.005256
STMXUSDT,1,1669935780,0.005256,0.00526,0.005256,0.00526
STMXUSDT,1,1669935840,0.00526,0.00526,0.005256,0.005256
STMXUSDT,1,1669935900,0.005256,0.005256,0.005255,0.005256
