symbol,period,start_at,open,high,low,close
IMXUSDT,15,1652565600,0.827,0.829,0.822,0.825
IMXUSDT,15,1652566500,0.825,0.826,0.823,0.824
IMXUSDT,15,1652567400,0.824,0.833,0.823,0.833
IMXUSDT,15,1652568300,0.833,0.859,0.833,0.85
IMXUSDT,15,1652569200,0.85,0.855,0.84,0.843
IMXUSDT,15,1652570100,0.843,0.851,0.84,0.849
IMXUSDT,15,1652571000,0.849,0.856,0.847,0.852
IMXUSDT,15,1652571900,0.852,0.866,0.848,0.855
IMXUSDT,15,1652572800,0.855,0.874,0.849,0.854
IMXUSDT,15,1652573700,0.854,0.884,0.852,0.882
IMXUSDT,15,1652574600,0.882,0.885,0.862,0.863
IMXUSDT,15,1652575500,0.863,0.87,0.86,0.864
IMXUSDT,15,1652576400,0.864,0.866,0.85,0.851
IMXUSDT,15,1652577300,0.851,0.858,0.843,0.845
IMXUSDT,15,1652578200,0.845,0.85,0.842,0.847
IMXUSDT,15,1652579100,0.847,0.86,0.846,0.849
IMXUSDT,15,1652580000,0.849,0.856,0.816,0.82
IMXUSDT,15,1652580900,0.82,0.824,0.812,0.816
IMXUSDT,15,1652581800,0.816,0.826,0.815,0.817
IMXUSDT,15,1652582700,0.817,0.831,0.815,0.827
IMXUSDT,15,1652583600,0.827,0.834,0.822,0.822
IMXUSDT,15,1652584500,0.822,0.826,0.817,0.823
IMXUSDT,15,1652585400,0.823,0.83,0.816,0.828
IMXUSDT,15,1652586300,0.828,0.831,0.827,0.829
IMXUSDT,15,1652587200,0.829,0.831,0.821,0.827
IMXUSDT,15,1652588100,0.827,0.829,0.822,0.824
IMXUSDT,15,1652589000,0.824,0.825,0.807,0.814
IMXUSDT,15,1652589900,0.814,0.826,0.812,0.823
IMXUSDT,15,1652590800,0.823,0.831,0.819,0.831
IMXUSDT,15,1652591700,0.831,0.837,0.827,0.836
IMXUSDT,15,1652592600,0.836,0.837,0.829,0.836
IMXUSDT,15,1652593500,0.836,0.85,0.833,0.848
IMXUSDT,15,1652594400,0.848,0.853,0.839,0.842
IMXUSDT,15,1652595300,0.842,0.85,0.84,0.846
IMXUSDT,15,1652596200,0.846,0.847,0.839,0.839
IMXUSDT,15,1652597100,0.839,0.858,0.836,0.855
IMXUSDT,15,1652598000,0.855,0.863,0.848,0.849
IMXUSDT,15,1652598900,0.849,0.85,0.839,0.84
IMXUSDT,15,1652599800,0.84,0.844,0.839,0.843
IMXUSDT,15,1652600700,0.843,0.844,0.836,0.842
IMXUSDT,15,1652601600,0.842,0.844,0.83,0.831
IMXUSDT,15,1652602500,0.831,0.844,0.829,0.841
IMXUSDT,15,1652603400,0.841,0.842,0.828,0.834
IMXUSDT,15,1652604300,0.834,0.835,0.824,0.828
IMXUSDT,15,1652605200,0.828,0.833,0.827,0.829
IMXUSDT,15,1652606100,0.829,0.834,0.827,0.83
IMXUSDT,15,1652607000,0.83,0.831,0.827,0.83
IMXUSDT,15,1652607900,0.83,0.834,0.829,0.832
IMXUSDT,15,1652608800,0.832,0.835,0.829,0.831
IMXUSDT,15,1652609700,0.831,0.835,0.83,0.833
IMXUSDT,15,1652610600,0.833,0.837,0.83,0.837
IMXUSDT,15,1652611500,0.837,0.853,0.835,0.852
IMXUSDT,15,1652612400,0.852,0.864,0.85,0.86
IMXUSDT,15,1652613300,0.86,0.865,0.852,0.863
IMXUSDT,15,1652614200,0.863,0.875,0.863,0.871
IMXUSDT,15,1652615100,0.871,0.877,0.869,0.872
IMXUSDT,15,1652616000,0.872,0.881,0.871,0.877
IMXUSDT,15,1652616900,0.877,0.889,0.863,0.866
IMXUSDT,15,1652617800,0.866,0.876,0.861,0.876
IMXUSDT,15,1652618700,0.876,0.878,0.864,0.868
IMXUSDT,15,1652619600,0.868,0.868,0.859,0.864
IMXUSDT,15,1652620500,0.864,0.869,0.856,0.86
IMXUSDT,15,1652621400,0.86,0.866,0.856,0.862
IMXUSDT,15,1652622300,0.862,0.863,0.852,0.855
IMXUSDT,15,1652623200,0.855,0.857,0.84,0.842
IMXUSDT,15,1652624100,0.842,0.846,0.833,0.837
IMXUSDT,15,1652625000,0.837,0.844,0.832,0.84
IMXUSDT,15,1652625900,0.84,0.844,0.838,0.839
IMXUSDT,15,1652626800,0.839,0.856,0.838,0.855
IMXUSDT,15,1652627700,0.855,0.858,0.849,0.856
IMXUSDT,15,1652628600,0.856,0.863,0.851,0.863
IMXUSDT,15,1652629500,0.863,0.874,0.86,0.874
IMXUSDT,15,1652630400,0.874,0.893,0.873,0.887
IMXUSDT,15,1652631300,0.887,0.897,0.887,0.895
IMXUSDT,15,1652632200,0.895,0.926,0.892,0.926
IMXUSDT,15,1652633100,0.926,0.932,0.912,0.917
IMXUSDT,15,1652634000,0.917,0.929,0.91,0.927
IMXUSDT,15,1652634900,0.927,0.94,0.916,0.919
IMXUSDT,15,1652635800,0.919,0.919,0.903,0.905
IMXUSDT,15,1652636700,0.905,0.909,0.889,0.889
IMXUSDT,15,1652637600,0.889,0.896,0.88,0.885
IMXUSDT,15,1652638500,0.885,0.889,0.864,0.867
IMXUSDT,15,1652639400,0.867,0.875,0.857,0.875
IMXUSDT,15,1652640300,0.875,0.878,0.87,0.875
IMXUSDT,15,1652641200,0.875,0.887,0.872,0.88
IMXUSDT,15,1652642100,0.88,0.893,0.88,0.889
IMXUSDT,15,1652643000,0.889,0.905,0.889,0.905
IMXUSDT,15,1652643900,0.905,0.911,0.895,0.904
IMXUSDT,15,1652644800,0.904,0.926,0.897,0.921
IMXUSDT,15,1652645700,0.921,0.927,0.911,0.912
IMXUSDT,15,1652646600,0.912,0.92,0.906,0.914
IMXUSDT,15,1652647500,0.914,0.929,0.914,0.925
IMXUSDT,15,1652648400,0.925,0.934,0.92,0.922
IMXUSDT,15,1652649300,0.922,0.923,0.913,0.914
IMXUSDT,15,1652650200,0.914,0.925,0.913,0.924
IMXUSDT,15,1652651100,0.924,0.934,0.923,0.932
IMXUSDT,15,1669935600,0.47,0.473,0.47,0.473
IMXUSDT,15,1669935600,0.47,0.474,0.47,0.473
IMXUSDT,1,1669935600,0.47,0.473,0.47,0.473
IMXUSDT,1,1669935660,0.473,0.473,0.473,0.473
IMXUSDT,1,1669935720,0.473,0.474,0.473,0.474
IMXUSDT,1,1669935780,0.474,0.474,0.473,0.473
IMXUSDT,1,1669935840,0.473,0.473,0.473,0.473
IMXUSDT,1,1669935900,0.473,0.474,0.472,0.474
