symbol,period,start_at,open,high,low,close
CTSIUSDT,15,1652565600,0.18179,0.18311,0.18122,0.18311
CTSIUSDT,15,1652566500,0.18311,0.18625,0.18311,0.18532
CTSIUSDT,15,1652567400,0.18532,0.1872,0.18441,0.1872
CTSIUSDT,15,1652568300,0.1872,0.19278,0.1872,0.19137
CTSIUSDT,15,1652569200,0.19137,0.192,0.19045,0.192
CTSIUSDT,15,1652570100,0.192,0.19788,0.192,0.19747
CTSIUSDT,15,1652571000,0.19747,0.19923,0.19428,0.19923
CTSIUSDT,15,1652571900,0.19923,0.20442,0.19857,0.20101
CTSIUSDT,15,1652572800,0.20101,0.20118,0.19603,0.19699
CTSIUSDT,15,1652573700,0.19699,0.20715,0.19699,0.20672
CTSIUSDT,15,1652574600,0.20672,0.20682,0.20152,0.20174
CTSIUSDT,15,1652575500,0.20174,0.20174,0.19915,0.20029
CTSIUSDT,15,1652576400,0.20029,0.20173,0.19923,0.20095
CTSIUSDT,15,1652577300,0.20095,0.2016,0.19923,0.19928
CTSIUSDT,15,1652578200,0.19928,0.20013,0.19586,0.19602
CTSIUSDT,15,1652579100,0.19602,0.19892,0.19595,0.1968
CTSIUSDT,15,1652580000,0.1968,0.19785,0.19307,0.19432
CTSIUSDT,15,1652580900,0.19432,0.19535,0.19122,0.19259
CTSIUSDT,15,1652581800,0.19259,0.19493,0.19136,0.19324
CTSIUSDT,15,1652582700,0.19324,0.19522,0.19261,0.19505
CTSIUSDT,15,1652583600,0.19505,0.19546,0.19368,0.19371
CTSIUSDT,15,1652584500,0.19371,0.19375,0.19177,0.19207
CTSIUSDT,15,1652585400,0.19207,0.19379,0.19165,0.19345
CTSIUSDT,15,1652586300,0.19345,0.19558,0.19345,0.19515
CTSIUSDT,15,1652587200,0.19515,0.19788,0.19515,0.19555
CTSIUSDT,15,1652588100,0.19555,0.19759,0.19515,0.19524
CTSIUSDT,15,1652589000,0.19524,0.19524,0.19108,0.19234
CTSIUSDT,15,1652589900,0.19234,0.19436,0.19231,0.19398
CTSIUSDT,15,1652590800,0.19398,0.19556,0.19368,0.19556
CTSIUSDT,15,1652591700,0.19556,0.19596,0.19524,0.19561
CTSIUSDT,15,1652592600,0.19561,0.19572,0.18956,0.19134
CTSIUSDT,15,1652593500,0.19134,0.1925,0.19099,0.19166
CTSIUSDT,15,1652594400,0.19166,0.19267,0.1906,0.1906
CTSIUSDT,15,1652595300,0.1906,0.19227,0.1882,0.18938
CTSIUSDT,15,1652596200,0.18938,0.19036,0.18924,0.1898
CTSIUSDT,15,1652597100,0.1898,0.19083,0.1894,0.19083
CTSIUSDT,15,1652598000,0.19083,0.19212,0.19081,0.19143
CTSIUSDT,15,1652598900,0.19143,0.19154,0.19013,0.19059
CTSIUSDT,15,1652599800,0.19059,0.19117,0.18827,0.18849
CTSIUSDT,15,1652600700,0.18849,0.18862,0.18758,0.18789
CTSIUSDT,15,1652601600,0.18789,0.18814,0.18568,0.18571
CTSIUSDT,15,1652602500,0.18571,0.18584,0.18383,0.18561
CTSIUSDT,15,1652603400,0.18561,0.18718,0.18561,0.18705
CTSIUSDT,15,1652604300,0.18705,0.18705,0.18524,0.18648
CTSIUSDT,15,1652605200,0.18648,0.18843,0.18632,0.18823
CTSIUSDT,15,1652606100,0.18823,0.19183,0.18808,0.19092
CTSIUSDT,15,1652607000,0.19092,0.19157,0.19053,0.19118
CTSIUSDT,15,1652607900,0.19118,0.19311,0.19114,0.19269
CTSIUSDT,15,1652608800,0.19269,0.19348,0.19136,0.19195
CTSIUSDT,15,1652609700,0.19195,0.19586,0.19176,0.19544
CTSIUSDT,15,1652610600,0.19544,0.19599,0.19447,0.19599
CTSIUSDT,15,1652611500,0.19599,0.19778,0.19487,0.19777
CTSIUSDT,15,1652612400,0.19777,0.19861,0.19706,0.19818
CTSIUSDT,15,1652613300,0.19818,0.19997,0.19779,0.19956
CTSIUSDT,15,1652614200,0.19956,0.20157,0.19914,0.20118
CTSIUSDT,15,1652615100,0.20118,0.20441,0.20097,0.20426
CTSIUSDT,15,1652616000,0.20426,0.2047,0.2008,0.20271
CTSIUSDT,15,1652616900,0.20271,0.20287,0.19857,0.19857
CTSIUSDT,15,1652617800,0.19857,0.19883,0.19728,0.1983
CTSIUSDT,15,1652618700,0.1983,0.1985,0.19627,0.19666
CTSIUSDT,15,1652619600,0.19666,0.19675,0.19546,0.19675
CTSIUSDT,15,1652620500,0.19675,0.19685,0.19424,0.19425
CTSIUSDT,15,1652621400,0.19425,0.19501,0.19364,0.19438
CTSIUSDT,15,1652622300,0.19438,0.19445,0.19328,0.19336
CTSIUSDT,15,1652623200,0.19336,0.19361,0.19072,0.19261
CTSIUSDT,15,1652624100,0.19261,0.19262,0.18835,0.18887
CTSIUSDT,15,1652625000,0.18887,0.18911,0.1861,0.18911
CTSIUSDT,15,1652625900,0.18911,0.19169,0.18911,0.1895
CTSIUSDT,15,1652626800,0.1895,0.19162,0.18922,0.1916
CTSIUSDT,15,1652627700,0.1916,0.19177,0.18942,0.1908
CTSIUSDT,15,1652628600,0.1908,0.1908,0.1882,0.1884
CTSIUSDT,15,1652629500,0.1884,0.18857,0.18598,0.18684
CTSIUSDT,15,1652630400,0.18684,0.18882,0.18525,0.18854
CTSIUSDT,15,1652631300,0.18854,0.18986,0.18746,0.18842
CTSIUSDT,15,1652632200,0.18842,0.19088,0.18842,0.19064
CTSIUSDT,15,1652633100,0.19064,0.19203,0.19002,0.19006
CTSIUSDT,15,1652634000,0.19006,0.19088,0.18957,0.19062
CTSIUSDT,15,1652634900,0.19062,0.19114,0.19011,0.19011
CTSIUSDT,15,1652635800,0.19011,0.19064,0.18888,0.18912
CTSIUSDT,15,1652636700,0.18912,0.18912,0.18722,0.18756
CTSIUSDT,15,1652637600,0.18756,0.18775,0.18571,0.18635
CTSIUSDT,15,1652638500,0.18635,0.18786,0.18635,0.18678
CTSIUSDT,15,1652639400,0.18678,0.18948,0.18665,0.18888
CTSIUSDT,15,1652640300,0.18888,0.18899,0.18667,0.18694
CTSIUSDT,15,1652641200,0.18694,0.18694,0.18537,0.18537
CTSIUSDT,15,1652642100,0.18537,0.18652,0.18537,0.18575
CTSIUSDT,15,1652643000,0.18575,0.18917,0.18575,0.18917
CTSIUSDT,15,1652643900,0.18917,0.19087,0.18888,0.19053
CTSIUSDT,15,1652644800,0.19053,0.19187,0.18829,0.19119
CTSIUSDT,15,1652645700,0.19119,0.19194,0.19055,0.19175
CTSIUSDT,15,1652646600,0.19175,0.19367,0.19101,0.19235
CTSIUSDT,15,1652647500,0.19235,0.19286,0.19208,0.19256
CTSIUSDT,15,1652648400,0.19256,0.19368,0.19196,0.19343
CTSIUSDT,15,1652649300,0.19343,0.19343,0.1925,0.19275
CTSIUSDT,15,1652650200,0.19275,0.19348,0.19249,0.19347
CTSIUSDT,15,1652651100,0.19347,0.1944,0.19346,0.19439
CTSIUSDT,15,1669935600,0.1091,0.1091,0.10903,0.10903
CTSIUSDT,15,1669935600,0.1091,0.10925,0.10903,0.10924
CTSIUSDT,1,1669935600,0.1091,0.1091,0.10903,0.10903
CTSIUSDT,1,1669935660,0.10903,0.10925,0.10903,0.10925
CTSIUSDT,1,1669935720,0.10925,0.10925,0.10924,0.10924
CTSIUSDT,1,1669935780,0.10924,0.10924,0.10924,0.10924
CTSIUSDT,1,1669935840,0.10924,0.10924,0.10924,0.10924
CTSIUSDT,1,1669935900,0.10924,0.10924,0.10924,0.10924
