symbol,period,start_at,open,high,low,close
LINKUSDT,15,1652565600,7.188,7.232,7.15,7.227
LINKUSDT,15,1652566500,7.227,7.242,7.167,7.168
LINKUSDT,15,1652567400,7.168,7.177,7.109,7.147
LINKUSDT,15,1652568300,7.147,7.318,7.144,7.269
LINKUSDT,15,1652569200,7.269,7.296,7.195,7.209
LINKUSDT,15,1652570100,7.209,7.259,7.187,7.253
LINKUSDT,15,1652571000,7.253,7.292,7.213,7.291
LINKUSDT,15,1652571900,7.291,7.322,7.24,7.256
LINKUSDT,15,1652572800,7.256,7.309,7.214,7.217
LINKUSDT,15,1652573700,7.217,7.362,7.217,7.32
LINKUSDT,15,1652574600,7.32,7.345,7.222,7.241
LINKUSDT,15,1652575500,7.241,7.242,7.206,7.216
LINKUSDT,15,1652576400,7.216,7.223,7.152,7.175
LINKUSDT,15,1652577300,7.175,7.181,7.147,7.15
LINKUSDT,15,1652578200,7.15,7.176,7.126,7.155
LINKUSDT,15,1652579100,7.155,7.197,7.145,7.184
LINKUSDT,15,1652580000,7.184,7.23,7.117,7.127
LINKUSDT,15,1652580900,7.127,7.132,7.077,7.079
LINKUSDT,15,1652581800,7.079,7.088,7.048,7.063
LINKUSDT,15,1652582700,7.063,7.089,7.04,7.073
LINKUSDT,15,1652583600,7.073,7.096,7.06,7.065
LINKUSDT,15,1652584500,7.065,7.07,7.011,7.038
LINKUSDT,15,1652585400,7.038,7.082,7.018,7.071
LINKUSDT,15,1652586300,7.071,7.121,7.068,7.111
LINKUSDT,15,1652587200,7.111,7.155,7.079,7.143
LINKUSDT,15,1652588100,7.143,7.155,7.122,7.132
LINKUSDT,15,1652589000,7.132,7.138,7.056,7.097
LINKUSDT,15,1652589900,7.097,7.134,7.088,7.108
LINKUSDT,15,1652590800,7.108,7.14,7.096,7.14
LINKUSDT,15,1652591700,7.14,7.164,7.126,7.151
LINKUSDT,15,1652592600,7.151,7.226,7.141,7.226
LINKUSDT,15,1652593500,7.226,7.298,7.206,7.272
LINKUSDT,15,1652594400,7.272,7.313,7.244,7.247
LINKUSDT,15,1652595300,7.247,7.311,7.231,7.288
LINKUSDT,15,1652596200,7.288,7.3,7.241,7.248
LINKUSDT,15,1652597100,7.248,7.329,7.243,7.319
LINKUSDT,15,1652598000,7.319,7.378,7.311,7.311
LINKUSDT,15,1652598900,7.311,7.33,7.277,7.287
LINKUSDT,15,1652599800,7.287,7.296,7.268,7.282
LINKUSDT,15,1652600700,7.282,7.288,7.21,7.25
LINKUSDT,15,1652601600,7.25,7.263,7.2,7.211
LINKUSDT,15,1652602500,7.211,7.231,7.178,7.208
LINKUSDT,15,1652603400,7.208,7.232,7.184,7.194
LINKUSDT,15,1652604300,7.194,7.194,7.134,7.142
LINKUSDT,15,1652605200,7.142,7.164,7.128,7.128
LINKUSDT,15,1652606100,7.128,7.181,7.114,7.163
LINKUSDT,15,1652607000,7.163,7.209,7.159,7.2
LINKUSDT,15,1652607900,7.2,7.222,7.189,7.2
LINKUSDT,15,1652608800,7.2,7.208,7.147,7.172
LINKUSDT,15,1652609700,7.172,7.176,7.146,7.167
LINKUSDT,15,1652610600,7.167,7.226,7.137,7.206
LINKUSDT,15,1652611500,7.206,7.304,7.199,7.298
LINKUSDT,15,1652612400,7.298,7.303,7.261,7.27
LINKUSDT,15,1652613300,7.27,7.318,7.227,7.298
LINKUSDT,15,1652614200,7.298,7.419,7.293,7.398
LINKUSDT,15,1652615100,7.398,7.578,7.398,7.572
LINKUSDT,15,1652616000,7.572,7.632,7.571,7.6
LINKUSDT,15,1652616900,7.6,7.642,7.538,7.547
LINKUSDT,15,1652617800,7.547,7.578,7.518,7.554
LINKUSDT,15,1652618700,7.554,7.567,7.508,7.529
LINKUSDT,15,1652619600,7.529,7.548,7.498,7.536
LINKUSDT,15,1652620500,7.536,7.546,7.46,7.487
LINKUSDT,15,1652621400,7.487,7.498,7.46,7.462
LINKUSDT,15,1652622300,7.462,7.47,7.435,7.451
LINKUSDT,15,1652623200,7.451,7.47,7.389,7.429
LINKUSDT,15,1652624100,7.429,7.43,7.351,7.388
LINKUSDT,15,1652625000,7.388,7.459,7.351,7.456
LINKUSDT,15,1652625900,7.456,7.629,7.443,7.59
LINKUSDT,15,1652626800,7.59,7.671,7.561,7.65
LINKUSDT,15,1652627700,7.65,7.655,7.56,7.577
LINKUSDT,15,1652628600,7.577,7.579,7.524,7.541
LINKUSDT,15,1652629500,7.541,7.556,7.47,7.53
LINKUSDT,15,1652630400,7.53,7.583,7.498,7.516
LINKUSDT,15,1652631300,7.516,7.578,7.513,7.576
LINKUSDT,15,1652632200,7.576,7.659,7.547,7.653
LINKUSDT,15,1652633100,7.653,7.656,7.599,7.609
LINKUSDT,15,1652634000,7.609,7.646,7.582,7.627
LINKUSDT,15,1652634900,7.627,7.644,7.586,7.642
LINKUSDT,15,1652635800,7.642,7.645,7.579,7.584
LINKUSDT,15,1652636700,7.584,7.608,7.556,7.588
LINKUSDT,15,1652637600,7.588,7.62,7.558,7.615
LINKUSDT,15,1652638500,7.615,7.658,7.579,7.581
LINKUSDT,15,1652639400,7.581,7.719,7.568,7.713
LINKUSDT,15,1652640300,7.713,7.728,7.643,7.693
LINKUSDT,15,1652641200,7.693,7.696,7.616,7.636
LINKUSDT,15,1652642100,7.636,7.637,7.58,7.589
LINKUSDT,15,1652643000,7.589,7.645,7.589,7.616
LINKUSDT,15,1652643900,7.616,7.712,7.615,7.705
LINKUSDT,15,1652644800,7.705,7.83,7.673,7.809
LINKUSDT,15,1652645700,7.809,7.84,7.764,7.779
LINKUSDT,15,1652646600,7.779,7.803,7.748,7.767
LINKUSDT,15,1652647500,7.767,7.815,7.749,7.793
LINKUSDT,15,1652648400,7.793,7.829,7.727,7.75
LINKUSDT,15,1652649300,7.75,7.767,7.721,7.739
LINKUSDT,15,1652650200,7.739,7.758,7.722,7.737
LINKUSDT,15,1652651100,7.737,7.81,7.732,7.799
LINKUSDT,15,1669935600,7.744,7.752,7.733,7.734
LINKUSDT,15,1669935600,7.744,7.752,7.725,7.741
LINKUSDT,1,1669935600,7.744,7.752,7.744,7.749
LINKUSDT,1,1669935660,7.749,7.749,7.733,7.745
LINKUSDT,1,1669935720,7.745,7.747,7.732,7.734
LINKUSDT,1,1669935780,7.734,7.734,7.725,7.733
LINKUSDT,1,1669935840,7.733,7.742,7.732,7.742
LINKUSDT,1,1669935900,7.742,7.744,7.733,7.733
