symbol,period,start_at,open,high,low,close
COMPUSDT,15,1652652000,73.73,74.8,73.7,74.23
COMPUSDT,15,1652652900,74.23,74.95,74.11,74.65
COMPUSDT,15,1652653800,74.65,74.9,74.23,74.5
COMPUSDT,15,1652654700,74.5,74.62,73.67,73.7
COMPUSDT,15,1652655600,73.7,73.73,73.4,73.57
COMPUSDT,15,1652656500,73.57,74.07,73.56,74.04
COMPUSDT,15,1652657400,74.04,74.66,74.04,74.53
COMPUSDT,15,1652658300,74.53,75.23,74.51,74.89
COMPUSDT,15,1652659200,74.89,74.91,73.72,73.74
COMPUSDT,15,1652660100,73.74,73.74,72.47,72.56
COMPUSDT,15,1652661000,72.56,72.69,72.11,72.37
COMPUSDT,15,1652661900,72.37,72.52,72.11,72.42
COMPUSDT,15,1652662800,72.42,72.81,71.99,72.26
COMPUSDT,15,1652663700,72.26,72.47,71.8,71.92
COMPUSDT,15,1652664600,71.92,71.92,71.23,71.47
COMPUSDT,15,1652665500,71.47,71.64,71.21,71.59
COMPUSDT,15,1652666400,71.59,71.62,70.94,71.19
COMPUSDT,15,1652667300,71.19,72.19,71.19,72.1
COMPUSDT,15,1652668200,72.1,73.09,72.08,72.79
COMPUSDT,15,1652669100,72.79,72.9,72.42,72.74
COMPUSDT,15,1652670000,72.74,72.86,71.79,71.97
COMPUSDT,15,1652670900,71.97,71.99,71.38,71.5
COMPUSDT,15,1652671800,71.5,71.51,70.85,70.94
COMPUSDT,15,1652672700,70.94,71.52,70.76,71.5
COMPUSDT,15,1652673600,71.5,71.51,70.55,70.75
COMPUSDT,15,1652674500,70.75,71.28,70.71,71.22
COMPUSDT,15,1652675400,71.22,71.29,70.11,70.83
COMPUSDT,15,1652676300,70.83,70.95,70.62,70.66
COMPUSDT,15,1652677200,70.66,71.24,70.49,71.19
COMPUSDT,15,1652678100,71.19,71.5,71.19,71.49
COMPUSDT,15,1652679000,71.49,71.58,71.3,71.48
COMPUSDT,15,1652679900,71.48,71.55,70.69,70.73
COMPUSDT,15,1652680800,70.73,70.73,68.8,69.07
COMPUSDT,15,1652681700,69.07,69.12,67.34,67.79
COMPUSDT,15,1652682600,67.79,67.79,66.93,67.73
COMPUSDT,15,1652683500,67.73,67.73,66.55,66.95
COMPUSDT,15,1652684400,66.95,66.99,65.92,66.58
COMPUSDT,15,1652685300,66.58,67.32,66.44,67.27
COMPUSDT,15,1652686200,67.27,67.38,67.05,67.33
COMPUSDT,15,1652687100,67.33,67.59,67.24,67.31
COMPUSDT,15,1652688000,67.31,68.13,67.23,68.07
COMPUSDT,15,1652688900,68.07,68.63,68.07,68.57
COMPUSDT,15,1652689800,68.57,69.34,68.51,69.28
COMPUSDT,15,1652690700,69.28,69.63,69.15,69.25
COMPUSDT,15,1652691600,69.25,69.25,68.42,68.79
COMPUSDT,15,1652692500,68.79,68.79,67.56,67.59
COMPUSDT,15,1652693400,67.59,68.28,67.51,67.63
COMPUSDT,15,1652694300,67.63,68.59,67.63,67.72
COMPUSDT,15,1652695200,67.72,68.19,66.57,67.98
COMPUSDT,15,1652696100,67.98,68.43,67.88,68.11
COMPUSDT,15,1652697000,68.11,68.99,68.11,68.84
COMPUSDT,15,1652697900,68.84,69.56,68.84,69.5
COMPUSDT,15,1652698800,69.5,69.54,68.67,69.06
COMPUSDT,15,1652699700,69.06,69.06,68.48,68.93
COMPUSDT,15,1652700600,68.93,69.04,68.23,68.49
COMPUSDT,15,1652701500,68.49,68.72,68.25,68.56
COMPUSDT,15,1652702400,68.56,68.59,67.9,68.18
COMPUSDT,15,1652703300,68.18,69.07,67.29,69.04
COMPUSDT,15,1652704200,69.04,69.43,68.32,68.61
COMPUSDT,15,1652705100,68.61,68.81,68.23,68.47
COMPUSDT,15,1652706000,68.47,69.07,68.18,68.37
COMPUSDT,15,1652706900,68.37,68.39,67.22,67.37
COMPUSDT,15,1652707800,67.37,68.3,67.02,67.86
COMPUSDT,15,1652708700,67.86,67.86,66.6,66.6
COMPUSDT,15,1652709600,66.6,67.9,66.37,67.56
COMPUSDT,15,1652710500,67.56,68.26,67.56,68.21
COMPUSDT,15,1652711400,68.21,68.39,67.55,67.72
COMPUSDT,15,1652712300,67.72,67.72,67.05,67.09
COMPUSDT,15,1652713200,67.09,67.71,66.89,67.25
COMPUSDT,15,1652714100,67.25,67.52,67.1,67.2
COMPUSDT,15,1652715000,67.2,67.2,65.88,66.45
COMPUSDT,15,1652715900,66.45,67.79,66.4,67.45
COMPUSDT,15,1652716800,67.45,67.88,66.9,67.18
COMPUSDT,15,1652717700,67.18,67.5,66.9,67.16
COMPUSDT,15,1652718600,67.16,67.56,66.48,66.59
COMPUSDT,15,1652719500,66.59,66.71,66.34,66.67
COMPUSDT,15,1652720400,66.67,67.7,66.62,67.58
COMPUSDT,15,1652721300,67.58,68.34,67.51,68.07
COMPUSDT,15,1652722200,68.07,68.48,68.05,68.32
COMPUSDT,15,1652723100,68.32,68.5,68.05,68.31
COMPUSDT,15,1652724000,68.31,69.08,68.14,68.99
COMPUSDT,15,1652724900,68.99,69.5,68.86,69.48
COMPUSDT,15,1652725800,69.48,69.66,69.28,69.58
COMPUSDT,15,1652726700,69.58,70.06,69.53,70.03
COMPUSDT,15,1652727600,70.03,70.4,69.62,69.62
COMPUSDT,15,1652728500,69.62,69.69,69.5,69.55
COMPUSDT,15,1652729400,69.55,69.55,69.17,69.27
COMPUSDT,15,1652730300,69.27,69.41,68.18,68.65
COMPUSDT,15,1652731200,68.65,69.28,68.54,69.11
COMPUSDT,15,1652732100,69.11,69.26,68.49,68.57
COMPUSDT,15,1652733000,68.57,68.6,68.35,68.41
COMPUSDT,15,1652733900,68.41,68.7,68.4,68.48
COMPUSDT,15,1652734800,68.48,69.31,68.37,69.13
COMPUSDT,15,1652735700,69.13,69.45,68.98,68.98
COMPUSDT,15,1652736600,68.98,69.26,68.93,69.26
COMPUSDT,15,1652737500,69.26,69.3,69.01,69.27
