symbol,period,start_at,open,high,low,close
GALUSDT,15,1652565600,6.133,6.249,5.998,6.093
GALUSDT,15,1652566500,6.093,6.249,6.035,6.223
GALUSDT,15,1652567400,6.223,6.48,6.155,6.465
GALUSDT,15,1652568300,6.465,6.728,6.378,6.632
GALUSDT,15,1652569200,6.632,6.685,6.378,6.438
GALUSDT,15,1652570100,6.438,6.83,6.329,6.794
GALUSDT,15,1652571000,6.794,7.095,6.747,7.014
GALUSDT,15,1652571900,7.014,7.014,6.817,6.85
GALUSDT,15,1652572800,6.85,6.914,6.636,6.678
GALUSDT,15,1652573700,6.678,6.819,6.608,6.652
GALUSDT,15,1652574600,6.652,6.776,6.567,6.776
GALUSDT,15,1652575500,6.776,6.844,6.519,6.566
GALUSDT,15,1652576400,6.566,6.606,6.456,6.502
GALUSDT,15,1652577300,6.502,6.561,6.453,6.456
GALUSDT,15,1652578200,6.456,6.581,6.42,6.553
GALUSDT,15,1652579100,6.553,6.661,6.525,6.575
GALUSDT,15,1652580000,6.575,6.883,6.563,6.663
GALUSDT,15,1652580900,6.663,6.708,6.294,6.294
GALUSDT,15,1652581800,6.294,6.369,6.214,6.259
GALUSDT,15,1652582700,6.259,6.326,6.191,6.288
GALUSDT,15,1652583600,6.288,6.382,6.164,6.172
GALUSDT,15,1652584500,6.172,6.275,6.113,6.257
GALUSDT,15,1652585400,6.257,6.359,6.23,6.35
GALUSDT,15,1652586300,6.35,6.393,6.243,6.351
GALUSDT,15,1652587200,6.351,6.444,6.246,6.426
GALUSDT,15,1652588100,6.426,6.457,6.315,6.414
GALUSDT,15,1652589000,6.414,6.416,6.239,6.293
GALUSDT,15,1652589900,6.293,6.424,6.263,6.311
GALUSDT,15,1652590800,6.311,6.352,6.19,6.24
GALUSDT,15,1652591700,6.24,6.373,6.192,6.349
GALUSDT,15,1652592600,6.349,6.605,6.335,6.598
GALUSDT,15,1652593500,6.598,6.747,6.567,6.61
GALUSDT,15,1652594400,6.61,6.809,6.474,6.474
GALUSDT,15,1652595300,6.474,6.626,6.454,6.589
GALUSDT,15,1652596200,6.589,6.785,6.532,6.674
GALUSDT,15,1652597100,6.674,6.963,6.614,6.912
GALUSDT,15,1652598000,6.912,7.246,6.842,7.179
GALUSDT,15,1652598900,7.179,7.299,7.066,7.135
GALUSDT,15,1652599800,7.135,7.39,7.042,7.284
GALUSDT,15,1652600700,7.284,7.299,7.056,7.105
GALUSDT,15,1652601600,7.105,7.148,6.919,6.95
GALUSDT,15,1652602500,6.95,6.995,6.827,6.911
GALUSDT,15,1652603400,6.911,7.025,6.897,6.964
GALUSDT,15,1652604300,6.964,6.97,6.768,6.829
GALUSDT,15,1652605200,6.829,6.894,6.727,6.729
GALUSDT,15,1652606100,6.729,6.95,6.725,6.86
GALUSDT,15,1652607000,6.86,6.903,6.772,6.844
GALUSDT,15,1652607900,6.844,6.918,6.8,6.905
GALUSDT,15,1652608800,6.905,6.943,6.733,6.759
GALUSDT,15,1652609700,6.759,6.759,6.679,6.688
GALUSDT,15,1652610600,6.688,6.817,6.635,6.804
GALUSDT,15,1652611500,6.804,6.942,6.77,6.938
GALUSDT,15,1652612400,6.938,6.991,6.841,6.879
GALUSDT,15,1652613300,6.879,7.029,6.761,7.004
GALUSDT,15,1652614200,7.004,7.205,6.98,7.111
GALUSDT,15,1652615100,7.111,7.238,7.045,7.078
GALUSDT,15,1652616000,7.078,7.437,7.078,7.278
GALUSDT,15,1652616900,7.278,7.337,7.119,7.126
GALUSDT,15,1652617800,7.126,7.135,6.936,7.002
GALUSDT,15,1652618700,7.002,7.07,6.917,6.954
GALUSDT,15,1652619600,6.954,7.002,6.857,6.94
GALUSDT,15,1652620500,6.94,6.976,6.759,6.759
GALUSDT,15,1652621400,6.759,6.867,6.697,6.722
GALUSDT,15,1652622300,6.722,6.788,6.568,6.667
GALUSDT,15,1652623200,6.667,6.718,6.561,6.663
GALUSDT,15,1652624100,6.663,6.713,6.323,6.394
GALUSDT,15,1652625000,6.394,6.45,6.296,6.398
GALUSDT,15,1652625900,6.398,6.465,6.31,6.353
GALUSDT,15,1652626800,6.353,6.5,6.345,6.466
GALUSDT,15,1652627700,6.466,6.479,6.27,6.286
GALUSDT,15,1652628600,6.286,6.314,6.181,6.293
GALUSDT,15,1652629500,6.293,6.34,6.214,6.324
GALUSDT,15,1652630400,6.324,6.418,6.249,6.307
GALUSDT,15,1652631300,6.307,6.452,6.302,6.433
GALUSDT,15,1652632200,6.433,6.651,6.37,6.609
GALUSDT,15,1652633100,6.609,6.639,6.533,6.607
GALUSDT,15,1652634000,6.607,6.701,6.513,6.701
GALUSDT,15,1652634900,6.701,6.76,6.616,6.648
GALUSDT,15,1652635800,6.648,6.653,6.46,6.499
GALUSDT,15,1652636700,6.499,6.577,6.407,6.439
GALUSDT,15,1652637600,6.439,6.485,6.366,6.474
GALUSDT,15,1652638500,6.474,6.644,6.474,6.572
GALUSDT,15,1652639400,6.572,6.706,6.554,6.695
GALUSDT,15,1652640300,6.695,6.701,6.583,6.617
GALUSDT,15,1652641200,6.617,6.748,6.571,6.59
GALUSDT,15,1652642100,6.59,6.657,6.546,6.618
GALUSDT,15,1652643000,6.618,6.772,6.609,6.707
GALUSDT,15,1652643900,6.707,6.767,6.686,6.754
GALUSDT,15,1652644800,6.754,6.766,6.611,6.721
GALUSDT,15,1652645700,6.721,6.993,6.671,6.915
GALUSDT,15,1652646600,6.915,6.992,6.851,6.929
GALUSDT,15,1652647500,6.929,6.967,6.886,6.941
GALUSDT,15,1652648400,6.941,7.051,6.837,6.861
GALUSDT,15,1652649300,6.861,6.865,6.716,6.724
GALUSDT,15,1652650200,6.724,6.737,6.587,6.715
GALUSDT,15,1652651100,6.715,7.076,6.71,7.076
GALUSDT,15,1669935600,1.592,1.596,1.59,1.59
GALUSDT,15,1669935600,1.592,1.596,1.588,1.59
GALUSDT,1,1669935600,1.592,1.596,1.592,1.593
GALUSDT,1,1669935660,1.593,1.593,1.59,1.592
GALUSDT,1,1669935720,1.592,1.593,1.591,1.591
GALUSDT,1,1669935780,1.591,1.591,1.588,1.588
GALUSDT,1,1669935840,1.588,1.59,1.588,1.59
GALUSDT,1,1669935900,1.59,1.59,1.587,1.587
