symbol,period,start_at,open,high,low,close
REEFUSDT,15,1652565600,0.00427,0.004294,0.00425,0.004294
REEFUSDT,15,1652566500,0.004294,0.004306,0.004278,0.004278
REEFUSDT,15,1652567400,0.004278,0.004286,0.004262,0.004285
REEFUSDT,15,1652568300,0.004285,0.004402,0.004285,0.004382
REEFUSDT,15,1652569200,0.004382,0.004395,0.004344,0.00435
REEFUSDT,15,1652570100,0.00435,0.004423,0.004345,0.004423
REEFUSDT,15,1652571000,0.004423,0.004455,0.004403,0.004452
REEFUSDT,15,1652571900,0.004452,0.004488,0.004432,0.004462
REEFUSDT,15,1652572800,0.004462,0.004462,0.004273,0.004277
REEFUSDT,15,1652573700,0.004277,0.004375,0.004277,0.004366
REEFUSDT,15,1652574600,0.004366,0.004388,0.004338,0.00434
REEFUSDT,15,1652575500,0.00434,0.00434,0.004314,0.004321
REEFUSDT,15,1652576400,0.004321,0.004345,0.004288,0.004291
REEFUSDT,15,1652577300,0.004291,0.004321,0.004288,0.004298
REEFUSDT,15,1652578200,0.004298,0.004328,0.00428,0.00432
REEFUSDT,15,1652579100,0.00432,0.00435,0.004316,0.004342
REEFUSDT,15,1652580000,0.004342,0.004375,0.00429,0.004298
REEFUSDT,15,1652580900,0.004298,0.004313,0.004268,0.004298
REEFUSDT,15,1652581800,0.004298,0.004299,0.004267,0.004267
REEFUSDT,15,1652582700,0.004267,0.004319,0.004255,0.004319
REEFUSDT,15,1652583600,0.004319,0.004338,0.004311,0.004323
REEFUSDT,15,1652584500,0.004323,0.004323,0.004269,0.004285
REEFUSDT,15,1652585400,0.004285,0.004311,0.004269,0.004302
REEFUSDT,15,1652586300,0.004302,0.004318,0.004302,0.004318
REEFUSDT,15,1652587200,0.004318,0.004383,0.004318,0.004376
REEFUSDT,15,1652588100,0.004376,0.004391,0.004366,0.004374
REEFUSDT,15,1652589000,0.004374,0.004374,0.004305,0.004319
REEFUSDT,15,1652589900,0.004319,0.004357,0.004316,0.004333
REEFUSDT,15,1652590800,0.004333,0.00435,0.004329,0.004338
REEFUSDT,15,1652591700,0.004338,0.00437,0.004334,0.00437
REEFUSDT,15,1652592600,0.00437,0.004407,0.004361,0.004407
REEFUSDT,15,1652593500,0.004407,0.004521,0.004402,0.00451
REEFUSDT,15,1652594400,0.00451,0.004546,0.004499,0.0045
REEFUSDT,15,1652595300,0.0045,0.004553,0.004488,0.004535
REEFUSDT,15,1652596200,0.004535,0.004544,0.004517,0.00452
REEFUSDT,15,1652597100,0.00452,0.004558,0.00451,0.004556
REEFUSDT,15,1652598000,0.004556,0.004595,0.004549,0.004565
REEFUSDT,15,1652598900,0.004565,0.004581,0.004523,0.004523
REEFUSDT,15,1652599800,0.004523,0.004533,0.004497,0.004504
REEFUSDT,15,1652600700,0.004504,0.004508,0.004455,0.004462
REEFUSDT,15,1652601600,0.004462,0.004462,0.00428,0.00428
REEFUSDT,15,1652602500,0.00428,0.004287,0.004252,0.004274
REEFUSDT,15,1652603400,0.004274,0.0043,0.004274,0.004282
REEFUSDT,15,1652604300,0.004282,0.004285,0.004255,0.004271
REEFUSDT,15,1652605200,0.004271,0.004283,0.004269,0.004272
REEFUSDT,15,1652606100,0.004272,0.004308,0.004263,0.004298
REEFUSDT,15,1652607000,0.004298,0.004317,0.004297,0.004309
REEFUSDT,15,1652607900,0.004309,0.00433,0.004309,0.004325
REEFUSDT,15,1652608800,0.004325,0.004327,0.004303,0.004315
REEFUSDT,15,1652609700,0.004315,0.004328,0.004308,0.004308
REEFUSDT,15,1652610600,0.004308,0.004334,0.004305,0.004328
REEFUSDT,15,1652611500,0.004328,0.004381,0.004324,0.004381
REEFUSDT,15,1652612400,0.004381,0.00441,0.004377,0.004396
REEFUSDT,15,1652613300,0.004396,0.004463,0.004391,0.004453
REEFUSDT,15,1652614200,0.004453,0.004508,0.004452,0.004478
REEFUSDT,15,1652615100,0.004478,0.004514,0.004477,0.004493
REEFUSDT,15,1652616000,0.004493,0.00457,0.004487,0.004547
REEFUSDT,15,1652616900,0.004547,0.004579,0.004521,0.004524
REEFUSDT,15,1652617800,0.004524,0.004533,0.004483,0.004525
REEFUSDT,15,1652618700,0.004525,0.00453,0.004496,0.004503
REEFUSDT,15,1652619600,0.004503,0.004503,0.004462,0.004476
REEFUSDT,15,1652620500,0.004476,0.004486,0.004415,0.004429
REEFUSDT,15,1652621400,0.004429,0.004429,0.004407,0.004408
REEFUSDT,15,1652622300,0.004408,0.004428,0.004398,0.00442
REEFUSDT,15,1652623200,0.00442,0.004422,0.004374,0.004396
REEFUSDT,15,1652624100,0.004396,0.004414,0.004384,0.004406
REEFUSDT,15,1652625000,0.004406,0.004423,0.004365,0.00441
REEFUSDT,15,1652625900,0.00441,0.004445,0.00441,0.004425
REEFUSDT,15,1652626800,0.004425,0.004515,0.004425,0.00451
REEFUSDT,15,1652627700,0.00451,0.004516,0.004491,0.004504
REEFUSDT,15,1652628600,0.004504,0.004504,0.004414,0.004418
REEFUSDT,15,1652629500,0.004418,0.004428,0.004366,0.0044
REEFUSDT,15,1652630400,0.0044,0.0044,0.00426,0.004264
REEFUSDT,15,1652631300,0.004264,0.004333,0.004264,0.00433
REEFUSDT,15,1652632200,0.00433,0.00443,0.004314,0.004423
REEFUSDT,15,1652633100,0.004423,0.004432,0.0044,0.004422
REEFUSDT,15,1652634000,0.004422,0.004432,0.004397,0.004416
REEFUSDT,15,1652634900,0.004416,0.004428,0.004407,0.004412
REEFUSDT,15,1652635800,0.004412,0.004412,0.004357,0.004366
REEFUSDT,15,1652636700,0.004366,0.004376,0.004328,0.004335
REEFUSDT,15,1652637600,0.004335,0.004335,0.004296,0.004317
REEFUSDT,15,1652638500,0.004317,0.004347,0.004315,0.00433
REEFUSDT,15,1652639400,0.00433,0.004401,0.004327,0.004395
REEFUSDT,15,1652640300,0.004395,0.004403,0.004355,0.004374
REEFUSDT,15,1652641200,0.004374,0.004383,0.004359,0.004362
REEFUSDT,15,1652642100,0.004362,0.004378,0.004357,0.004357
REEFUSDT,15,1652643000,0.004357,0.004393,0.004357,0.004391
REEFUSDT,15,1652643900,0.004391,0.004453,0.004391,0.00445
REEFUSDT,15,1652644800,0.00445,0.004535,0.004432,0.004526
REEFUSDT,15,1652645700,0.004526,0.004542,0.004498,0.004519
REEFUSDT,15,1652646600,0.004519,0.004538,0.004484,0.004528
REEFUSDT,15,1652647500,0.004528,0.004572,0.00452,0.00457
REEFUSDT,15,1652648400,0.00457,0.004615,0.004561,0.00461
REEFUSDT,15,1652649300,0.00461,0.004654,0.00461,0.004631
REEFUSDT,15,1652650200,0.004631,0.004651,0.004616,0.004644
REEFUSDT,15,1652651100,0.004644,0.004666,0.004632,0.004662
REEFUSDT,15,1669935600,0.003025,0.003034,0.003025,0.00303
REEFUSDT,15,1669935600,0.003025,0.003038,0.003025,0.003035
REEFUSDT,1,1669935600,0.003025,0.003034,0.003025,0.003034
REEFUSDT,1,1669935660,0.003034,0.003034,0.00303,0.00303
REEFUSDT,1,1669935720,0.00303,0.00303,0.00303,0.00303
REEFUSDT,1,1669935780,0.00303,0.003038,0.00303,0.003035
REEFUSDT,1,1669935840,0.003035,0.003037,0.003035,0.003035
REEFUSDT,1,1669935900,0.003035,0.003035,0.003035,0.003035
