symbol,period,start_at,open,high,low,close
OPUSDT,15,1654070400,1.7089,1.7188,1.6801,1.683
OPUSDT,15,1654071300,1.683,1.687,1.5377,1.5914
OPUSDT,15,1654072200,1.5914,1.6314,1.5104,1.5476
OPUSDT,15,1654073100,1.5476,1.6113,1.5121,1.5901
OPUSDT,15,1654074000,1.5901,1.644,1.5655,1.608
OPUSDT,15,1654074900,1.608,1.7245,1.608,1.667
OPUSDT,15,1654075800,1.667,1.6962,1.6151,1.641
OPUSDT,15,1654076700,1.641,1.6495,1.565,1.5923
OPUSDT,15,1654077600,1.5923,1.6319,1.5607,1.5853
OPUSDT,15,1654078500,1.5853,1.6092,1.544,1.5643
OPUSDT,15,1654079400,1.5643,1.5658,1.5186,1.557
OPUSDT,15,1654080300,1.557,1.5908,1.531,1.5701
OPUSDT,15,1654081200,1.5701,1.5701,1.4501,1.4691
OPUSDT,15,1654082100,1.4691,1.4778,1.3611,1.3902
OPUSDT,15,1654083000,1.3902,1.4029,1.2763,1.2897
OPUSDT,15,1654083900,1.2897,1.3264,1.2557,1.3199
OPUSDT,15,1654084800,1.3199,1.3505,1.2313,1.2489
OPUSDT,15,1654085700,1.2489,1.268,1.175,1.2489
OPUSDT,15,1654086600,1.2489,1.3158,1.2323,1.2914
OPUSDT,15,1654087500,1.2914,1.33,1.2449,1.2548
OPUSDT,15,1654088400,1.2548,1.3193,1.2267,1.2918
OPUSDT,15,1654089300,1.2918,1.3978,1.2861,1.3778
OPUSDT,15,1654090200,1.3778,1.4151,1.3327,1.3435
OPUSDT,15,1654091100,1.3435,1.3701,1.3069,1.37
OPUSDT,15,1654092000,1.37,1.3839,1.265,1.2729
OPUSDT,15,1654092900,1.2729,1.3127,1.2509,1.2889
OPUSDT,15,1654093800,1.2889,1.2948,1.2295,1.2897
OPUSDT,15,1654094700,1.2897,1.3345,1.2576,1.3119
OPUSDT,15,1654095600,1.3119,1.3375,1.2839,1.2993
OPUSDT,15,1654096500,1.2993,1.2993,1.234,1.2493
OPUSDT,15,1654097400,1.2493,1.2825,1.2431,1.2452
OPUSDT,15,1654098300,1.2452,1.2452,1.1568,1.1764
OPUSDT,15,1654099200,1.1764,1.1772,1.066,1.1213
OPUSDT,15,1654100100,1.1213,1.1614,1.0973,1.1214
OPUSDT,15,1654101000,1.1214,1.1634,1.0999,1.1104
OPUSDT,15,1654101900,1.1104,1.1218,1.073,1.0925
OPUSDT,15,1654102800,1.0925,1.1019,1.041,1.082
OPUSDT,15,1654103700,1.082,1.1226,1.062,1.1206
OPUSDT,15,1654104600,1.1206,1.1677,1.0987,1.1492
OPUSDT,15,1654105500,1.1492,1.2241,1.1411,1.2226
OPUSDT,15,1654106400,1.2226,1.2415,1.1671,1.1761
OPUSDT,15,1654107300,1.1761,1.2187,1.1461,1.1871
OPUSDT,15,1654108200,1.1871,1.244,1.1821,1.241
OPUSDT,15,1654109100,1.241,1.2728,1.1786,1.1953
OPUSDT,15,1654110000,1.1953,1.2918,1.1916,1.2826
OPUSDT,15,1654110900,1.2826,1.3151,1.2661,1.2903
OPUSDT,15,1654111800,1.2903,1.2968,1.2547,1.2787
OPUSDT,15,1654112700,1.2787,1.28,1.2302,1.245
OPUSDT,15,1654113600,1.245,1.2703,1.2101,1.2283
OPUSDT,15,1654114500,1.2283,1.2381,1.1708,1.1772
OPUSDT,15,1654115400,1.1772,1.1932,1.1429,1.1905
OPUSDT,15,1654116300,1.1905,1.2293,1.1896,1.2132
OPUSDT,15,1654117200,1.2132,1.2467,1.2,1.2369
OPUSDT,15,1654118100,1.2369,1.3167,1.2232,1.3104
OPUSDT,15,1654119000,1.3104,1.3419,1.2666,1.3369
OPUSDT,15,1654119900,1.3369,1.3427,1.2808,1.2899
OPUSDT,15,1654120800,1.2899,1.3496,1.2706,1.3048
OPUSDT,15,1654121700,1.3048,1.3297,1.2801,1.3178
OPUSDT,15,1654122600,1.3178,1.3248,1.2829,1.2953
OPUSDT,15,1654123500,1.2953,1.2987,1.2315,1.2593
OPUSDT,15,1654124400,1.2593,1.2876,1.2464,1.2619
OPUSDT,15,1654125300,1.2619,1.2747,1.2087,1.2498
OPUSDT,15,1654126200,1.2498,1.2654,1.2186,1.2412
OPUSDT,15,1654127100,1.2412,1.2568,1.2251,1.2328
OPUSDT,15,1654128000,1.2328,1.2507,1.1994,1.2003
OPUSDT,15,1654128900,1.2003,1.2517,1.1993,1.2456
OPUSDT,15,1654129800,1.2456,1.2837,1.2302,1.2753
OPUSDT,15,1654130700,1.2753,1.2956,1.2408,1.2442
OPUSDT,15,1654131600,1.2442,1.2644,1.2195,1.2622
OPUSDT,15,1654132500,1.2622,1.3032,1.2622,1.2907
OPUSDT,15,1654133400,1.2907,1.3076,1.2632,1.2691
OPUSDT,15,1654134300,1.2691,1.2823,1.2518,1.2593
OPUSDT,15,1654135200,1.2593,1.2737,1.224,1.2597
OPUSDT,15,1654136100,1.2597,1.2695,1.2518,1.2579
OPUSDT,15,1654137000,1.2579,1.2579,1.2315,1.2319
OPUSDT,15,1654137900,1.2319,1.241,1.1773,1.1835
OPUSDT,15,1654138800,1.1835,1.2002,1.1502,1.1631
OPUSDT,15,1654139700,1.1631,1.1831,1.1597,1.16
OPUSDT,15,1654140600,1.16,1.1888,1.1475,1.1833
OPUSDT,15,1654141500,1.1833,1.1833,1.1661,1.1818
OPUSDT,15,1654142400,1.1818,1.2115,1.1714,1.1714
OPUSDT,15,1654143300,1.1714,1.2004,1.1632,1.1962
OPUSDT,15,1654144200,1.1962,1.2058,1.1811,1.1958
OPUSDT,15,1654145100,1.1958,1.2009,1.1792,1.1826
OPUSDT,15,1654146000,1.1826,1.1916,1.1651,1.1684
OPUSDT,15,1654146900,1.1684,1.1739,1.1027,1.1268
OPUSDT,15,1654147800,1.1268,1.1289,1.087,1.116
OPUSDT,15,1654148700,1.116,1.1369,1.1093,1.1319
OPUSDT,15,1654149600,1.1319,1.1439,1.0921,1.1074
OPUSDT,15,1654150500,1.1074,1.1096,1.0504,1.0907
OPUSDT,15,1654151400,1.0907,1.1038,1.0733,1.0903
OPUSDT,15,1654152300,1.0903,1.1291,1.0893,1.1195
OPUSDT,15,1654153200,1.1195,1.1388,1.1172,1.1219
OPUSDT,15,1654154100,1.1219,1.1609,1.0962,1.1592
OPUSDT,15,1654155000,1.1592,1.1689,1.1404,1.1641
OPUSDT,15,1654155900,1.1641,1.1641,1.1319,1.1418
OPUSDT,15,1669935600,1.0761,1.0767,1.067,1.0674
OPUSDT,15,1669935600,1.0761,1.0767,1.067,1.0705
OPUSDT,1,1669935600,1.0761,1.0767,1.0709,1.0715
OPUSDT,1,1669935660,1.0715,1.0715,1.067,1.0704
OPUSDT,1,1669935720,1.0704,1.0743,1.0703,1.073
OPUSDT,1,1669935780,1.073,1.073,1.07,1.07
OPUSDT,1,1669935840,1.07,1.0733,1.07,1.0714
OPUSDT,1,1669935900,1.0714,1.0714,1.0699,1.0699
