symbol,period,start_at,open,high,low,close
CELUSDT,15,1658200500,0.7843,0.7907,0.7794,0.7847
CELUSDT,15,1658201400,0.7847,0.7886,0.7793,0.7797
CELUSDT,15,1658202300,0.7797,0.7885,0.7584,0.7584
CELUSDT,15,1658203200,0.7584,0.7706,0.7564,0.7697
CELUSDT,15,1658204100,0.7697,0.7699,0.7637,0.765
CELUSDT,15,1658205000,0.765,0.7789,0.7649,0.7781
CELUSDT,15,1658205900,0.7781,0.7844,0.7744,0.7775
CELUSDT,15,1658206800,0.7775,0.78,0.7749,0.78
CELUSDT,15,1658207700,0.78,0.79,0.78,0.7823
CELUSDT,15,1658208600,0.7823,0.7882,0.7804,0.7824
CELUSDT,15,1658209500,0.7824,0.7831,0.7754,0.7786
CELUSDT,15,1658210400,0.7786,0.781,0.7724,0.7744
CELUSDT,15,1658211300,0.7744,0.7815,0.7744,0.7787
CELUSDT,15,1658212200,0.7787,0.7836,0.7773,0.7836
CELUSDT,15,1658213100,0.7836,0.7972,0.7819,0.7902
CELUSDT,15,1658214000,0.7902,0.797,0.782,0.787
CELUSDT,15,1658214900,0.787,0.7935,0.7858,0.7933
CELUSDT,15,1658215800,0.7933,0.7933,0.7824,0.7886
CELUSDT,15,1658216700,0.7886,0.7914,0.7869,0.7869
CELUSDT,15,1658217600,0.7869,0.7949,0.7859,0.7883
CELUSDT,15,1658218500,0.7883,0.7914,0.7839,0.784
CELUSDT,15,1658219400,0.784,0.7865,0.7828,0.7848
CELUSDT,15,1658220300,0.7848,0.789,0.7835,0.787
CELUSDT,15,1658221200,0.787,0.7896,0.7856,0.7859
CELUSDT,15,1658222100,0.7859,0.788,0.7847,0.7879
CELUSDT,15,1658223000,0.7879,0.7879,0.7818,0.7846
CELUSDT,15,1658223900,0.7846,0.7863,0.781,0.781
CELUSDT,15,1658224800,0.781,0.7819,0.7753,0.7798
CELUSDT,15,1658225700,0.7798,0.7802,0.769,0.7742
CELUSDT,15,1658226600,0.7742,0.7762,0.7721,0.7761
CELUSDT,15,1658227500,0.7761,0.7834,0.7746,0.7791
CELUSDT,15,1658228400,0.7791,0.7848,0.778,0.7835
CELUSDT,15,1658229300,0.7835,0.7843,0.7803,0.7829
CELUSDT,15,1658230200,0.7829,0.7829,0.7723,0.7723
CELUSDT,15,1658231100,0.7723,0.774,0.7667,0.7725
CELUSDT,15,1658232000,0.7725,0.7757,0.7682,0.7722
CELUSDT,15,1658232900,0.7722,0.7742,0.7704,0.7724
CELUSDT,15,1658233800,0.7724,0.7775,0.771,0.776
CELUSDT,15,1658234700,0.776,0.7761,0.772,0.7729
CELUSDT,15,1658235600,0.7729,0.7751,0.769,0.7697
CELUSDT,15,1658236500,0.7697,0.7729,0.7685,0.7715
CELUSDT,15,1658237400,0.7715,0.7754,0.7706,0.7725
CELUSDT,15,1658238300,0.7725,0.7728,0.7688,0.7708
CELUSDT,15,1658239200,0.7708,0.7723,0.7679,0.77
CELUSDT,15,1658240100,0.77,0.7704,0.7655,0.768
CELUSDT,15,1658241000,0.768,0.7681,0.7645,0.7663
CELUSDT,15,1658241900,0.7663,0.7801,0.7657,0.7774
CELUSDT,15,1658242800,0.7774,0.779,0.7762,0.7774
CELUSDT,15,1658243700,0.7774,0.7791,0.7703,0.7748
CELUSDT,15,1658244600,0.7748,0.775,0.7677,0.77
CELUSDT,15,1658245500,0.77,0.7732,0.7634,0.7726
CELUSDT,15,1658246400,0.7726,0.775,0.7681,0.773
CELUSDT,15,1658247300,0.773,0.7859,0.7723,0.7832
CELUSDT,15,1658248200,0.7832,0.7959,0.7788,0.7959
CELUSDT,15,1658249100,0.7959,0.7959,0.7865,0.7871
CELUSDT,15,1658250000,0.7871,0.7951,0.7842,0.789
CELUSDT,15,1658250900,0.789,0.789,0.7827,0.7842
CELUSDT,15,1658251800,0.7842,0.7855,0.7781,0.7781
CELUSDT,15,1658252700,0.7781,0.7842,0.7775,0.7806
CELUSDT,15,1658253600,0.7806,0.7882,0.7801,0.7825
CELUSDT,15,1658254500,0.7825,0.7854,0.7797,0.7821
CELUSDT,15,1658255400,0.7821,0.7851,0.7768,0.7775
CELUSDT,15,1658256300,0.7775,0.7828,0.7768,0.7828
CELUSDT,15,1658257200,0.7828,0.783,0.7776,0.7796
CELUSDT,15,1658258100,0.7796,0.7815,0.775,0.778
CELUSDT,15,1658259000,0.778,0.778,0.7731,0.7741
CELUSDT,15,1658259900,0.7741,0.7778,0.7688,0.7692
CELUSDT,15,1658260800,0.7692,0.7754,0.7681,0.7744
CELUSDT,15,1658261700,0.7744,0.7749,0.7667,0.7692
CELUSDT,15,1658262600,0.7692,0.7739,0.7642,0.7645
CELUSDT,15,1658263500,0.7645,0.7718,0.7644,0.7718
CELUSDT,15,1658264400,0.7718,0.7763,0.7713,0.7763
CELUSDT,15,1658265300,0.7763,0.7768,0.7714,0.7768
CELUSDT,15,1658266200,0.7768,0.7806,0.7736,0.7767
CELUSDT,15,1658267100,0.7767,0.7792,0.7724,0.7735
CELUSDT,15,1658268000,0.7735,0.7768,0.773,0.7742
CELUSDT,15,1658268900,0.7742,0.7763,0.7697,0.7749
CELUSDT,15,1658269800,0.7749,0.7782,0.7735,0.775
CELUSDT,15,1658270700,0.775,0.7826,0.7744,0.7793
CELUSDT,15,1658271600,0.7793,0.7828,0.7781,0.7826
CELUSDT,15,1658272500,0.7826,0.7831,0.7766,0.7776
CELUSDT,15,1658273400,0.7776,0.7818,0.7757,0.778
CELUSDT,15,1658274300,0.778,0.778,0.7729,0.7779
CELUSDT,15,1658275200,0.7779,0.7779,0.772,0.7749
CELUSDT,15,1658276100,0.7749,0.7749,0.769,0.7746
CELUSDT,15,1658277000,0.7746,0.7765,0.7714,0.7731
CELUSDT,15,1658277900,0.7731,0.776,0.7711,0.7725
CELUSDT,15,1658278800,0.7725,0.7759,0.7706,0.772
CELUSDT,15,1658279700,0.772,0.7759,0.7709,0.7727
CELUSDT,15,1658280600,0.7727,0.7748,0.77,0.7722
CELUSDT,15,1658281500,0.7722,0.7756,0.7692,0.7715
CELUSDT,15,1658282400,0.7715,0.7717,0.7664,0.768
CELUSDT,15,1658283300,0.768,0.7715,0.7673,0.7712
CELUSDT,15,1658284200,0.7712,0.7712,0.7675,0.7697
CELUSDT,15,1658285100,0.7697,0.7702,0.7663,0.7681
CELUSDT,15,1658286000,0.7681,0.7691,0.7667,0.768
