symbol,interval,open_time,open,high,low,close,volume,turnover
BTCUSDZ22,15,1654848000,30567,30614,30528,30565.5,71432,2.3362895
BTCUSDZ22,15,1654848900,30565.5,30597,30509,30523,72701,2.37974402
BTCUSDZ22,15,1654849800,30523,30569.5,30484.5,30518.5,79979,2.62040265
BTCUSDZ22,15,1654850700,30518.5,30553.5,30506,30515.5,75495,2.47273273
BTCUSDZ22,15,1654851600,30515.5,30536,30511,30528,103299,3.38432783
BTCUSDZ22,15,1654852500,30528,30572.5,30396.5,30551,82273,2.69726573
BTCUSDZ22,15,1654853400,30551,30559.5,30471.5,30487.5,79229,2.59736924
BTCUSDZ22,15,1654854300,30487.5,30496,30350.5,30399.5,262175,8.62172581
BTCUSDZ22,15,1654855200,30399.5,30400,30364.5,30391.5,60837,2.00185189
BTCUSDZ22,15,1654856100,30391.5,30485,30391.5,30479,97739,3.2127934
BTCUSDZ22,15,1654857000,30479,30501.5,30448,30462.5,79732,2.61698381
BTCUSDZ22,15,1654857900,30462.5,30511,30458,30504,87535,2.87081969
BTCUSDZ22,15,1654858800,30504,30537.5,30489.5,30519.5,91450,2.99743412
BTCUSDZ22,15,1654859700,30519.5,30519.5,30482,30485,48739,1.59787559
BTCUSDZ22,15,1654860600,30485,30583,30485,30549,70023,2.29235556
BTCUSDZ22,15,1654861500,30549,30557,30502.5,30526.5,94442,3.09268187
BTCUSDZ22,15,1654862400,30526.5,30650.5,30499,30646.5,69883,2.28617728
BTCUSDZ22,15,1654863300,30646.5,30687.5,30582.5,30619.5,90695,2.96165684
BTCUSDZ22,15,1654864200,30619.5,30619.5,30010,30210,470499,15.57682946
BTCUSDZ22,15,1654865100,30210,30287.5,30087.5,30136.5,105970,3.50971141
BTCUSDZ22,15,1654866000,30136.5,30199.5,30083,30125,89990,2.98608237
BTCUSDZ22,15,1654866900,30125,30125,29760.5,29909.5,191558,6.39610516
BTCUSDZ22,15,1654867800,29909.5,29995,29755,29995,112749,3.77328702
BTCUSDZ22,15,1654868700,29995,30060.5,29837.5,29887.5,147519,4.92775454
BTCUSDZ22,15,1654869600,29887.5,29914,29717,29849.5,116040,3.89539719
BTCUSDZ22,15,1654870500,29849.5,29961,29823.5,29941,73613,2.46170604
BTCUSDZ22,15,1654871400,29941,30137,29941,30137,69437,2.31011913
BTCUSDZ22,15,1654872300,30137,30156.5,30043,30053.5,79090,2.62735319
BTCUSDZ22,15,1654873200,30053.5,30122.5,30027,30028.5,80444,2.67276144
BTCUSDZ22,15,1654874100,30028.5,30028.5,29862.5,29888.5,82617,2.75743692
BTCUSDZ22,15,1654875000,29888.5,29954.5,29865,29953,1095019,36.64302308
BTCUSDZ22,15,1654875900,29953,30014.5,29903.5,29961,553538,18.4770202
BTCUSDZ22,15,1654876800,29961,29985,29840.5,29848,102939,3.43785428
BTCUSDZ22,15,1654877700,29848,29900,29362,29448.5,1164201,39.4529244
BTCUSDZ22,15,1654878600,29448.5,29657,29368.5,29494.5,79922,2.71039313
BTCUSDZ22,15,1654879500,29494.5,29581,29400,29559,124852,4.23491646
BTCUSDZ22,15,1654880400,29559,29559,29403.5,29438,276817,9.39089711
BTCUSDZ22,15,1654881300,29438,29695,29428.5,29668.5,254119,8.58990787
BTCUSDZ22,15,1654882200,29668.5,29668.5,29585.5,29632.5,224513,7.58292182
BTCUSDZ22,15,1654883100,29632.5,29699.5,29584,29622,526709,17.74414471
BTCUSDZ22,15,1654884000,29622,29650.5,29537,29609,70820,2.39211135
BTCUSDZ22,15,1654884900,29609,29646.5,29555,29555,384416,12.98922444
BTCUSDZ22,15,1654885800,29555,29589,29470.5,29490,76554,2.591881
BTCUSDZ22,15,1654886700,29490,29594,29482.5,29559,115891,3.92540711
BTCUSDZ22,15,1654887600,29559,29572.5,29454,29545,101530,3.44029442
BTCUSDZ22,15,1654888500,29545,29659.5,29444.5,29544.5,136747,4.62835194
BTCUSDZ22,15,1654889400,29544.5,29640.5,29516.5,29552.5,75606,2.55524465
BTCUSDZ22,15,1654890300,29552.5,29552.5,29452.5,29472.5,159381,5.40403489
BTCUSDZ22,15,1654891200,29472.5,29684.5,29468.5,29629.5,217595,7.35147444
BTCUSDZ22,15,1654892100,29629.5,29762.5,29620.5,29703,129610,4.36463902
BTCUSDZ22,15,1654893000,29703,29721,29678,29678,100491,3.38306028
BTCUSDZ22,15,1654893900,29678,29721,29642,29719.5,96137,3.23724782
BTCUSDZ22,15,1654894800,29719.5,29722,29675.5,29688,88285,2.97315973
BTCUSDZ22,15,1654895700,29688,29690,29663,29665.5,76801,2.58818723
BTCUSDZ22,15,1654896600,29665.5,29734.5,29656,29725.5,91547,3.08396454
BTCUSDZ22,15,1654897500,29725.5,29898,29698.5,29712.5,168406,5.65867899
BTCUSDZ22,15,1654898400,29712.5,29805.5,29709.5,29748.5,94408,3.1709392
BTCUSDZ22,15,1654899300,29748.5,29781,29629,29659.5,129240,4.34742217
BTCUSDZ22,15,1654900200,29659.5,29675.5,29611.5,29632,99797,3.36691589
BTCUSDZ22,15,1654901100,29632,29764,29632,29675,87559,2.9507475
BTCUSDZ22,15,1654902000,29675,29711.5,29647,29685.5,104259,3.51351494
BTCUSDZ22,15,1654902900,29685.5,29689,29550.5,29616.5,67978,2.29300892
BTCUSDZ22,15,1654903800,29616.5,29643.5,29561,29574.5,87481,2.95530792
BTCUSDZ22,15,1654904700,29574.5,29602.5,29550.5,29585,88387,2.98830493
BTCUSDZ22,15,1654905600,29585,29696,29550.5,29666,88483,2.98710698
BTCUSDZ22,15,1654906500,29666,29728,29648,29689.5,97464,3.28224066
BTCUSDZ22,15,1654907400,29689.5,29737.5,29673,29722,82824,2.78785061
BTCUSDZ22,15,1654908300,29722,29747.5,29710,29732,113573,3.82017815
BTCUSDZ22,15,1654909200,29732,29762,29692.5,29704,80403,2.70444018
BTCUSDZ22,15,1654910100,29704,29727.5,29678,29708.5,75292,2.53410494
BTCUSDZ22,15,1654911000,29708.5,29758.5,29694.5,29757.5,79515,2.67452754
BTCUSDZ22,15,1654911900,29757.5,29759.5,29701.5,29704,65695,2.20965857
BTCUSDZ22,15,1654912800,29704,29735.5,29694,29712.5,110222,3.70991818
BTCUSDZ22,15,1654913700,29712.5,29746,29693.5,29741.5,89565,3.01443364
BTCUSDZ22,15,1654914600,29741.5,29753.5,29718.5,29743.5,84832,2.85280168
BTCUSDZ22,15,1654915500,29743.5,29796,29722,29771.5,74045,2.48859409
BTCUSDZ22,15,1654916400,29771.5,29820,29751.5,29779.5,79968,2.68465003
BTCUSDZ22,15,1654917300,29779.5,29784,29752.5,29779,93115,3.12854254
BTCUSDZ22,15,1654918200,29779,29807.5,29774.5,29782,123614,4.1504064
BTCUSDZ22,15,1654919100,29782,29815.5,29781.5,29790,132896,4.46097618
BTCUSDZ22,15,1654920000,29790,29831,29780.5,29810.5,211025,7.08304314
BTCUSDZ22,15,1654920900,29810.5,29841.5,29803,29821,71809,2.4075863
BTCUSDZ22,15,1654921800,29821,29848,29818,29844.5,52997,1.77667208
BTCUSDZ22,15,1654922700,29844.5,29876,29844.5,29876,62140,2.08101457
BTCUSDZ22,15,1654923600,29876,29960.5,29876,29888.5,104120,3.48029424
BTCUSDZ22,15,1654924500,29888.5,29888.5,29810,29835.5,95907,3.21463883
BTCUSDZ22,15,1654925400,29835.5,29850,29815,29828,112441,3.76865896
BTCUSDZ22,15,1654926300,29828,29837.5,29781.5,29788,113843,3.81913569
BTCUSDZ22,15,1654927200,29788,29802.5,29781.5,29786.5,73358,2.46214156
BTCUSDZ22,15,1654928100,29786.5,29796.5,29781.5,29796.5,92952,3.1205553
BTCUSDZ22,15,1654929000,29796.5,29814.5,29781.5,29808,55414,1.85945207
BTCUSDZ22,15,1654929900,29808,29809.5,29795.5,29805,96094,3.22434832
BTCUSDZ22,15,1654930800,29805,29846,29805,29807,130280,4.36836006
BTCUSDZ22,15,1654931700,29807,29856.5,29796.5,29820.5,99179,3.32514691
BTCUSDZ22,15,1654932600,29820.5,29846,29820.5,29836.5,115573,3.87423598
BTCUSDZ22,15,1654933500,29836.5,29844.5,29816.5,29820.5,71203,2.38733306
