symbol,period,start_at,open,high,low,close
GALAUSDT,15,1652565600,0.09137,0.09195,0.09062,0.09167
GALAUSDT,15,1652566500,0.09167,0.09202,0.09053,0.09053
GALAUSDT,15,1652567400,0.09053,0.09102,0.09012,0.091
GALAUSDT,15,1652568300,0.091,0.09496,0.09085,0.09414
GALAUSDT,15,1652569200,0.09414,0.09484,0.09331,0.0937
GALAUSDT,15,1652570100,0.0937,0.09453,0.09287,0.09422
GALAUSDT,15,1652571000,0.09422,0.09991,0.09333,0.09846
GALAUSDT,15,1652571900,0.09846,0.1016,0.09772,0.09962
GALAUSDT,15,1652572800,0.09962,0.10152,0.09831,0.0992
GALAUSDT,15,1652573700,0.0992,0.10346,0.09912,0.10205
GALAUSDT,15,1652574600,0.10205,0.10248,0.10008,0.10042
GALAUSDT,15,1652575500,0.10042,0.10042,0.09865,0.09922
GALAUSDT,15,1652576400,0.09922,0.09948,0.09563,0.09599
GALAUSDT,15,1652577300,0.09599,0.09669,0.09425,0.0944
GALAUSDT,15,1652578200,0.0944,0.09516,0.09349,0.09438
GALAUSDT,15,1652579100,0.09438,0.09557,0.09408,0.09534
GALAUSDT,15,1652580000,0.09534,0.09679,0.09416,0.09437
GALAUSDT,15,1652580900,0.09437,0.09473,0.09341,0.09349
GALAUSDT,15,1652581800,0.09349,0.09394,0.09254,0.0927
GALAUSDT,15,1652582700,0.0927,0.09404,0.09236,0.09385
GALAUSDT,15,1652583600,0.09385,0.09391,0.09268,0.09282
GALAUSDT,15,1652584500,0.09282,0.09284,0.0916,0.09232
GALAUSDT,15,1652585400,0.09232,0.09416,0.09178,0.09403
GALAUSDT,15,1652586300,0.09403,0.09473,0.09372,0.09431
GALAUSDT,15,1652587200,0.09431,0.09507,0.09312,0.09458
GALAUSDT,15,1652588100,0.09458,0.09482,0.09349,0.09378
GALAUSDT,15,1652589000,0.09378,0.09399,0.09191,0.0926
GALAUSDT,15,1652589900,0.0926,0.09329,0.09216,0.09285
GALAUSDT,15,1652590800,0.09285,0.09299,0.09105,0.09171
GALAUSDT,15,1652591700,0.09171,0.0929,0.09122,0.09267
GALAUSDT,15,1652592600,0.09267,0.09484,0.09265,0.09474
GALAUSDT,15,1652593500,0.09474,0.0965,0.09442,0.09607
GALAUSDT,15,1652594400,0.09607,0.09642,0.09417,0.09419
GALAUSDT,15,1652595300,0.09419,0.09554,0.09381,0.09504
GALAUSDT,15,1652596200,0.09504,0.09526,0.09375,0.09377
GALAUSDT,15,1652597100,0.09377,0.09522,0.09336,0.09493
GALAUSDT,15,1652598000,0.09493,0.0959,0.09464,0.09487
GALAUSDT,15,1652598900,0.09487,0.09502,0.09337,0.0937
GALAUSDT,15,1652599800,0.0937,0.09434,0.0934,0.09402
GALAUSDT,15,1652600700,0.09402,0.09407,0.09232,0.09283
GALAUSDT,15,1652601600,0.09283,0.09306,0.09158,0.09167
GALAUSDT,15,1652602500,0.09167,0.09222,0.09064,0.09163
GALAUSDT,15,1652603400,0.09163,0.09236,0.09123,0.09195
GALAUSDT,15,1652604300,0.09195,0.09196,0.0909,0.09168
GALAUSDT,15,1652605200,0.09168,0.09229,0.09106,0.09123
GALAUSDT,15,1652606100,0.09123,0.09323,0.09111,0.09264
GALAUSDT,15,1652607000,0.09264,0.09345,0.09262,0.09337
GALAUSDT,15,1652607900,0.09337,0.09377,0.09293,0.09328
GALAUSDT,15,1652608800,0.09328,0.09358,0.09216,0.09264
GALAUSDT,15,1652609700,0.09264,0.09322,0.09235,0.09316
GALAUSDT,15,1652610600,0.09316,0.0939,0.09234,0.09388
GALAUSDT,15,1652611500,0.09388,0.09555,0.09322,0.09525
GALAUSDT,15,1652612400,0.09525,0.09534,0.09395,0.09431
GALAUSDT,15,1652613300,0.09431,0.095,0.09385,0.09469
GALAUSDT,15,1652614200,0.09469,0.09592,0.09437,0.09568
GALAUSDT,15,1652615100,0.09568,0.09673,0.09568,0.09601
GALAUSDT,15,1652616000,0.09601,0.09684,0.09565,0.09565
GALAUSDT,15,1652616900,0.09565,0.09643,0.09412,0.09414
GALAUSDT,15,1652617800,0.09414,0.09471,0.09351,0.09452
GALAUSDT,15,1652618700,0.09452,0.09503,0.09342,0.09392
GALAUSDT,15,1652619600,0.09392,0.09394,0.09262,0.09368
GALAUSDT,15,1652620500,0.09368,0.09391,0.092,0.09233
GALAUSDT,15,1652621400,0.09233,0.09298,0.09178,0.09236
GALAUSDT,15,1652622300,0.09236,0.09278,0.09199,0.09252
GALAUSDT,15,1652623200,0.09252,0.09285,0.09103,0.0918
GALAUSDT,15,1652624100,0.0918,0.09194,0.09019,0.09096
GALAUSDT,15,1652625000,0.09096,0.092,0.09039,0.09185
GALAUSDT,15,1652625900,0.09185,0.09235,0.09117,0.092
GALAUSDT,15,1652626800,0.092,0.09367,0.09195,0.09328
GALAUSDT,15,1652627700,0.09328,0.09331,0.09239,0.09248
GALAUSDT,15,1652628600,0.09248,0.09255,0.0916,0.09189
GALAUSDT,15,1652629500,0.09189,0.09221,0.09061,0.09138
GALAUSDT,15,1652630400,0.09138,0.09206,0.09076,0.09129
GALAUSDT,15,1652631300,0.09129,0.09235,0.09119,0.09222
GALAUSDT,15,1652632200,0.09222,0.09358,0.09196,0.09344
GALAUSDT,15,1652633100,0.09344,0.09367,0.09289,0.09311
GALAUSDT,15,1652634000,0.09311,0.09452,0.09259,0.0941
GALAUSDT,15,1652634900,0.0941,0.09427,0.09354,0.0938
GALAUSDT,15,1652635800,0.0938,0.0938,0.09283,0.09292
GALAUSDT,15,1652636700,0.09292,0.09348,0.09188,0.09198
GALAUSDT,15,1652637600,0.09198,0.09257,0.09144,0.09253
GALAUSDT,15,1652638500,0.09253,0.09342,0.09251,0.09306
GALAUSDT,15,1652639400,0.09306,0.09418,0.0924,0.09418
GALAUSDT,15,1652640300,0.09418,0.0943,0.09318,0.0935
GALAUSDT,15,1652641200,0.0935,0.09358,0.09231,0.09265
GALAUSDT,15,1652642100,0.09265,0.09305,0.09238,0.09249
GALAUSDT,15,1652643000,0.09249,0.09379,0.09248,0.09351
GALAUSDT,15,1652643900,0.09351,0.09419,0.09351,0.09408
GALAUSDT,15,1652644800,0.09408,0.09619,0.09351,0.09617
GALAUSDT,15,1652645700,0.09617,0.09668,0.09569,0.0961
GALAUSDT,15,1652646600,0.0961,0.09687,0.0956,0.09597
GALAUSDT,15,1652647500,0.09597,0.09665,0.09548,0.09643
GALAUSDT,15,1652648400,0.09643,0.09831,0.09637,0.09715
GALAUSDT,15,1652649300,0.09715,0.09719,0.0963,0.09631
GALAUSDT,15,1652650200,0.09631,0.0972,0.09591,0.09685
GALAUSDT,15,1652651100,0.09685,0.09823,0.09681,0.09792
GALAUSDT,15,1669935600,0.02533,0.02537,0.02533,0.02537
GALAUSDT,15,1669935600,0.02533,0.0254,0.02533,0.02538
GALAUSDT,1,1669935600,0.02533,0.02536,0.02533,0.02536
GALAUSDT,1,1669935660,0.02536,0.0254,0.02536,0.0254
GALAUSDT,1,1669935720,0.0254,0.0254,0.02536,0.02539
GALAUSDT,1,1669935780,0.02539,0.02539,0.02536,0.02536
GALAUSDT,1,1669935840,0.02536,0.02538,0.02536,0.02538
GALAUSDT,1,1669935900,0.02538,0.02538,0.02537,0.02537
