symbol,period,start_at,open,high,low,close
OGNUSDT,15,1652565600,0.2214,0.2227,0.2204,0.2226
OGNUSDT,15,1652566500,0.2226,0.2231,0.2221,0.2221
OGNUSDT,15,1652567400,0.2221,0.2222,0.2207,0.2217
OGNUSDT,15,1652568300,0.2217,0.2271,0.2215,0.2256
OGNUSDT,15,1652569200,0.2256,0.2261,0.2245,0.2249
OGNUSDT,15,1652570100,0.2249,0.2271,0.2244,0.2265
OGNUSDT,15,1652571000,0.2265,0.229,0.2258,0.2281
OGNUSDT,15,1652571900,0.2281,0.2298,0.2263,0.2284
OGNUSDT,15,1652572800,0.2284,0.2295,0.2253,0.226
OGNUSDT,15,1652573700,0.226,0.2332,0.226,0.2327
OGNUSDT,15,1652574600,0.2327,0.2335,0.2298,0.2299
OGNUSDT,15,1652575500,0.2299,0.2301,0.2277,0.2285
OGNUSDT,15,1652576400,0.2285,0.2289,0.2269,0.2269
OGNUSDT,15,1652577300,0.2269,0.2278,0.2259,0.2261
OGNUSDT,15,1652578200,0.2261,0.2265,0.2243,0.2257
OGNUSDT,15,1652579100,0.2257,0.227,0.2254,0.226
OGNUSDT,15,1652580000,0.226,0.2274,0.2233,0.2235
OGNUSDT,15,1652580900,0.2235,0.2247,0.2216,0.2246
OGNUSDT,15,1652581800,0.2246,0.2285,0.2242,0.2266
OGNUSDT,15,1652582700,0.2266,0.2271,0.2258,0.2261
OGNUSDT,15,1652583600,0.2261,0.2268,0.2242,0.2243
OGNUSDT,15,1652584500,0.2243,0.2245,0.2229,0.2233
OGNUSDT,15,1652585400,0.2233,0.2252,0.2223,0.2242
OGNUSDT,15,1652586300,0.2242,0.2248,0.2229,0.2229
OGNUSDT,15,1652587200,0.2229,0.2268,0.2217,0.2263
OGNUSDT,15,1652588100,0.2263,0.2274,0.2262,0.2265
OGNUSDT,15,1652589000,0.2265,0.2265,0.224,0.2245
OGNUSDT,15,1652589900,0.2245,0.2257,0.2243,0.2255
OGNUSDT,15,1652590800,0.2255,0.2264,0.2251,0.2258
OGNUSDT,15,1652591700,0.2258,0.2269,0.2255,0.2264
OGNUSDT,15,1652592600,0.2264,0.2295,0.2264,0.2293
OGNUSDT,15,1652593500,0.2293,0.2354,0.2288,0.2335
OGNUSDT,15,1652594400,0.2335,0.2377,0.2334,0.2376
OGNUSDT,15,1652595300,0.2376,0.2377,0.2327,0.2327
OGNUSDT,15,1652596200,0.2327,0.2345,0.2317,0.2319
OGNUSDT,15,1652597100,0.2319,0.2321,0.2303,0.2308
OGNUSDT,15,1652598000,0.2308,0.2318,0.2288,0.2294
OGNUSDT,15,1652598900,0.2294,0.2298,0.2275,0.2279
OGNUSDT,15,1652599800,0.2279,0.2291,0.2279,0.2281
OGNUSDT,15,1652600700,0.2281,0.2281,0.224,0.2245
OGNUSDT,15,1652601600,0.2245,0.2257,0.2228,0.2239
OGNUSDT,15,1652602500,0.2239,0.2246,0.2229,0.2243
OGNUSDT,15,1652603400,0.2243,0.225,0.2234,0.2248
OGNUSDT,15,1652604300,0.2248,0.2273,0.2233,0.2273
OGNUSDT,15,1652605200,0.2273,0.2325,0.2269,0.2279
OGNUSDT,15,1652606100,0.2279,0.2308,0.2279,0.2283
OGNUSDT,15,1652607000,0.2283,0.2306,0.2275,0.2284
OGNUSDT,15,1652607900,0.2284,0.2289,0.2273,0.2274
OGNUSDT,15,1652608800,0.2274,0.2274,0.2235,0.224
OGNUSDT,15,1652609700,0.224,0.2243,0.2233,0.224
OGNUSDT,15,1652610600,0.224,0.2251,0.223,0.2244
OGNUSDT,15,1652611500,0.2244,0.2286,0.2243,0.2284
OGNUSDT,15,1652612400,0.2284,0.2294,0.2269,0.2271
OGNUSDT,15,1652613300,0.2271,0.2271,0.2246,0.2253
OGNUSDT,15,1652614200,0.2253,0.228,0.2252,0.2276
OGNUSDT,15,1652615100,0.2276,0.229,0.2267,0.227
OGNUSDT,15,1652616000,0.227,0.2303,0.2268,0.2289
OGNUSDT,15,1652616900,0.2289,0.2309,0.2284,0.2287
OGNUSDT,15,1652617800,0.2287,0.2293,0.2261,0.2293
OGNUSDT,15,1652618700,0.2293,0.2294,0.2279,0.2291
OGNUSDT,15,1652619600,0.2291,0.2293,0.2266,0.2287
OGNUSDT,15,1652620500,0.2287,0.2294,0.2243,0.2243
OGNUSDT,15,1652621400,0.2243,0.2265,0.2229,0.2252
OGNUSDT,15,1652622300,0.2252,0.2259,0.2241,0.2243
OGNUSDT,15,1652623200,0.2243,0.2253,0.2185,0.2195
OGNUSDT,15,1652624100,0.2195,0.2197,0.2172,0.2187
OGNUSDT,15,1652625000,0.2187,0.2214,0.2173,0.2213
OGNUSDT,15,1652625900,0.2213,0.2226,0.2211,0.2222
OGNUSDT,15,1652626800,0.2222,0.2271,0.2221,0.2271
OGNUSDT,15,1652627700,0.2271,0.2271,0.2239,0.2239
OGNUSDT,15,1652628600,0.2239,0.2242,0.2217,0.2222
OGNUSDT,15,1652629500,0.2222,0.2227,0.2196,0.2212
OGNUSDT,15,1652630400,0.2212,0.2229,0.2209,0.2215
OGNUSDT,15,1652631300,0.2215,0.2231,0.2215,0.2227
OGNUSDT,15,1652632200,0.2227,0.2268,0.2224,0.2261
OGNUSDT,15,1652633100,0.2261,0.2262,0.225,0.2252
OGNUSDT,15,1652634000,0.2252,0.2259,0.2242,0.2259
OGNUSDT,15,1652634900,0.2259,0.2273,0.2259,0.2267
OGNUSDT,15,1652635800,0.2267,0.2267,0.2211,0.2213
OGNUSDT,15,1652636700,0.2213,0.2213,0.2175,0.2181
OGNUSDT,15,1652637600,0.2181,0.2194,0.217,0.2189
OGNUSDT,15,1652638500,0.2189,0.219,0.2162,0.217
OGNUSDT,15,1652639400,0.217,0.2225,0.2168,0.2225
OGNUSDT,15,1652640300,0.2225,0.2227,0.2213,0.222
OGNUSDT,15,1652641200,0.222,0.2227,0.2204,0.2206
OGNUSDT,15,1652642100,0.2206,0.2231,0.2204,0.2228
OGNUSDT,15,1652643000,0.2228,0.2239,0.2223,0.2231
OGNUSDT,15,1652643900,0.2231,0.2267,0.2231,0.2264
OGNUSDT,15,1652644800,0.2264,0.231,0.2246,0.23
OGNUSDT,15,1652645700,0.23,0.2304,0.2282,0.2288
OGNUSDT,15,1652646600,0.2288,0.2299,0.2279,0.2286
OGNUSDT,15,1652647500,0.2286,0.2304,0.228,0.2296
OGNUSDT,15,1652648400,0.2296,0.2317,0.2296,0.2306
OGNUSDT,15,1652649300,0.2306,0.2306,0.229,0.229
OGNUSDT,15,1652650200,0.229,0.2305,0.2284,0.2303
OGNUSDT,15,1652651100,0.2303,0.2314,0.2301,0.2314
OGNUSDT,15,1669935600,0.1057,0.1059,0.1057,0.1058
OGNUSDT,15,1669935600,0.1057,0.106,0.1057,0.1058
OGNUSDT,1,1669935600,0.1057,0.1059,0.1057,0.1059
OGNUSDT,1,1669935660,0.1059,0.1059,0.1058,0.1059
OGNUSDT,1,1669935720,0.1059,0.106,0.1058,0.1059
OGNUSDT,1,1669935780,0.1059,0.1059,0.1058,0.1058
OGNUSDT,1,1669935840,0.1058,0.1058,0.1058,0.1058
OGNUSDT,1,1669935900,0.1058,0.1058,0.1058,0.1058
