symbol,period,start_at,open,high,low,close
HOTUSDT,15,1652565600,0.002655,0.002662,0.002629,0.002657
HOTUSDT,15,1652566500,0.002657,0.002659,0.002639,0.002643
HOTUSDT,15,1652567400,0.002643,0.002647,0.002632,0.002644
HOTUSDT,15,1652568300,0.002644,0.002719,0.002644,0.002715
HOTUSDT,15,1652569200,0.002715,0.00272,0.002694,0.002697
HOTUSDT,15,1652570100,0.002697,0.002718,0.002684,0.002716
HOTUSDT,15,1652571000,0.002716,0.002734,0.002701,0.002734
HOTUSDT,15,1652571900,0.002734,0.002756,0.002721,0.002736
HOTUSDT,15,1652572800,0.002736,0.002738,0.002684,0.002699
HOTUSDT,15,1652573700,0.002699,0.002742,0.002699,0.002725
HOTUSDT,15,1652574600,0.002725,0.002737,0.002689,0.002695
HOTUSDT,15,1652575500,0.002695,0.002695,0.002671,0.002681
HOTUSDT,15,1652576400,0.002681,0.002687,0.00266,0.002664
HOTUSDT,15,1652577300,0.002664,0.002679,0.002658,0.002663
HOTUSDT,15,1652578200,0.002663,0.00267,0.002646,0.002663
HOTUSDT,15,1652579100,0.002663,0.002684,0.00266,0.002683
HOTUSDT,15,1652580000,0.002683,0.002705,0.002647,0.002653
HOTUSDT,15,1652580900,0.002653,0.002656,0.002633,0.002639
HOTUSDT,15,1652581800,0.002639,0.002641,0.002626,0.002629
HOTUSDT,15,1652582700,0.002629,0.002646,0.002613,0.002637
HOTUSDT,15,1652583600,0.002637,0.002645,0.002627,0.002629
HOTUSDT,15,1652584500,0.002629,0.002631,0.002606,0.00261
HOTUSDT,15,1652585400,0.00261,0.002633,0.002602,0.00263
HOTUSDT,15,1652586300,0.00263,0.002643,0.002627,0.002643
HOTUSDT,15,1652587200,0.002643,0.002661,0.002632,0.002655
HOTUSDT,15,1652588100,0.002655,0.002658,0.002634,0.002634
HOTUSDT,15,1652589000,0.002634,0.002639,0.002604,0.002619
HOTUSDT,15,1652589900,0.002619,0.002633,0.002613,0.00262
HOTUSDT,15,1652590800,0.00262,0.002626,0.002608,0.002621
HOTUSDT,15,1652591700,0.002621,0.002629,0.002609,0.002625
HOTUSDT,15,1652592600,0.002625,0.00266,0.002623,0.002659
HOTUSDT,15,1652593500,0.002659,0.002689,0.002657,0.002684
HOTUSDT,15,1652594400,0.002684,0.002697,0.002679,0.002683
HOTUSDT,15,1652595300,0.002683,0.00271,0.002674,0.002703
HOTUSDT,15,1652596200,0.002703,0.002704,0.002688,0.002689
HOTUSDT,15,1652597100,0.002689,0.002731,0.002685,0.002727
HOTUSDT,15,1652598000,0.002727,0.00276,0.002724,0.002737
HOTUSDT,15,1652598900,0.002737,0.00274,0.002716,0.002717
HOTUSDT,15,1652599800,0.002717,0.002723,0.002711,0.002717
HOTUSDT,15,1652600700,0.002717,0.002718,0.002685,0.002691
HOTUSDT,15,1652601600,0.002691,0.002695,0.002654,0.002654
HOTUSDT,15,1652602500,0.002654,0.002672,0.002635,0.002662
HOTUSDT,15,1652603400,0.002662,0.002676,0.002659,0.002667
HOTUSDT,15,1652604300,0.002667,0.002667,0.002644,0.002655
HOTUSDT,15,1652605200,0.002655,0.002663,0.002637,0.002637
HOTUSDT,15,1652606100,0.002637,0.002667,0.002633,0.00266
HOTUSDT,15,1652607000,0.00266,0.002666,0.002653,0.002665
HOTUSDT,15,1652607900,0.002665,0.002677,0.002663,0.002675
HOTUSDT,15,1652608800,0.002675,0.002675,0.00265,0.002656
HOTUSDT,15,1652609700,0.002656,0.002663,0.002646,0.002659
HOTUSDT,15,1652610600,0.002659,0.00267,0.002653,0.002665
HOTUSDT,15,1652611500,0.002665,0.002713,0.002663,0.002713
HOTUSDT,15,1652612400,0.002713,0.00272,0.002702,0.00271
HOTUSDT,15,1652613300,0.00271,0.002715,0.002689,0.002709
HOTUSDT,15,1652614200,0.002709,0.002738,0.002703,0.002727
HOTUSDT,15,1652615100,0.002727,0.00274,0.002724,0.002733
HOTUSDT,15,1652616000,0.002733,0.002749,0.002724,0.002729
HOTUSDT,15,1652616900,0.002729,0.002744,0.002707,0.002711
HOTUSDT,15,1652617800,0.002711,0.002719,0.00269,0.002713
HOTUSDT,15,1652618700,0.002713,0.002724,0.002698,0.002707
HOTUSDT,15,1652619600,0.002707,0.00271,0.00269,0.002706
HOTUSDT,15,1652620500,0.002706,0.002713,0.002672,0.002679
HOTUSDT,15,1652621400,0.002679,0.002681,0.002662,0.002663
HOTUSDT,15,1652622300,0.002663,0.002671,0.002651,0.002652
HOTUSDT,15,1652623200,0.002652,0.00266,0.002627,0.002641
HOTUSDT,15,1652624100,0.002641,0.002644,0.002613,0.002628
HOTUSDT,15,1652625000,0.002628,0.002648,0.002614,0.002639
HOTUSDT,15,1652625900,0.002639,0.00266,0.002637,0.002654
HOTUSDT,15,1652626800,0.002654,0.002701,0.002648,0.002695
HOTUSDT,15,1652627700,0.002695,0.002695,0.002663,0.002667
HOTUSDT,15,1652628600,0.002667,0.002667,0.002634,0.00264
HOTUSDT,15,1652629500,0.00264,0.002649,0.002617,0.002642
HOTUSDT,15,1652630400,0.002642,0.002667,0.002627,0.002635
HOTUSDT,15,1652631300,0.002635,0.002652,0.002635,0.00265
HOTUSDT,15,1652632200,0.00265,0.002687,0.002646,0.002684
HOTUSDT,15,1652633100,0.002684,0.002694,0.002677,0.002688
HOTUSDT,15,1652634000,0.002688,0.002689,0.002672,0.002684
HOTUSDT,15,1652634900,0.002684,0.002689,0.002682,0.002687
HOTUSDT,15,1652635800,0.002687,0.002687,0.002643,0.002645
HOTUSDT,15,1652636700,0.002645,0.002645,0.002608,0.002616
HOTUSDT,15,1652637600,0.002616,0.002617,0.002589,0.002604
HOTUSDT,15,1652638500,0.002604,0.002606,0.002567,0.002571
HOTUSDT,15,1652639400,0.002571,0.002582,0.002558,0.002581
HOTUSDT,15,1652640300,0.002581,0.002635,0.002578,0.002629
HOTUSDT,15,1652641200,0.002629,0.002642,0.002619,0.002619
HOTUSDT,15,1652642100,0.002619,0.00263,0.002617,0.002619
HOTUSDT,15,1652643000,0.002619,0.00264,0.002619,0.002638
HOTUSDT,15,1652643900,0.002638,0.002663,0.002638,0.002663
HOTUSDT,15,1652644800,0.002663,0.002733,0.002659,0.002726
HOTUSDT,15,1652645700,0.002726,0.002737,0.002694,0.002707
HOTUSDT,15,1652646600,0.002707,0.002724,0.002693,0.002716
HOTUSDT,15,1652647500,0.002716,0.002737,0.002706,0.002722
HOTUSDT,15,1652648400,0.002722,0.002737,0.002714,0.002718
HOTUSDT,15,1652649300,0.002718,0.002718,0.002698,0.002702
HOTUSDT,15,1652650200,0.002702,0.002717,0.002691,0.002713
HOTUSDT,15,1652651100,0.002713,0.002736,0.002712,0.002728
HOTUSDT,15,1669935600,0.00163,0.00163,0.00163,0.00163
HOTUSDT,15,1669935600,0.00163,0.001635,0.00163,0.001634
HOTUSDT,1,1669935600,0.00163,0.00163,0.00163,0.00163
HOTUSDT,1,1669935660,0.00163,0.001634,0.00163,0.001634
HOTUSDT,1,1669935720,0.001634,0.001635,0.001634,0.001635
HOTUSDT,1,1669935780,0.001635,0.001635,0.001634,0.001634
HOTUSDT,1,1669935840,0.001634,0.001634,0.001633,0.001633
HOTUSDT,1,1669935900,0.001633,0.001634,0.001633,0.001634
