symbol,period,start_at,open,high,low,close
IOSTUSDT,15,1652565600,0.01782,0.0179,0.01771,0.01784
IOSTUSDT,15,1652566500,0.01784,0.01784,0.01771,0.01772
IOSTUSDT,15,1652567400,0.01772,0.01772,0.01762,0.01769
IOSTUSDT,15,1652568300,0.01769,0.01808,0.01769,0.018
IOSTUSDT,15,1652569200,0.018,0.01809,0.0179,0.01793
IOSTUSDT,15,1652570100,0.01793,0.01816,0.01793,0.01812
IOSTUSDT,15,1652571000,0.01812,0.01825,0.01803,0.01825
IOSTUSDT,15,1652571900,0.01825,0.0183,0.01813,0.01828
IOSTUSDT,15,1652572800,0.01828,0.01828,0.01797,0.01802
IOSTUSDT,15,1652573700,0.01802,0.01832,0.01802,0.01825
IOSTUSDT,15,1652574600,0.01825,0.0183,0.01804,0.01809
IOSTUSDT,15,1652575500,0.01809,0.0181,0.01796,0.01798
IOSTUSDT,15,1652576400,0.01798,0.01803,0.01783,0.01785
IOSTUSDT,15,1652577300,0.01785,0.01793,0.01777,0.01777
IOSTUSDT,15,1652578200,0.01777,0.01778,0.0176,0.01766
IOSTUSDT,15,1652579100,0.01766,0.01775,0.01765,0.0177
IOSTUSDT,15,1652580000,0.0177,0.01784,0.01754,0.01755
IOSTUSDT,15,1652580900,0.01755,0.01762,0.01745,0.01755
IOSTUSDT,15,1652581800,0.01755,0.01757,0.01745,0.01746
IOSTUSDT,15,1652582700,0.01746,0.01752,0.0174,0.01749
IOSTUSDT,15,1652583600,0.01749,0.01757,0.01744,0.01747
IOSTUSDT,15,1652584500,0.01747,0.01748,0.01728,0.0173
IOSTUSDT,15,1652585400,0.0173,0.01739,0.01725,0.01737
IOSTUSDT,15,1652586300,0.01737,0.01743,0.01735,0.01742
IOSTUSDT,15,1652587200,0.01742,0.01754,0.01736,0.01751
IOSTUSDT,15,1652588100,0.01751,0.01759,0.01748,0.01754
IOSTUSDT,15,1652589000,0.01754,0.01757,0.0174,0.01744
IOSTUSDT,15,1652589900,0.01744,0.01749,0.01739,0.01743
IOSTUSDT,15,1652590800,0.01743,0.01745,0.0173,0.0174
IOSTUSDT,15,1652591700,0.0174,0.01752,0.01738,0.01751
IOSTUSDT,15,1652592600,0.01751,0.0177,0.0175,0.0177
IOSTUSDT,15,1652593500,0.0177,0.01783,0.01769,0.01777
IOSTUSDT,15,1652594400,0.01777,0.01787,0.0177,0.0177
IOSTUSDT,15,1652595300,0.0177,0.01784,0.01767,0.0178
IOSTUSDT,15,1652596200,0.0178,0.01782,0.01771,0.01771
IOSTUSDT,15,1652597100,0.01771,0.01789,0.01771,0.01788
IOSTUSDT,15,1652598000,0.01788,0.01794,0.01778,0.01781
IOSTUSDT,15,1652598900,0.01781,0.01782,0.01766,0.01767
IOSTUSDT,15,1652599800,0.01767,0.01769,0.01761,0.01765
IOSTUSDT,15,1652600700,0.01765,0.01765,0.01748,0.01753
IOSTUSDT,15,1652601600,0.01753,0.01758,0.01747,0.01748
IOSTUSDT,15,1652602500,0.01748,0.0176,0.01738,0.01756
IOSTUSDT,15,1652603400,0.01756,0.01764,0.0175,0.01759
IOSTUSDT,15,1652604300,0.01759,0.01759,0.01741,0.01747
IOSTUSDT,15,1652605200,0.01747,0.01753,0.0174,0.01742
IOSTUSDT,15,1652606100,0.01742,0.01765,0.0174,0.01761
IOSTUSDT,15,1652607000,0.01761,0.01765,0.01756,0.01763
IOSTUSDT,15,1652607900,0.01763,0.01769,0.01761,0.01763
IOSTUSDT,15,1652608800,0.01763,0.01765,0.0175,0.01757
IOSTUSDT,15,1652609700,0.01757,0.0176,0.01752,0.01758
IOSTUSDT,15,1652610600,0.01758,0.01766,0.01752,0.01763
IOSTUSDT,15,1652611500,0.01763,0.01791,0.01763,0.0179
IOSTUSDT,15,1652612400,0.0179,0.01792,0.01773,0.01776
IOSTUSDT,15,1652613300,0.01776,0.01782,0.01763,0.01779
IOSTUSDT,15,1652614200,0.01779,0.01796,0.01778,0.01786
IOSTUSDT,15,1652615100,0.01786,0.01808,0.01785,0.01799
IOSTUSDT,15,1652616000,0.01799,0.01811,0.01799,0.01804
IOSTUSDT,15,1652616900,0.01804,0.01819,0.01796,0.01797
IOSTUSDT,15,1652617800,0.01797,0.01797,0.01777,0.0179
IOSTUSDT,15,1652618700,0.0179,0.01798,0.01782,0.01785
IOSTUSDT,15,1652619600,0.01785,0.01785,0.01775,0.01784
IOSTUSDT,15,1652620500,0.01784,0.01788,0.01767,0.0177
IOSTUSDT,15,1652621400,0.0177,0.01775,0.01762,0.01764
IOSTUSDT,15,1652622300,0.01764,0.01769,0.01758,0.01764
IOSTUSDT,15,1652623200,0.01764,0.01767,0.01737,0.01745
IOSTUSDT,15,1652624100,0.01745,0.01751,0.01727,0.01741
IOSTUSDT,15,1652625000,0.01741,0.01753,0.0173,0.01753
IOSTUSDT,15,1652625900,0.01753,0.01763,0.01752,0.01756
IOSTUSDT,15,1652626800,0.01756,0.01779,0.01755,0.01776
IOSTUSDT,15,1652627700,0.01776,0.01776,0.0176,0.01763
IOSTUSDT,15,1652628600,0.01763,0.01763,0.01744,0.01748
IOSTUSDT,15,1652629500,0.01748,0.01749,0.01733,0.01745
IOSTUSDT,15,1652630400,0.01745,0.01753,0.01741,0.01745
IOSTUSDT,15,1652631300,0.01745,0.01761,0.01745,0.0176
IOSTUSDT,15,1652632200,0.0176,0.01781,0.01757,0.01779
IOSTUSDT,15,1652633100,0.01779,0.0178,0.01769,0.01772
IOSTUSDT,15,1652634000,0.01772,0.01778,0.01768,0.01773
IOSTUSDT,15,1652634900,0.01773,0.01775,0.01766,0.01766
IOSTUSDT,15,1652635800,0.01766,0.01767,0.01749,0.0175
IOSTUSDT,15,1652636700,0.0175,0.01752,0.01739,0.01743
IOSTUSDT,15,1652637600,0.01743,0.01744,0.01735,0.0174
IOSTUSDT,15,1652638500,0.0174,0.01747,0.01738,0.01745
IOSTUSDT,15,1652639400,0.01745,0.01774,0.01745,0.01774
IOSTUSDT,15,1652640300,0.01774,0.01775,0.01762,0.01766
IOSTUSDT,15,1652641200,0.01766,0.01768,0.01758,0.01762
IOSTUSDT,15,1652642100,0.01762,0.01771,0.01761,0.01766
IOSTUSDT,15,1652643000,0.01766,0.01779,0.01766,0.01777
IOSTUSDT,15,1652643900,0.01777,0.01795,0.01777,0.01792
IOSTUSDT,15,1652644800,0.01792,0.01816,0.01783,0.01807
IOSTUSDT,15,1652645700,0.01807,0.01822,0.01801,0.01809
IOSTUSDT,15,1652646600,0.01809,0.01809,0.01799,0.01805
IOSTUSDT,15,1652647500,0.01805,0.01819,0.01803,0.01814
IOSTUSDT,15,1652648400,0.01814,0.01823,0.01806,0.01808
IOSTUSDT,15,1652649300,0.01808,0.01809,0.018,0.01806
IOSTUSDT,15,1652650200,0.01806,0.01814,0.01801,0.01814
IOSTUSDT,15,1652651100,0.01814,0.0183,0.01813,0.0183
IOSTUSDT,15,1669935600,0.00859,0.00859,0.00857,0.00858
IOSTUSDT,15,1669935600,0.00859,0.00859,0.00857,0.00859
IOSTUSDT,1,1669935600,0.00859,0.00859,0.00857,0.00857
IOSTUSDT,1,1669935660,0.00857,0.00858,0.00857,0.00858
IOSTUSDT,1,1669935720,0.00858,0.00858,0.00858,0.00858
IOSTUSDT,1,1669935780,0.00858,0.00859,0.00858,0.00859
IOSTUSDT,1,1669935840,0.00859,0.00859,0.00859,0.00859
IOSTUSDT,1,1669935900,0.00859,0.00859,0.00859,0.00859
