symbol,period,start_at,open,high,low,close
SANDUSDT,15,1652565600,1.3359,1.3479,1.3278,1.3469
SANDUSDT,15,1652566500,1.3469,1.3494,1.3286,1.329
SANDUSDT,15,1652567400,1.329,1.3342,1.322,1.3332
SANDUSDT,15,1652568300,1.3332,1.3955,1.3332,1.381
SANDUSDT,15,1652569200,1.381,1.3899,1.365,1.3689
SANDUSDT,15,1652570100,1.3689,1.382,1.3609,1.3804
SANDUSDT,15,1652571000,1.3804,1.4267,1.3707,1.4204
SANDUSDT,15,1652571900,1.4204,1.4459,1.4058,1.4321
SANDUSDT,15,1652572800,1.4321,1.4539,1.3918,1.4018
SANDUSDT,15,1652573700,1.4018,1.4433,1.4018,1.4313
SANDUSDT,15,1652574600,1.4313,1.4349,1.3677,1.3809
SANDUSDT,15,1652575500,1.3809,1.3817,1.3625,1.3675
SANDUSDT,15,1652576400,1.3675,1.3744,1.348,1.3532
SANDUSDT,15,1652577300,1.3532,1.37,1.3488,1.3488
SANDUSDT,15,1652578200,1.3488,1.3573,1.3397,1.3509
SANDUSDT,15,1652579100,1.3509,1.3809,1.3484,1.37
SANDUSDT,15,1652580000,1.37,1.3852,1.343,1.3458
SANDUSDT,15,1652580900,1.3458,1.3474,1.3289,1.3366
SANDUSDT,15,1652581800,1.3366,1.3394,1.3279,1.3288
SANDUSDT,15,1652582700,1.3288,1.3441,1.3245,1.3409
SANDUSDT,15,1652583600,1.3409,1.3442,1.3287,1.3308
SANDUSDT,15,1652584500,1.3308,1.3322,1.3136,1.318
SANDUSDT,15,1652585400,1.318,1.3348,1.3123,1.3311
SANDUSDT,15,1652586300,1.3311,1.3385,1.3296,1.3333
SANDUSDT,15,1652587200,1.3333,1.353,1.3222,1.3462
SANDUSDT,15,1652588100,1.3462,1.3531,1.3393,1.3422
SANDUSDT,15,1652589000,1.3422,1.3432,1.3164,1.3217
SANDUSDT,15,1652589900,1.3217,1.3334,1.317,1.3226
SANDUSDT,15,1652590800,1.3226,1.3306,1.3095,1.3233
SANDUSDT,15,1652591700,1.3233,1.3394,1.3178,1.3321
SANDUSDT,15,1652592600,1.3321,1.3568,1.3298,1.3551
SANDUSDT,15,1652593500,1.3551,1.3641,1.3505,1.3546
SANDUSDT,15,1652594400,1.3546,1.3655,1.3435,1.3443
SANDUSDT,15,1652595300,1.3443,1.3679,1.3401,1.3629
SANDUSDT,15,1652596200,1.3629,1.3674,1.349,1.3516
SANDUSDT,15,1652597100,1.3516,1.3748,1.3457,1.3707
SANDUSDT,15,1652598000,1.3707,1.3817,1.3637,1.3664
SANDUSDT,15,1652598900,1.3664,1.3714,1.3526,1.3544
SANDUSDT,15,1652599800,1.3544,1.3635,1.3518,1.3581
SANDUSDT,15,1652600700,1.3581,1.359,1.342,1.3467
SANDUSDT,15,1652601600,1.3467,1.3521,1.3308,1.3338
SANDUSDT,15,1652602500,1.3338,1.344,1.3258,1.3359
SANDUSDT,15,1652603400,1.3359,1.3457,1.3323,1.34
SANDUSDT,15,1652604300,1.34,1.3407,1.3247,1.3299
SANDUSDT,15,1652605200,1.3299,1.3372,1.3201,1.3223
SANDUSDT,15,1652606100,1.3223,1.3448,1.3199,1.3394
SANDUSDT,15,1652607000,1.3394,1.3449,1.3358,1.3424
SANDUSDT,15,1652607900,1.3424,1.3464,1.3383,1.3447
SANDUSDT,15,1652608800,1.3447,1.3476,1.3249,1.3319
SANDUSDT,15,1652609700,1.3319,1.3403,1.3257,1.3377
SANDUSDT,15,1652610600,1.3377,1.3465,1.3279,1.3461
SANDUSDT,15,1652611500,1.3461,1.3655,1.3398,1.3634
SANDUSDT,15,1652612400,1.3634,1.3679,1.3523,1.3572
SANDUSDT,15,1652613300,1.3572,1.362,1.3443,1.3575
SANDUSDT,15,1652614200,1.3575,1.3745,1.3563,1.3695
SANDUSDT,15,1652615100,1.3695,1.3807,1.3691,1.3714
SANDUSDT,15,1652616000,1.3714,1.389,1.3713,1.3747
SANDUSDT,15,1652616900,1.3747,1.3934,1.3637,1.365
SANDUSDT,15,1652617800,1.365,1.3769,1.3555,1.3722
SANDUSDT,15,1652618700,1.3722,1.3784,1.3627,1.3713
SANDUSDT,15,1652619600,1.3713,1.3715,1.3509,1.3695
SANDUSDT,15,1652620500,1.3695,1.3721,1.3474,1.3526
SANDUSDT,15,1652621400,1.3526,1.3596,1.3457,1.3479
SANDUSDT,15,1652622300,1.3479,1.3532,1.3391,1.3471
SANDUSDT,15,1652623200,1.3471,1.3526,1.3255,1.338
SANDUSDT,15,1652624100,1.338,1.3398,1.3227,1.3338
SANDUSDT,15,1652625000,1.3338,1.3455,1.3223,1.3437
SANDUSDT,15,1652625900,1.3437,1.3512,1.3371,1.3437
SANDUSDT,15,1652626800,1.3437,1.3667,1.3412,1.3615
SANDUSDT,15,1652627700,1.3615,1.3617,1.3459,1.3491
SANDUSDT,15,1652628600,1.3491,1.3505,1.3349,1.338
SANDUSDT,15,1652629500,1.338,1.344,1.3236,1.338
SANDUSDT,15,1652630400,1.338,1.3491,1.332,1.3398
SANDUSDT,15,1652631300,1.3398,1.3527,1.3398,1.3504
SANDUSDT,15,1652632200,1.3504,1.3714,1.344,1.3694
SANDUSDT,15,1652633100,1.3694,1.3737,1.3625,1.3669
SANDUSDT,15,1652634000,1.3669,1.3716,1.3606,1.3709
SANDUSDT,15,1652634900,1.3709,1.3776,1.3664,1.3723
SANDUSDT,15,1652635800,1.3723,1.3723,1.3571,1.3605
SANDUSDT,15,1652636700,1.3605,1.3672,1.3476,1.3503
SANDUSDT,15,1652637600,1.3503,1.3572,1.3423,1.3572
SANDUSDT,15,1652638500,1.3572,1.3668,1.3545,1.3609
SANDUSDT,15,1652639400,1.3609,1.3774,1.359,1.3764
SANDUSDT,15,1652640300,1.3764,1.3784,1.3635,1.3671
SANDUSDT,15,1652641200,1.3671,1.3679,1.3505,1.352
SANDUSDT,15,1652642100,1.352,1.3629,1.3504,1.3522
SANDUSDT,15,1652643000,1.3522,1.3697,1.352,1.3678
SANDUSDT,15,1652643900,1.3678,1.3786,1.3678,1.3767
SANDUSDT,15,1652644800,1.3767,1.4156,1.3763,1.4067
SANDUSDT,15,1652645700,1.4067,1.4133,1.3994,1.4068
SANDUSDT,15,1652646600,1.4068,1.4105,1.4019,1.4029
SANDUSDT,15,1652647500,1.4029,1.4157,1.3981,1.4142
SANDUSDT,15,1652648400,1.4142,1.4269,1.4075,1.4102
SANDUSDT,15,1652649300,1.4102,1.4113,1.402,1.4026
SANDUSDT,15,1652650200,1.4026,1.4031,1.3954,1.4
SANDUSDT,15,1652651100,1.4,1.4154,1.399,1.4132
SANDUSDT,15,1669935600,0.5777,0.5787,0.5777,0.5787
SANDUSDT,15,1669935600,0.5777,0.5794,0.5777,0.5787
SANDUSDT,1,1669935600,0.5777,0.5782,0.5777,0.5782
SANDUSDT,1,1669935660,0.5782,0.5793,0.5782,0.5793
SANDUSDT,1,1669935720,0.5793,0.5794,0.5786,0.5789
SANDUSDT,1,1669935780,0.5789,0.5789,0.5778,0.5781
SANDUSDT,1,1669935840,0.5781,0.5784,0.5779,0.5784
SANDUSDT,1,1669935900,0.5784,0.5787,0.5783,0.5783
