symbol,period,start_at,open,high,low,close
GLMRUSDT,15,1652565600,1.186,1.189,1.179,1.187
GLMRUSDT,15,1652566500,1.187,1.19,1.178,1.188
GLMRUSDT,15,1652567400,1.188,1.196,1.187,1.193
GLMRUSDT,15,1652568300,1.193,1.217,1.193,1.217
GLMRUSDT,15,1652569200,1.217,1.219,1.203,1.205
GLMRUSDT,15,1652570100,1.205,1.227,1.201,1.223
GLMRUSDT,15,1652571000,1.223,1.231,1.215,1.225
GLMRUSDT,15,1652571900,1.225,1.238,1.224,1.227
GLMRUSDT,15,1652572800,1.227,1.23,1.215,1.219
GLMRUSDT,15,1652573700,1.219,1.241,1.218,1.235
GLMRUSDT,15,1652574600,1.235,1.245,1.225,1.231
GLMRUSDT,15,1652575500,1.231,1.234,1.228,1.233
GLMRUSDT,15,1652576400,1.233,1.233,1.221,1.221
GLMRUSDT,15,1652577300,1.221,1.229,1.221,1.227
GLMRUSDT,15,1652578200,1.227,1.229,1.218,1.226
GLMRUSDT,15,1652579100,1.226,1.241,1.225,1.236
GLMRUSDT,15,1652580000,1.236,1.241,1.22,1.221
GLMRUSDT,15,1652580900,1.221,1.225,1.211,1.213
GLMRUSDT,15,1652581800,1.213,1.214,1.204,1.207
GLMRUSDT,15,1652582700,1.207,1.221,1.204,1.221
GLMRUSDT,15,1652583600,1.221,1.231,1.22,1.221
GLMRUSDT,15,1652584500,1.221,1.221,1.193,1.195
GLMRUSDT,15,1652585400,1.195,1.205,1.19,1.203
GLMRUSDT,15,1652586300,1.203,1.211,1.2,1.209
GLMRUSDT,15,1652587200,1.209,1.211,1.199,1.21
GLMRUSDT,15,1652588100,1.21,1.227,1.207,1.209
GLMRUSDT,15,1652589000,1.209,1.213,1.194,1.203
GLMRUSDT,15,1652589900,1.203,1.208,1.198,1.203
GLMRUSDT,15,1652590800,1.203,1.204,1.193,1.199
GLMRUSDT,15,1652591700,1.199,1.2,1.195,1.198
GLMRUSDT,15,1652592600,1.198,1.207,1.193,1.207
GLMRUSDT,15,1652593500,1.207,1.244,1.205,1.237
GLMRUSDT,15,1652594400,1.237,1.262,1.237,1.258
GLMRUSDT,15,1652595300,1.258,1.29,1.254,1.286
GLMRUSDT,15,1652596200,1.286,1.287,1.261,1.274
GLMRUSDT,15,1652597100,1.274,1.284,1.267,1.281
GLMRUSDT,15,1652598000,1.281,1.293,1.273,1.28
GLMRUSDT,15,1652598900,1.28,1.299,1.275,1.276
GLMRUSDT,15,1652599800,1.276,1.278,1.261,1.264
GLMRUSDT,15,1652600700,1.264,1.266,1.258,1.261
GLMRUSDT,15,1652601600,1.261,1.261,1.246,1.247
GLMRUSDT,15,1652602500,1.247,1.249,1.241,1.242
GLMRUSDT,15,1652603400,1.242,1.255,1.241,1.252
GLMRUSDT,15,1652604300,1.252,1.252,1.231,1.232
GLMRUSDT,15,1652605200,1.232,1.236,1.231,1.233
GLMRUSDT,15,1652606100,1.233,1.239,1.232,1.234
GLMRUSDT,15,1652607000,1.234,1.234,1.222,1.229
GLMRUSDT,15,1652607900,1.229,1.233,1.202,1.209
GLMRUSDT,15,1652608800,1.209,1.216,1.192,1.2
GLMRUSDT,15,1652609700,1.2,1.2,1.195,1.195
GLMRUSDT,15,1652610600,1.195,1.201,1.194,1.199
GLMRUSDT,15,1652611500,1.199,1.221,1.199,1.221
GLMRUSDT,15,1652612400,1.221,1.23,1.22,1.22
GLMRUSDT,15,1652613300,1.22,1.236,1.216,1.235
GLMRUSDT,15,1652614200,1.235,1.258,1.234,1.255
GLMRUSDT,15,1652615100,1.255,1.282,1.255,1.279
GLMRUSDT,15,1652616000,1.279,1.292,1.263,1.277
GLMRUSDT,15,1652616900,1.277,1.302,1.268,1.272
GLMRUSDT,15,1652617800,1.272,1.275,1.247,1.275
GLMRUSDT,15,1652618700,1.275,1.301,1.272,1.3
GLMRUSDT,15,1652619600,1.3,1.305,1.272,1.282
GLMRUSDT,15,1652620500,1.282,1.283,1.255,1.255
GLMRUSDT,15,1652621400,1.255,1.255,1.238,1.244
GLMRUSDT,15,1652622300,1.244,1.248,1.237,1.242
GLMRUSDT,15,1652623200,1.242,1.246,1.223,1.232
GLMRUSDT,15,1652624100,1.232,1.239,1.219,1.234
GLMRUSDT,15,1652625000,1.234,1.243,1.22,1.241
GLMRUSDT,15,1652625900,1.241,1.251,1.237,1.243
GLMRUSDT,15,1652626800,1.243,1.261,1.242,1.254
GLMRUSDT,15,1652627700,1.254,1.254,1.232,1.232
GLMRUSDT,15,1652628600,1.232,1.233,1.221,1.231
GLMRUSDT,15,1652629500,1.231,1.236,1.215,1.231
GLMRUSDT,15,1652630400,1.231,1.238,1.22,1.223
GLMRUSDT,15,1652631300,1.223,1.244,1.223,1.238
GLMRUSDT,15,1652632200,1.238,1.248,1.22,1.246
GLMRUSDT,15,1652633100,1.246,1.249,1.237,1.243
GLMRUSDT,15,1652634000,1.243,1.256,1.239,1.245
GLMRUSDT,15,1652634900,1.245,1.248,1.238,1.243
GLMRUSDT,15,1652635800,1.243,1.243,1.225,1.225
GLMRUSDT,15,1652636700,1.225,1.23,1.214,1.219
GLMRUSDT,15,1652637600,1.219,1.224,1.215,1.223
GLMRUSDT,15,1652638500,1.223,1.235,1.223,1.233
GLMRUSDT,15,1652639400,1.233,1.246,1.233,1.243
GLMRUSDT,15,1652640300,1.243,1.246,1.235,1.238
GLMRUSDT,15,1652641200,1.238,1.24,1.223,1.227
GLMRUSDT,15,1652642100,1.227,1.232,1.225,1.226
GLMRUSDT,15,1652643000,1.226,1.243,1.226,1.242
GLMRUSDT,15,1652643900,1.242,1.254,1.242,1.252
GLMRUSDT,15,1652644800,1.252,1.271,1.244,1.269
GLMRUSDT,15,1652645700,1.269,1.282,1.258,1.28
GLMRUSDT,15,1652646600,1.28,1.291,1.273,1.284
GLMRUSDT,15,1652647500,1.284,1.313,1.279,1.307
GLMRUSDT,15,1652648400,1.307,1.321,1.307,1.312
GLMRUSDT,15,1652649300,1.312,1.317,1.298,1.302
GLMRUSDT,15,1652650200,1.302,1.305,1.295,1.303
GLMRUSDT,15,1652651100,1.303,1.315,1.296,1.313
GLMRUSDT,15,1669935600,0.37,0.371,0.37,0.371
GLMRUSDT,15,1669935600,0.37,0.371,0.37,0.371
GLMRUSDT,1,1669935600,0.37,0.37,0.37,0.37
GLMRUSDT,1,1669935660,0.37,0.371,0.37,0.37
GLMRUSDT,1,1669935720,0.37,0.371,0.37,0.37
GLMRUSDT,1,1669935780,0.37,0.371,0.37,0.371
GLMRUSDT,1,1669935840,0.371,0.371,0.371,0.371
GLMRUSDT,1,1669935900,0.371,0.371,0.371,0.371
