symbol,period,start_at,open,high,low,close
VETUSDT,15,1652565600,0.03096,0.03126,0.0308,0.03126
VETUSDT,15,1652566500,0.03126,0.03134,0.03099,0.03106
VETUSDT,15,1652567400,0.03106,0.03109,0.03088,0.03107
VETUSDT,15,1652568300,0.03107,0.032,0.03106,0.03172
VETUSDT,15,1652569200,0.03172,0.03187,0.0314,0.03144
VETUSDT,15,1652570100,0.03144,0.03174,0.03141,0.03173
VETUSDT,15,1652571000,0.03173,0.03193,0.03159,0.03193
VETUSDT,15,1652571900,0.03193,0.03208,0.03161,0.03177
VETUSDT,15,1652572800,0.03177,0.03186,0.03133,0.03144
VETUSDT,15,1652573700,0.03144,0.03218,0.03144,0.03202
VETUSDT,15,1652574600,0.03202,0.0322,0.03165,0.03167
VETUSDT,15,1652575500,0.03167,0.03167,0.03145,0.03147
VETUSDT,15,1652576400,0.03147,0.03159,0.03122,0.03125
VETUSDT,15,1652577300,0.03125,0.03132,0.03116,0.03119
VETUSDT,15,1652578200,0.03119,0.03131,0.03107,0.03126
VETUSDT,15,1652579100,0.03126,0.03144,0.03121,0.0313
VETUSDT,15,1652580000,0.0313,0.03158,0.03079,0.03089
VETUSDT,15,1652580900,0.03089,0.03094,0.03063,0.03078
VETUSDT,15,1652581800,0.03078,0.03081,0.0305,0.03052
VETUSDT,15,1652582700,0.03052,0.03077,0.0304,0.0307
VETUSDT,15,1652583600,0.0307,0.03092,0.03062,0.03065
VETUSDT,15,1652584500,0.03065,0.03066,0.0304,0.03051
VETUSDT,15,1652585400,0.03051,0.0308,0.03039,0.03072
VETUSDT,15,1652586300,0.03072,0.03079,0.03072,0.03077
VETUSDT,15,1652587200,0.03077,0.03091,0.03061,0.03087
VETUSDT,15,1652588100,0.03087,0.03091,0.03078,0.03083
VETUSDT,15,1652589000,0.03083,0.03084,0.03044,0.03061
VETUSDT,15,1652589900,0.03061,0.03076,0.03055,0.03061
VETUSDT,15,1652590800,0.03061,0.03074,0.03046,0.03059
VETUSDT,15,1652591700,0.03059,0.03082,0.03057,0.03075
VETUSDT,15,1652592600,0.03075,0.03103,0.03072,0.03102
VETUSDT,15,1652593500,0.03102,0.03129,0.03098,0.03116
VETUSDT,15,1652594400,0.03116,0.0313,0.03107,0.03113
VETUSDT,15,1652595300,0.03113,0.03139,0.03106,0.03139
VETUSDT,15,1652596200,0.03139,0.03143,0.03132,0.03133
VETUSDT,15,1652597100,0.03133,0.0317,0.03123,0.03166
VETUSDT,15,1652598000,0.03166,0.03188,0.03159,0.03167
VETUSDT,15,1652598900,0.03167,0.03187,0.03155,0.03156
VETUSDT,15,1652599800,0.03156,0.03158,0.03144,0.03156
VETUSDT,15,1652600700,0.03156,0.03157,0.03118,0.03124
VETUSDT,15,1652601600,0.03124,0.03132,0.03098,0.031
VETUSDT,15,1652602500,0.031,0.03118,0.03088,0.03108
VETUSDT,15,1652603400,0.03108,0.03122,0.03098,0.03112
VETUSDT,15,1652604300,0.03112,0.03113,0.03065,0.03072
VETUSDT,15,1652605200,0.03072,0.03082,0.03052,0.0306
VETUSDT,15,1652606100,0.0306,0.03094,0.03057,0.03084
VETUSDT,15,1652607000,0.03084,0.03089,0.03073,0.03089
VETUSDT,15,1652607900,0.03089,0.03105,0.03082,0.03089
VETUSDT,15,1652608800,0.03089,0.03096,0.03067,0.03081
VETUSDT,15,1652609700,0.03081,0.03085,0.03073,0.03081
VETUSDT,15,1652610600,0.03081,0.03096,0.03073,0.03096
VETUSDT,15,1652611500,0.03096,0.03138,0.03094,0.03138
VETUSDT,15,1652612400,0.03138,0.03143,0.03126,0.03132
VETUSDT,15,1652613300,0.03132,0.03157,0.03118,0.03156
VETUSDT,15,1652614200,0.03156,0.03212,0.03155,0.03199
VETUSDT,15,1652615100,0.03199,0.03238,0.03199,0.03218
VETUSDT,15,1652616000,0.03218,0.03246,0.03218,0.03237
VETUSDT,15,1652616900,0.03237,0.03258,0.03222,0.03222
VETUSDT,15,1652617800,0.03222,0.03224,0.03194,0.03206
VETUSDT,15,1652618700,0.03206,0.03225,0.03193,0.03199
VETUSDT,15,1652619600,0.03199,0.03199,0.03174,0.03198
VETUSDT,15,1652620500,0.03198,0.03204,0.03158,0.0317
VETUSDT,15,1652621400,0.0317,0.03173,0.03154,0.03155
VETUSDT,15,1652622300,0.03155,0.03164,0.03142,0.03153
VETUSDT,15,1652623200,0.03153,0.03155,0.03101,0.03122
VETUSDT,15,1652624100,0.03122,0.03125,0.03088,0.03101
VETUSDT,15,1652625000,0.03101,0.03131,0.0308,0.03127
VETUSDT,15,1652625900,0.03127,0.03148,0.03126,0.03143
VETUSDT,15,1652626800,0.03143,0.03179,0.03142,0.0317
VETUSDT,15,1652627700,0.0317,0.0317,0.03132,0.03135
VETUSDT,15,1652628600,0.03135,0.03136,0.03107,0.0311
VETUSDT,15,1652629500,0.0311,0.03116,0.03073,0.031
VETUSDT,15,1652630400,0.031,0.03124,0.03091,0.03112
VETUSDT,15,1652631300,0.03112,0.03137,0.03112,0.03136
VETUSDT,15,1652632200,0.03136,0.03182,0.03129,0.03175
VETUSDT,15,1652633100,0.03175,0.03176,0.03152,0.03161
VETUSDT,15,1652634000,0.03161,0.03183,0.03154,0.03183
VETUSDT,15,1652634900,0.03183,0.03187,0.03167,0.03174
VETUSDT,15,1652635800,0.03174,0.03174,0.03136,0.03141
VETUSDT,15,1652636700,0.03141,0.03154,0.03114,0.03127
VETUSDT,15,1652637600,0.03127,0.03131,0.03107,0.03126
VETUSDT,15,1652638500,0.03126,0.03137,0.03116,0.03124
VETUSDT,15,1652639400,0.03124,0.03171,0.03119,0.03171
VETUSDT,15,1652640300,0.03171,0.03174,0.0315,0.03167
VETUSDT,15,1652641200,0.03167,0.03169,0.03142,0.03147
VETUSDT,15,1652642100,0.03147,0.0317,0.03146,0.03149
VETUSDT,15,1652643000,0.03149,0.03171,0.03149,0.03167
VETUSDT,15,1652643900,0.03167,0.03202,0.03167,0.03201
VETUSDT,15,1652644800,0.03201,0.03249,0.03178,0.03249
VETUSDT,15,1652645700,0.03249,0.03292,0.03234,0.03261
VETUSDT,15,1652646600,0.03261,0.0327,0.03248,0.03252
VETUSDT,15,1652647500,0.03252,0.03282,0.03249,0.0328
VETUSDT,15,1652648400,0.0328,0.03294,0.03256,0.0326
VETUSDT,15,1652649300,0.0326,0.0326,0.03245,0.03248
VETUSDT,15,1652650200,0.03248,0.03266,0.03246,0.03262
VETUSDT,15,1652651100,0.03262,0.03297,0.03259,0.03294
VETUSDT,15,1669935600,0.01904,0.01907,0.01904,0.01907
VETUSDT,15,1669935600,0.01904,0.01909,0.01904,0.01907
VETUSDT,1,1669935600,0.01904,0.01906,0.01904,0.01905
VETUSDT,1,1669935660,0.01905,0.01907,0.01905,0.01907
VETUSDT,1,1669935720,0.01907,0.01909,0.01907,0.01908
VETUSDT,1,1669935780,0.01908,0.01908,0.01906,0.01906
VETUSDT,1,1669935840,0.01906,0.01908,0.01906,0.01906
VETUSDT,1,1669935900,0.01906,0.01907,0.01906,0.01907
