symbol,period,start_at,open,high,low,close
DOTUSDT,15,1652565600,11.16,11.327,11.125,11.312
DOTUSDT,15,1652566500,11.312,11.326,11.193,11.219
DOTUSDT,15,1652567400,11.219,11.278,11.122,11.239
DOTUSDT,15,1652568300,11.239,11.55,11.239,11.47
DOTUSDT,15,1652569200,11.47,11.558,11.322,11.356
DOTUSDT,15,1652570100,11.356,11.537,11.351,11.434
DOTUSDT,15,1652571000,11.434,11.488,11.277,11.33
DOTUSDT,15,1652571900,11.33,11.553,11.259,11.297
DOTUSDT,15,1652572800,11.297,11.334,11.147,11.218
DOTUSDT,15,1652573700,11.218,11.483,11.218,11.402
DOTUSDT,15,1652574600,11.402,11.436,11.2,11.228
DOTUSDT,15,1652575500,11.228,11.231,11.165,11.201
DOTUSDT,15,1652576400,11.201,11.224,11.036,11.049
DOTUSDT,15,1652577300,11.049,11.124,11.036,11.064
DOTUSDT,15,1652578200,11.064,11.106,10.972,10.991
DOTUSDT,15,1652579100,10.991,11.146,10.977,11.124
DOTUSDT,15,1652580000,11.124,11.214,10.99,11.012
DOTUSDT,15,1652580900,11.012,11.035,10.914,10.923
DOTUSDT,15,1652581800,10.923,10.95,10.874,10.899
DOTUSDT,15,1652582700,10.899,10.978,10.858,10.927
DOTUSDT,15,1652583600,10.927,10.968,10.879,10.89
DOTUSDT,15,1652584500,10.89,10.909,10.769,10.84
DOTUSDT,15,1652585400,10.84,10.925,10.801,10.894
DOTUSDT,15,1652586300,10.894,10.965,10.889,10.94
DOTUSDT,15,1652587200,10.94,11.078,10.863,11.031
DOTUSDT,15,1652588100,11.031,11.136,11.001,11.078
DOTUSDT,15,1652589000,11.078,11.118,10.931,11.028
DOTUSDT,15,1652589900,11.028,11.102,10.973,11.007
DOTUSDT,15,1652590800,11.007,11.056,10.895,11.006
DOTUSDT,15,1652591700,11.006,11.125,10.963,11.075
DOTUSDT,15,1652592600,11.075,11.17,11.0,11.146
DOTUSDT,15,1652593500,11.146,11.275,11.115,11.234
DOTUSDT,15,1652594400,11.234,11.294,11.108,11.112
DOTUSDT,15,1652595300,11.112,11.214,11.075,11.191
DOTUSDT,15,1652596200,11.191,11.193,11.046,11.061
DOTUSDT,15,1652597100,11.061,11.157,11.028,11.134
DOTUSDT,15,1652598000,11.134,11.236,11.085,11.224
DOTUSDT,15,1652598900,11.224,11.261,11.126,11.15
DOTUSDT,15,1652599800,11.15,11.186,11.115,11.159
DOTUSDT,15,1652600700,11.159,11.174,10.966,10.966
DOTUSDT,15,1652601600,10.966,10.985,10.896,10.906
DOTUSDT,15,1652602500,10.906,10.997,10.856,10.947
DOTUSDT,15,1652603400,10.947,11.047,10.914,10.968
DOTUSDT,15,1652604300,10.968,10.994,10.862,10.938
DOTUSDT,15,1652605200,10.938,11.131,10.893,10.893
DOTUSDT,15,1652606100,10.893,11.081,10.88,11.021
DOTUSDT,15,1652607000,11.021,11.053,10.969,11.046
DOTUSDT,15,1652607900,11.046,11.068,11.002,11.018
DOTUSDT,15,1652608800,11.018,11.051,10.945,11.001
DOTUSDT,15,1652609700,11.001,11.006,10.912,10.969
DOTUSDT,15,1652610600,10.969,10.997,10.922,10.99
DOTUSDT,15,1652611500,10.99,11.12,10.969,11.116
DOTUSDT,15,1652612400,11.116,11.121,11.027,11.031
DOTUSDT,15,1652613300,11.031,11.056,10.961,11.027
DOTUSDT,15,1652614200,11.027,11.159,10.984,11.137
DOTUSDT,15,1652615100,11.137,11.256,11.131,11.184
DOTUSDT,15,1652616000,11.184,11.273,11.166,11.179
DOTUSDT,15,1652616900,11.179,11.276,11.059,11.069
DOTUSDT,15,1652617800,11.069,11.127,10.982,11.106
DOTUSDT,15,1652618700,11.106,11.143,11.015,11.052
DOTUSDT,15,1652619600,11.052,11.086,10.967,11.073
DOTUSDT,15,1652620500,11.073,11.114,10.882,10.926
DOTUSDT,15,1652621400,10.926,10.978,10.871,10.925
DOTUSDT,15,1652622300,10.925,10.977,10.861,10.901
DOTUSDT,15,1652623200,10.901,10.928,10.645,10.742
DOTUSDT,15,1652624100,10.742,10.755,10.601,10.678
DOTUSDT,15,1652625000,10.678,10.776,10.581,10.749
DOTUSDT,15,1652625900,10.749,10.816,10.731,10.782
DOTUSDT,15,1652626800,10.782,10.933,10.748,10.904
DOTUSDT,15,1652627700,10.904,10.904,10.787,10.809
DOTUSDT,15,1652628600,10.809,10.809,10.672,10.698
DOTUSDT,15,1652629500,10.698,10.793,10.627,10.772
DOTUSDT,15,1652630400,10.772,10.836,10.684,10.733
DOTUSDT,15,1652631300,10.733,10.826,10.721,10.819
DOTUSDT,15,1652632200,10.819,11.039,10.79,11.023
DOTUSDT,15,1652633100,11.023,11.162,10.942,11.074
DOTUSDT,15,1652634000,11.074,11.135,11.028,11.115
DOTUSDT,15,1652634900,11.115,11.185,11.08,11.108
DOTUSDT,15,1652635800,11.108,11.122,11.017,11.033
DOTUSDT,15,1652636700,11.033,11.09,10.955,10.995
DOTUSDT,15,1652637600,10.995,11.077,10.944,11.077
DOTUSDT,15,1652638500,11.077,11.177,11.062,11.155
DOTUSDT,15,1652639400,11.155,11.531,11.155,11.521
DOTUSDT,15,1652640300,11.521,11.527,11.359,11.42
DOTUSDT,15,1652641200,11.42,11.477,11.34,11.395
DOTUSDT,15,1652642100,11.395,11.395,11.269,11.296
DOTUSDT,15,1652643000,11.296,11.411,11.294,11.387
DOTUSDT,15,1652643900,11.387,11.448,11.358,11.443
DOTUSDT,15,1652644800,11.443,11.631,11.367,11.618
DOTUSDT,15,1652645700,11.618,11.636,11.453,11.549
DOTUSDT,15,1652646600,11.549,11.556,11.462,11.505
DOTUSDT,15,1652647500,11.505,11.613,11.475,11.597
DOTUSDT,15,1652648400,11.597,11.664,11.521,11.558
DOTUSDT,15,1652649300,11.558,11.558,11.439,11.447
DOTUSDT,15,1652650200,11.447,11.518,11.409,11.49
DOTUSDT,15,1652651100,11.49,11.605,11.474,11.588
DOTUSDT,15,1669935600,5.414,5.421,5.41,5.41
DOTUSDT,15,1669935600,5.414,5.428,5.41,5.423
DOTUSDT,1,1669935600,5.414,5.421,5.41,5.41
DOTUSDT,1,1669935660,5.41,5.41,5.41,5.41
DOTUSDT,1,1669935720,5.41,5.425,5.41,5.425
DOTUSDT,1,1669935780,5.425,5.428,5.42,5.421
DOTUSDT,1,1669935840,5.421,5.428,5.41,5.41
DOTUSDT,1,1669935900,5.41,5.43,5.41,5.423
