symbol,period,start_at,open,high,low,close
BICOUSDT,15,1652652000,0.667,0.686,0.667,0.686
BICOUSDT,15,1652652900,0.686,0.69,0.685,0.689
BICOUSDT,15,1652653800,0.689,0.698,0.688,0.698
BICOUSDT,15,1652654700,0.698,0.715,0.698,0.707
BICOUSDT,15,1652655600,0.707,0.707,0.698,0.699
BICOUSDT,15,1652656500,0.699,0.701,0.697,0.698
BICOUSDT,15,1652657400,0.698,0.7,0.698,0.698
BICOUSDT,15,1652658300,0.698,0.703,0.697,0.703
BICOUSDT,15,1652659200,0.703,0.703,0.691,0.691
BICOUSDT,15,1652660100,0.691,0.691,0.68,0.681
BICOUSDT,15,1652661000,0.681,0.681,0.667,0.668
BICOUSDT,15,1652661900,0.668,0.67,0.667,0.669
BICOUSDT,15,1652662800,0.669,0.67,0.661,0.663
BICOUSDT,15,1652663700,0.663,0.665,0.658,0.659
BICOUSDT,15,1652664600,0.659,0.659,0.651,0.651
BICOUSDT,15,1652665500,0.651,0.652,0.648,0.649
BICOUSDT,15,1652666400,0.649,0.65,0.643,0.643
BICOUSDT,15,1652667300,0.643,0.647,0.642,0.644
BICOUSDT,15,1652668200,0.644,0.655,0.644,0.653
BICOUSDT,15,1652669100,0.653,0.653,0.644,0.647
BICOUSDT,15,1652670000,0.647,0.648,0.645,0.645
BICOUSDT,15,1652670900,0.645,0.647,0.64,0.64
BICOUSDT,15,1652671800,0.64,0.64,0.633,0.636
BICOUSDT,15,1652672700,0.636,0.638,0.634,0.638
BICOUSDT,15,1652673600,0.638,0.638,0.631,0.631
BICOUSDT,15,1652674500,0.631,0.634,0.629,0.634
BICOUSDT,15,1652675400,0.634,0.635,0.629,0.632
BICOUSDT,15,1652676300,0.632,0.634,0.632,0.634
BICOUSDT,15,1652677200,0.634,0.645,0.634,0.645
BICOUSDT,15,1652678100,0.645,0.651,0.645,0.648
BICOUSDT,15,1652679000,0.648,0.648,0.647,0.647
BICOUSDT,15,1652679900,0.647,0.647,0.637,0.638
BICOUSDT,15,1652680800,0.638,0.639,0.626,0.626
BICOUSDT,15,1652681700,0.626,0.626,0.607,0.608
BICOUSDT,15,1652682600,0.608,0.612,0.607,0.612
BICOUSDT,15,1652683500,0.612,0.612,0.599,0.599
BICOUSDT,15,1652684400,0.599,0.599,0.593,0.594
BICOUSDT,15,1652685300,0.594,0.598,0.593,0.598
BICOUSDT,15,1652686200,0.598,0.601,0.596,0.601
BICOUSDT,15,1652687100,0.601,0.605,0.601,0.602
BICOUSDT,15,1652688000,0.602,0.611,0.602,0.61
BICOUSDT,15,1652688900,0.61,0.616,0.61,0.612
BICOUSDT,15,1652689800,0.612,0.615,0.611,0.611
BICOUSDT,15,1652690700,0.611,0.612,0.607,0.608
BICOUSDT,15,1652691600,0.608,0.608,0.598,0.6
BICOUSDT,15,1652692500,0.6,0.601,0.594,0.595
BICOUSDT,15,1652693400,0.595,0.598,0.594,0.595
BICOUSDT,15,1652694300,0.595,0.603,0.595,0.596
BICOUSDT,15,1652695200,0.596,0.601,0.592,0.6
BICOUSDT,15,1652696100,0.6,0.611,0.6,0.61
BICOUSDT,15,1652697000,0.61,0.614,0.609,0.613
BICOUSDT,15,1652697900,0.613,0.621,0.613,0.621
BICOUSDT,15,1652698800,0.621,0.621,0.615,0.615
BICOUSDT,15,1652699700,0.615,0.615,0.61,0.613
BICOUSDT,15,1652700600,0.613,0.615,0.611,0.613
BICOUSDT,15,1652701500,0.613,0.614,0.61,0.61
BICOUSDT,15,1652702400,0.61,0.61,0.596,0.602
BICOUSDT,15,1652703300,0.602,0.61,0.596,0.609
BICOUSDT,15,1652704200,0.609,0.617,0.607,0.609
BICOUSDT,15,1652705100,0.609,0.612,0.608,0.61
BICOUSDT,15,1652706000,0.61,0.614,0.609,0.61
BICOUSDT,15,1652706900,0.61,0.61,0.603,0.606
BICOUSDT,15,1652707800,0.606,0.608,0.603,0.605
BICOUSDT,15,1652708700,0.605,0.606,0.594,0.595
BICOUSDT,15,1652709600,0.595,0.613,0.595,0.611
BICOUSDT,15,1652710500,0.611,0.65,0.606,0.61
BICOUSDT,15,1652711400,0.61,0.614,0.601,0.602
BICOUSDT,15,1652712300,0.602,0.602,0.593,0.594
BICOUSDT,15,1652713200,0.594,0.597,0.593,0.595
BICOUSDT,15,1652714100,0.595,0.599,0.595,0.598
BICOUSDT,15,1652715000,0.598,0.598,0.592,0.594
BICOUSDT,15,1652715900,0.594,0.604,0.594,0.603
BICOUSDT,15,1652716800,0.603,0.608,0.599,0.599
BICOUSDT,15,1652717700,0.599,0.606,0.598,0.603
BICOUSDT,15,1652718600,0.603,0.606,0.598,0.598
BICOUSDT,15,1652719500,0.598,0.602,0.597,0.597
BICOUSDT,15,1652720400,0.597,0.602,0.597,0.601
BICOUSDT,15,1652721300,0.601,0.606,0.598,0.606
BICOUSDT,15,1652722200,0.606,0.611,0.606,0.609
BICOUSDT,15,1652723100,0.609,0.609,0.606,0.609
BICOUSDT,15,1652724000,0.609,0.614,0.607,0.611
BICOUSDT,15,1652724900,0.611,0.611,0.608,0.611
BICOUSDT,15,1652725800,0.611,0.612,0.61,0.612
BICOUSDT,15,1652726700,0.612,0.612,0.609,0.611
BICOUSDT,15,1652727600,0.611,0.615,0.611,0.611
BICOUSDT,15,1652728500,0.611,0.611,0.608,0.608
BICOUSDT,15,1652729400,0.608,0.609,0.605,0.608
BICOUSDT,15,1652730300,0.608,0.611,0.607,0.609
BICOUSDT,15,1652731200,0.609,0.61,0.608,0.61
BICOUSDT,15,1652732100,0.61,0.611,0.609,0.611
BICOUSDT,15,1652733000,0.611,0.616,0.61,0.616
BICOUSDT,15,1652733900,0.616,0.617,0.612,0.616
BICOUSDT,15,1652734800,0.616,0.621,0.615,0.617
BICOUSDT,15,1652735700,0.617,0.618,0.615,0.616
BICOUSDT,15,1652736600,0.616,0.617,0.615,0.617
BICOUSDT,15,1652737500,0.617,0.619,0.617,0.618
