symbol,period,start_at,open,high,low,close
ILVUSDT,15,1652565600,304.8,305.7,304.7,305.1
ILVUSDT,15,1652566500,305.1,305.7,304.5,305.7
ILVUSDT,15,1652567400,305.7,305.8,305.0,305.1
ILVUSDT,15,1652568300,305.1,310.0,305.1,309.7
ILVUSDT,15,1652569200,309.7,310.4,308.4,308.5
ILVUSDT,15,1652570100,308.5,309.2,308.0,309.2
ILVUSDT,15,1652571000,309.2,310.8,309.0,310.4
ILVUSDT,15,1652571900,310.4,310.7,309.8,310.5
ILVUSDT,15,1652572800,310.5,310.6,309.2,309.5
ILVUSDT,15,1652573700,309.5,312.9,309.5,312.5
ILVUSDT,15,1652574600,312.5,312.6,309.2,309.3
ILVUSDT,15,1652575500,309.3,309.5,308.7,308.9
ILVUSDT,15,1652576400,308.9,309.2,307.0,307.1
ILVUSDT,15,1652577300,307.1,307.7,307.1,307.5
ILVUSDT,15,1652578200,307.5,307.5,306.1,306.3
ILVUSDT,15,1652579100,306.3,307.5,306.2,307.0
ILVUSDT,15,1652580000,307.0,307.4,305.4,305.7
ILVUSDT,15,1652580900,305.7,305.8,303.3,303.9
ILVUSDT,15,1652581800,303.9,304.0,302.6,302.9
ILVUSDT,15,1652582700,302.9,303.2,302.1,302.6
ILVUSDT,15,1652583600,302.6,303.8,302.6,302.8
ILVUSDT,15,1652584500,302.8,302.9,299.7,299.7
ILVUSDT,15,1652585400,299.7,300.2,299.3,300.1
ILVUSDT,15,1652586300,300.1,302.0,299.8,302.0
ILVUSDT,15,1652587200,302.0,303.3,301.9,303.3
ILVUSDT,15,1652588100,303.3,303.4,302.7,303.0
ILVUSDT,15,1652589000,303.0,303.0,301.1,301.1
ILVUSDT,15,1652589900,301.1,302.9,301.1,302.3
ILVUSDT,15,1652590800,302.3,302.5,300.7,301.1
ILVUSDT,15,1652591700,301.1,303.0,300.9,302.9
ILVUSDT,15,1652592600,302.9,304.6,302.9,304.6
ILVUSDT,15,1652593500,304.6,307.5,304.6,307.0
ILVUSDT,15,1652594400,307.0,307.8,306.9,307.1
ILVUSDT,15,1652595300,307.1,307.5,306.2,307.2
ILVUSDT,15,1652596200,307.2,307.5,306.0,306.3
ILVUSDT,15,1652597100,306.3,307.3,305.9,307.3
ILVUSDT,15,1652598000,307.3,309.4,307.3,309.0
ILVUSDT,15,1652598900,309.0,309.4,308.5,308.5
ILVUSDT,15,1652599800,308.5,308.5,307.3,308.3
ILVUSDT,15,1652600700,308.3,308.3,307.3,307.6
ILVUSDT,15,1652601600,307.6,307.7,305.9,305.9
ILVUSDT,15,1652602500,305.9,305.9,304.6,305.3
ILVUSDT,15,1652603400,305.3,305.4,304.7,305.4
ILVUSDT,15,1652604300,305.4,305.5,303.6,303.6
ILVUSDT,15,1652605200,303.6,303.6,301.7,301.9
ILVUSDT,15,1652606100,301.9,303.8,301.8,303.7
ILVUSDT,15,1652607000,303.7,303.8,302.5,303.5
ILVUSDT,15,1652607900,303.5,304.3,303.5,303.8
ILVUSDT,15,1652608800,303.8,304.2,302.5,302.6
ILVUSDT,15,1652609700,302.6,303.2,302.4,303.1
ILVUSDT,15,1652610600,303.1,304.0,302.8,303.8
ILVUSDT,15,1652611500,303.8,308.0,303.6,307.9
ILVUSDT,15,1652612400,307.9,308.6,307.8,308.3
ILVUSDT,15,1652613300,308.3,309.6,307.6,309.6
ILVUSDT,15,1652614200,309.6,313.7,309.4,313.3
ILVUSDT,15,1652615100,313.3,314.1,312.6,313.1
ILVUSDT,15,1652616000,313.1,315.7,313.1,314.8
ILVUSDT,15,1652616900,314.8,316.1,313.9,313.9
ILVUSDT,15,1652617800,313.9,314.1,312.6,314.0
ILVUSDT,15,1652618700,314.0,314.7,313.4,313.5
ILVUSDT,15,1652619600,313.5,313.5,312.5,313.2
ILVUSDT,15,1652620500,313.2,314.0,311.9,312.1
ILVUSDT,15,1652621400,312.1,312.1,311.2,311.2
ILVUSDT,15,1652622300,311.2,311.9,311.1,311.5
ILVUSDT,15,1652623200,311.5,311.6,309.0,309.7
ILVUSDT,15,1652624100,309.7,310.1,308.1,308.1
ILVUSDT,15,1652625000,308.1,308.8,307.6,308.4
ILVUSDT,15,1652625900,308.4,309.3,308.4,308.7
ILVUSDT,15,1652626800,308.7,311.9,308.7,311.9
ILVUSDT,15,1652627700,311.9,311.9,310.4,311.1
ILVUSDT,15,1652628600,311.1,311.1,308.7,309.1
ILVUSDT,15,1652629500,309.1,309.2,308.2,308.8
ILVUSDT,15,1652630400,308.8,310.0,308.7,309.9
ILVUSDT,15,1652631300,309.9,310.6,309.6,310.5
ILVUSDT,15,1652632200,310.5,312.4,310.4,312.2
ILVUSDT,15,1652633100,312.2,313.3,312.2,312.9
ILVUSDT,15,1652634000,312.9,313.5,312.7,313.4
ILVUSDT,15,1652634900,313.4,313.6,312.8,313.5
ILVUSDT,15,1652635800,313.5,313.5,311.5,311.5
ILVUSDT,15,1652636700,311.5,311.9,311.0,311.2
ILVUSDT,15,1652637600,311.2,312.3,310.9,311.0
ILVUSDT,15,1652638500,311.0,311.7,311.0,311.5
ILVUSDT,15,1652639400,311.5,313.2,311.1,313.2
ILVUSDT,15,1652640300,313.2,313.8,312.9,313.4
ILVUSDT,15,1652641200,313.4,313.6,312.5,312.5
ILVUSDT,15,1652642100,312.5,313.1,312.5,312.8
ILVUSDT,15,1652643000,312.8,313.8,312.8,313.7
ILVUSDT,15,1652643900,313.7,314.5,313.6,314.5
ILVUSDT,15,1652644800,314.5,317.8,314.0,317.7
ILVUSDT,15,1652645700,317.7,320.3,317.4,320.2
ILVUSDT,15,1652646600,320.2,320.5,319.5,319.8
ILVUSDT,15,1652647500,319.8,320.1,319.6,320.1
ILVUSDT,15,1652648400,320.1,320.8,320.0,320.1
ILVUSDT,15,1652649300,320.1,320.6,318.7,319.0
ILVUSDT,15,1652650200,319.0,319.5,318.3,319.2
ILVUSDT,15,1652651100,319.2,319.6,318.4,319.5
ILVUSDT,15,1669935600,41.7,41.8,41.7,41.8
ILVUSDT,15,1669935600,41.7,41.9,41.7,41.9
ILVUSDT,1,1669935600,41.7,41.8,41.7,41.8
ILVUSDT,1,1669935660,41.8,41.8,41.8,41.8
ILVUSDT,1,1669935720,41.8,41.8,41.7,41.7
ILVUSDT,1,1669935780,41.7,41.7,41.7,41.7
ILVUSDT,1,1669935840,41.7,41.9,41.7,41.9
ILVUSDT,1,1669935900,41.9,41.9,41.9,41.9
