symbol,period,start_at,open,high,low,close
BITUSDT,15,1652652000,0.865,0.871,0.865,0.869
BITUSDT,15,1652652900,0.869,0.87,0.868,0.869
BITUSDT,15,1652653800,0.869,0.869,0.868,0.869
BITUSDT,15,1652654700,0.869,0.87,0.868,0.869
BITUSDT,15,1652655600,0.869,0.869,0.866,0.866
BITUSDT,15,1652656500,0.866,0.867,0.866,0.867
BITUSDT,15,1652657400,0.867,0.867,0.864,0.864
BITUSDT,15,1652658300,0.864,0.866,0.864,0.866
BITUSDT,15,1652659200,0.866,0.866,0.864,0.865
BITUSDT,15,1652660100,0.865,0.865,0.863,0.863
BITUSDT,15,1652661000,0.863,0.863,0.862,0.863
BITUSDT,15,1652661900,0.863,0.864,0.862,0.862
BITUSDT,15,1652662800,0.862,0.864,0.859,0.859
BITUSDT,15,1652663700,0.859,0.859,0.856,0.857
BITUSDT,15,1652664600,0.857,0.857,0.853,0.853
BITUSDT,15,1652665500,0.853,0.854,0.852,0.854
BITUSDT,15,1652666400,0.854,0.854,0.852,0.852
BITUSDT,15,1652667300,0.852,0.853,0.852,0.852
BITUSDT,15,1652668200,0.852,0.853,0.85,0.851
BITUSDT,15,1652669100,0.851,0.852,0.849,0.85
BITUSDT,15,1652670000,0.85,0.852,0.849,0.851
BITUSDT,15,1652670900,0.851,0.851,0.85,0.85
BITUSDT,15,1652671800,0.85,0.85,0.848,0.849
BITUSDT,15,1652672700,0.849,0.85,0.848,0.849
BITUSDT,15,1652673600,0.849,0.849,0.846,0.847
BITUSDT,15,1652674500,0.847,0.848,0.846,0.848
BITUSDT,15,1652675400,0.848,0.848,0.847,0.847
BITUSDT,15,1652676300,0.847,0.847,0.846,0.847
BITUSDT,15,1652677200,0.847,0.848,0.846,0.847
BITUSDT,15,1652678100,0.847,0.847,0.846,0.847
BITUSDT,15,1652679000,0.847,0.849,0.846,0.848
BITUSDT,15,1652679900,0.848,0.85,0.848,0.849
BITUSDT,15,1652680800,0.849,0.849,0.843,0.843
BITUSDT,15,1652681700,0.843,0.844,0.839,0.842
BITUSDT,15,1652682600,0.842,0.842,0.84,0.842
BITUSDT,15,1652683500,0.842,0.842,0.837,0.837
BITUSDT,15,1652684400,0.837,0.838,0.835,0.837
BITUSDT,15,1652685300,0.837,0.84,0.836,0.84
BITUSDT,15,1652686200,0.84,0.841,0.838,0.838
BITUSDT,15,1652687100,0.838,0.841,0.838,0.84
BITUSDT,15,1652688000,0.84,0.842,0.839,0.839
BITUSDT,15,1652688900,0.839,0.84,0.839,0.84
BITUSDT,15,1652689800,0.84,0.841,0.84,0.84
BITUSDT,15,1652690700,0.84,0.84,0.839,0.839
BITUSDT,15,1652691600,0.839,0.839,0.838,0.838
BITUSDT,15,1652692500,0.838,0.839,0.837,0.838
BITUSDT,15,1652693400,0.838,0.839,0.838,0.839
BITUSDT,15,1652694300,0.839,0.839,0.838,0.838
BITUSDT,15,1652695200,0.838,0.84,0.837,0.839
BITUSDT,15,1652696100,0.839,0.842,0.839,0.841
BITUSDT,15,1652697000,0.841,0.843,0.84,0.843
BITUSDT,15,1652697900,0.843,0.845,0.842,0.845
BITUSDT,15,1652698800,0.845,0.846,0.842,0.843
BITUSDT,15,1652699700,0.843,0.845,0.843,0.844
BITUSDT,15,1652700600,0.844,0.845,0.842,0.843
BITUSDT,15,1652701500,0.843,0.843,0.841,0.842
BITUSDT,15,1652702400,0.842,0.842,0.839,0.84
BITUSDT,15,1652703300,0.84,0.843,0.838,0.843
BITUSDT,15,1652704200,0.843,0.845,0.841,0.841
BITUSDT,15,1652705100,0.841,0.842,0.84,0.841
BITUSDT,15,1652706000,0.841,0.842,0.84,0.841
BITUSDT,15,1652706900,0.841,0.842,0.839,0.84
BITUSDT,15,1652707800,0.84,0.841,0.838,0.841
BITUSDT,15,1652708700,0.841,0.841,0.837,0.839
BITUSDT,15,1652709600,0.839,0.839,0.837,0.838
BITUSDT,15,1652710500,0.838,0.841,0.838,0.84
BITUSDT,15,1652711400,0.84,0.841,0.838,0.839
BITUSDT,15,1652712300,0.839,0.839,0.838,0.838
BITUSDT,15,1652713200,0.838,0.84,0.838,0.839
BITUSDT,15,1652714100,0.839,0.84,0.839,0.839
BITUSDT,15,1652715000,0.839,0.84,0.837,0.837
BITUSDT,15,1652715900,0.837,0.839,0.837,0.839
BITUSDT,15,1652716800,0.839,0.84,0.836,0.837
BITUSDT,15,1652717700,0.837,0.837,0.836,0.837
BITUSDT,15,1652718600,0.837,0.838,0.836,0.836
BITUSDT,15,1652719500,0.836,0.838,0.834,0.834
BITUSDT,15,1652720400,0.834,0.837,0.834,0.837
BITUSDT,15,1652721300,0.837,0.84,0.837,0.838
BITUSDT,15,1652722200,0.838,0.841,0.838,0.84
BITUSDT,15,1652723100,0.84,0.841,0.839,0.841
BITUSDT,15,1652724000,0.841,0.841,0.84,0.841
BITUSDT,15,1652724900,0.841,0.842,0.839,0.839
BITUSDT,15,1652725800,0.839,0.841,0.838,0.841
BITUSDT,15,1652726700,0.841,0.842,0.84,0.841
BITUSDT,15,1652727600,0.841,0.843,0.841,0.841
BITUSDT,15,1652728500,0.841,0.842,0.838,0.838
BITUSDT,15,1652729400,0.838,0.839,0.836,0.838
BITUSDT,15,1652730300,0.838,0.839,0.837,0.838
BITUSDT,15,1652731200,0.838,0.839,0.837,0.838
BITUSDT,15,1652732100,0.838,0.839,0.837,0.838
BITUSDT,15,1652733000,0.838,0.839,0.838,0.838
BITUSDT,15,1652733900,0.838,0.84,0.838,0.84
BITUSDT,15,1652734800,0.84,0.843,0.84,0.841
BITUSDT,15,1652735700,0.841,0.843,0.84,0.84
BITUSDT,15,1652736600,0.84,0.843,0.839,0.843
BITUSDT,15,1652737500,0.843,0.843,0.841,0.842
