symbol,period,start_at,open,high,low,close
DYDXUSDT,15,1652565600,1.923,1.943,1.916,1.942
DYDXUSDT,15,1652566500,1.942,1.989,1.925,1.93
DYDXUSDT,15,1652567400,1.93,1.93,1.908,1.921
DYDXUSDT,15,1652568300,1.921,1.97,1.918,1.949
DYDXUSDT,15,1652569200,1.949,1.96,1.941,1.945
DYDXUSDT,15,1652570100,1.945,1.997,1.945,1.996
DYDXUSDT,15,1652571000,1.996,2.002,1.975,1.989
DYDXUSDT,15,1652571900,1.989,2.02,1.979,1.994
DYDXUSDT,15,1652572800,1.994,2.048,1.984,1.991
DYDXUSDT,15,1652573700,1.991,2.034,1.991,2.019
DYDXUSDT,15,1652574600,2.019,2.028,1.988,1.993
DYDXUSDT,15,1652575500,1.993,1.993,1.968,1.972
DYDXUSDT,15,1652576400,1.972,1.975,1.955,1.962
DYDXUSDT,15,1652577300,1.962,1.968,1.946,1.95
DYDXUSDT,15,1652578200,1.95,1.956,1.939,1.955
DYDXUSDT,15,1652579100,1.955,1.984,1.955,1.968
DYDXUSDT,15,1652580000,1.968,1.982,1.942,1.943
DYDXUSDT,15,1652580900,1.943,1.953,1.93,1.942
DYDXUSDT,15,1652581800,1.942,1.944,1.919,1.921
DYDXUSDT,15,1652582700,1.921,1.936,1.916,1.927
DYDXUSDT,15,1652583600,1.927,1.942,1.922,1.923
DYDXUSDT,15,1652584500,1.923,1.927,1.909,1.915
DYDXUSDT,15,1652585400,1.915,1.924,1.908,1.921
DYDXUSDT,15,1652586300,1.921,1.931,1.921,1.928
DYDXUSDT,15,1652587200,1.928,1.951,1.922,1.948
DYDXUSDT,15,1652588100,1.948,1.95,1.937,1.943
DYDXUSDT,15,1652589000,1.943,1.944,1.928,1.935
DYDXUSDT,15,1652589900,1.935,1.944,1.931,1.939
DYDXUSDT,15,1652590800,1.939,1.94,1.924,1.932
DYDXUSDT,15,1652591700,1.932,1.945,1.929,1.939
DYDXUSDT,15,1652592600,1.939,1.964,1.938,1.964
DYDXUSDT,15,1652593500,1.964,2.037,1.96,2.036
DYDXUSDT,15,1652594400,2.036,2.036,1.982,1.982
DYDXUSDT,15,1652595300,1.982,2.003,1.976,1.993
DYDXUSDT,15,1652596200,1.993,2.001,1.986,1.993
DYDXUSDT,15,1652597100,1.993,2.033,1.991,2.029
DYDXUSDT,15,1652598000,2.029,2.049,2.016,2.048
DYDXUSDT,15,1652598900,2.048,2.057,2.022,2.024
DYDXUSDT,15,1652599800,2.024,2.028,2.01,2.012
DYDXUSDT,15,1652600700,2.012,2.015,1.998,2.008
DYDXUSDT,15,1652601600,2.008,2.015,1.994,2.007
DYDXUSDT,15,1652602500,2.007,2.01,1.983,1.983
DYDXUSDT,15,1652603400,1.983,1.987,1.969,1.983
DYDXUSDT,15,1652604300,1.983,1.983,1.963,1.966
DYDXUSDT,15,1652605200,1.966,1.97,1.945,1.945
DYDXUSDT,15,1652606100,1.945,1.976,1.944,1.966
DYDXUSDT,15,1652607000,1.966,1.977,1.966,1.971
DYDXUSDT,15,1652607900,1.971,1.983,1.968,1.981
DYDXUSDT,15,1652608800,1.981,1.994,1.96,1.965
DYDXUSDT,15,1652609700,1.965,1.965,1.945,1.953
DYDXUSDT,15,1652610600,1.953,1.971,1.943,1.97
DYDXUSDT,15,1652611500,1.97,2.018,1.966,2.017
DYDXUSDT,15,1652612400,2.017,2.044,2.011,2.036
DYDXUSDT,15,1652613300,2.036,2.04,2.019,2.035
DYDXUSDT,15,1652614200,2.035,2.067,2.034,2.064
DYDXUSDT,15,1652615100,2.064,2.097,2.06,2.092
DYDXUSDT,15,1652616000,2.092,2.163,2.092,2.133
DYDXUSDT,15,1652616900,2.133,2.144,2.112,2.113
DYDXUSDT,15,1652617800,2.113,2.121,2.088,2.089
DYDXUSDT,15,1652618700,2.089,2.093,2.076,2.078
DYDXUSDT,15,1652619600,2.078,2.083,2.067,2.075
DYDXUSDT,15,1652620500,2.075,2.077,2.048,2.063
DYDXUSDT,15,1652621400,2.063,2.063,2.037,2.038
DYDXUSDT,15,1652622300,2.038,2.056,2.034,2.053
DYDXUSDT,15,1652623200,2.053,2.059,2.019,2.032
DYDXUSDT,15,1652624100,2.032,2.033,2.001,2.023
DYDXUSDT,15,1652625000,2.023,2.047,2.011,2.04
DYDXUSDT,15,1652625900,2.04,2.044,2.018,2.025
DYDXUSDT,15,1652626800,2.025,2.057,2.016,2.054
DYDXUSDT,15,1652627700,2.054,2.054,2.024,2.029
DYDXUSDT,15,1652628600,2.029,2.029,1.999,2.006
DYDXUSDT,15,1652629500,2.006,2.025,1.99,2.009
DYDXUSDT,15,1652630400,2.009,2.03,1.998,2.017
DYDXUSDT,15,1652631300,2.017,2.024,2.015,2.024
DYDXUSDT,15,1652632200,2.024,2.055,2.016,2.05
DYDXUSDT,15,1652633100,2.05,2.05,2.038,2.042
DYDXUSDT,15,1652634000,2.042,2.042,2.029,2.037
DYDXUSDT,15,1652634900,2.037,2.039,2.008,2.009
DYDXUSDT,15,1652635800,2.009,2.009,1.973,1.977
DYDXUSDT,15,1652636700,1.977,1.985,1.975,1.978
DYDXUSDT,15,1652637600,1.978,1.99,1.972,1.99
DYDXUSDT,15,1652638500,1.99,1.996,1.983,1.995
DYDXUSDT,15,1652639400,1.995,2.041,1.995,2.033
DYDXUSDT,15,1652640300,2.033,2.035,2.018,2.019
DYDXUSDT,15,1652641200,2.019,2.02,1.999,2.003
DYDXUSDT,15,1652642100,2.003,2.027,2.002,2.017
DYDXUSDT,15,1652643000,2.017,2.029,2.01,2.014
DYDXUSDT,15,1652643900,2.014,2.038,2.014,2.037
DYDXUSDT,15,1652644800,2.037,2.07,2.026,2.069
DYDXUSDT,15,1652645700,2.069,2.1,2.063,2.087
DYDXUSDT,15,1652646600,2.087,2.097,2.074,2.092
DYDXUSDT,15,1652647500,2.092,2.099,2.089,2.096
DYDXUSDT,15,1652648400,2.096,2.1,2.082,2.088
DYDXUSDT,15,1652649300,2.088,2.089,2.069,2.069
DYDXUSDT,15,1652650200,2.069,2.071,2.063,2.071
DYDXUSDT,15,1652651100,2.071,2.094,2.071,2.094
DYDXUSDT,15,1669935600,1.845,1.847,1.845,1.847
DYDXUSDT,15,1669935600,1.845,1.853,1.845,1.85
DYDXUSDT,1,1669935600,1.845,1.846,1.845,1.846
DYDXUSDT,1,1669935660,1.846,1.849,1.846,1.849
DYDXUSDT,1,1669935720,1.849,1.853,1.849,1.851
DYDXUSDT,1,1669935780,1.851,1.851,1.845,1.846
DYDXUSDT,1,1669935840,1.846,1.852,1.846,1.851
DYDXUSDT,1,1669935900,1.851,1.851,1.847,1.847
