symbol,period,start_at,open,high,low,close
CTCUSDT,15,1652775300,0.477,0.48022,0.47664,0.47664
CTCUSDT,15,1652776200,0.47664,0.47863,0.47661,0.47683
CTCUSDT,15,1652777100,0.47683,0.48104,0.47683,0.47868
CTCUSDT,15,1652778000,0.47868,0.47895,0.47591,0.47895
CTCUSDT,15,1652778900,0.47895,0.48742,0.4777,0.48742
CTCUSDT,15,1652779800,0.48742,0.48742,0.48204,0.48571
CTCUSDT,15,1652780700,0.48571,0.48571,0.48225,0.48225
CTCUSDT,15,1652781600,0.48225,0.48497,0.47937,0.48271
CTCUSDT,15,1652782500,0.48271,0.4838,0.47937,0.4838
CTCUSDT,15,1652783400,0.4838,0.4838,0.4806,0.48155
CTCUSDT,15,1652784300,0.48155,0.48436,0.48107,0.48436
CTCUSDT,15,1652785200,0.48436,0.48436,0.4816,0.48186
CTCUSDT,15,1652786100,0.48186,0.48305,0.47954,0.47954
CTCUSDT,15,1652787000,0.47954,0.48533,0.47916,0.48517
CTCUSDT,15,1652787900,0.48517,0.48951,0.48427,0.48951
CTCUSDT,15,1652788800,0.48951,0.50267,0.48522,0.50267
CTCUSDT,15,1652789700,0.50267,0.509,0.50097,0.50587
CTCUSDT,15,1652790600,0.50587,0.50985,0.49609,0.49609
CTCUSDT,15,1652791500,0.49609,0.49802,0.49527,0.49579
CTCUSDT,15,1652792400,0.49579,0.49736,0.49362,0.49431
CTCUSDT,15,1652793300,0.49431,0.49785,0.4931,0.4931
CTCUSDT,15,1652794200,0.4931,0.49816,0.4931,0.49816
CTCUSDT,15,1652795100,0.49816,0.49892,0.4951,0.49599
CTCUSDT,15,1652796000,0.49599,0.49599,0.48848,0.49315
CTCUSDT,15,1652796900,0.49315,0.50049,0.4927,0.497
CTCUSDT,15,1652797800,0.497,0.49836,0.4871,0.48763
CTCUSDT,15,1652798700,0.48763,0.49065,0.487,0.48919
CTCUSDT,15,1652799600,0.48919,0.48989,0.48593,0.48989
CTCUSDT,15,1652800500,0.48989,0.49174,0.48862,0.49174
CTCUSDT,15,1652801400,0.49174,0.49409,0.49,0.4935
CTCUSDT,15,1652802300,0.4935,0.50807,0.49165,0.4965
CTCUSDT,15,1652803200,0.4965,0.50099,0.49432,0.49825
CTCUSDT,15,1652804100,0.49825,0.50142,0.49708,0.50125
CTCUSDT,15,1652805000,0.50125,0.50429,0.50124,0.50348
CTCUSDT,15,1652805900,0.50348,0.50844,0.50325,0.50598
CTCUSDT,15,1652806800,0.50598,0.50702,0.50304,0.5035
CTCUSDT,15,1652807700,0.5035,0.5074,0.50304,0.5055
CTCUSDT,15,1652808600,0.5055,0.51014,0.50439,0.51014
CTCUSDT,15,1652809500,0.51014,0.51458,0.50803,0.51111
CTCUSDT,15,1652810400,0.51111,0.51111,0.50652,0.5071
CTCUSDT,15,1652811300,0.5071,0.50911,0.50412,0.50536
CTCUSDT,15,1652812200,0.50536,0.506,0.49903,0.49903
CTCUSDT,15,1652813100,0.49903,0.50395,0.49903,0.50297
CTCUSDT,15,1652814000,0.50297,0.50605,0.50004,0.50605
CTCUSDT,15,1652814900,0.50605,0.50821,0.50361,0.50538
CTCUSDT,15,1652815800,0.50538,0.51001,0.50538,0.51001
CTCUSDT,15,1652816700,0.51001,0.51173,0.50719,0.50719
CTCUSDT,15,1652817600,0.50719,0.51195,0.50504,0.50712
CTCUSDT,15,1652818500,0.50712,0.51075,0.50522,0.51075
CTCUSDT,15,1652819400,0.51075,0.51091,0.50563,0.50761
CTCUSDT,15,1652820300,0.50761,0.50945,0.50531,0.5057
CTCUSDT,15,1652821200,0.5057,0.50875,0.50503,0.50875
CTCUSDT,15,1652822100,0.50875,0.509,0.50017,0.50402
CTCUSDT,15,1652823000,0.50402,0.50458,0.49787,0.50324
CTCUSDT,15,1652823900,0.50324,0.50373,0.49919,0.50362
CTCUSDT,15,1652824800,0.50362,0.50922,0.50129,0.50726
CTCUSDT,15,1652825700,0.50726,0.50922,0.50398,0.50706
CTCUSDT,15,1652826600,0.50706,0.50802,0.50428,0.50586
CTCUSDT,15,1652827500,0.50586,0.50877,0.49815,0.49815
CTCUSDT,15,1652828400,0.49815,0.50314,0.49815,0.50172
CTCUSDT,15,1652829300,0.50172,0.50425,0.49868,0.50425
CTCUSDT,15,1652830200,0.50425,0.50835,0.50208,0.50735
CTCUSDT,15,1652831100,0.50735,0.50835,0.50302,0.505
CTCUSDT,15,1652832000,0.505,0.5088,0.49823,0.5088
CTCUSDT,15,1652832900,0.5088,0.51103,0.50604,0.51015
CTCUSDT,15,1652833800,0.51015,0.51326,0.50906,0.51326
CTCUSDT,15,1652834700,0.51326,0.51326,0.50465,0.50599
CTCUSDT,15,1652835600,0.50599,0.50967,0.50465,0.50733
CTCUSDT,15,1652836500,0.50733,0.51044,0.50653,0.50909
CTCUSDT,15,1652837400,0.50909,0.51191,0.50644,0.50878
CTCUSDT,15,1652838300,0.50878,0.51004,0.50673,0.50673
CTCUSDT,15,1652839200,0.50673,0.50902,0.50402,0.505
CTCUSDT,15,1652840100,0.505,0.50734,0.50346,0.50346
CTCUSDT,15,1652841000,0.50346,0.50688,0.50346,0.50688
CTCUSDT,15,1652841900,0.50688,0.50989,0.49908,0.50182
CTCUSDT,15,1652842800,0.50182,0.50182,0.4969,0.4969
CTCUSDT,15,1652843700,0.4969,0.50304,0.4969,0.50239
CTCUSDT,15,1652844600,0.50239,0.50239,0.4958,0.49823
CTCUSDT,15,1652845500,0.49823,0.50157,0.49617,0.49735
CTCUSDT,15,1652846400,0.49735,0.49904,0.49572,0.49854
CTCUSDT,15,1652847300,0.49854,0.49854,0.49269,0.49494
CTCUSDT,15,1652848200,0.49494,0.49504,0.49019,0.49333
CTCUSDT,15,1652849100,0.49333,0.49579,0.49333,0.49419
CTCUSDT,15,1652850000,0.49419,0.49644,0.49316,0.49644
CTCUSDT,15,1652850900,0.49644,0.50423,0.49588,0.50337
CTCUSDT,15,1652851800,0.50337,0.50462,0.49686,0.49686
CTCUSDT,15,1652852700,0.49686,0.49686,0.4954,0.49585
CTCUSDT,15,1652853600,0.49585,0.49802,0.49585,0.49802
CTCUSDT,15,1652854500,0.49802,0.50003,0.49637,0.4971
CTCUSDT,15,1652855400,0.4971,0.50086,0.4971,0.49799
CTCUSDT,15,1652856300,0.49799,0.50167,0.49798,0.49924
CTCUSDT,15,1652857200,0.49924,0.50203,0.49682,0.49798
CTCUSDT,15,1652858100,0.49798,0.49798,0.4962,0.49696
CTCUSDT,15,1652859000,0.49696,0.50002,0.49639,0.49858
CTCUSDT,15,1652859900,0.49858,0.49992,0.49633,0.49651
CTCUSDT,15,1652860800,0.49651,0.50285,0.49651,0.50094
CTCUSDT,15,1669935600,0.34151,0.3452,0.34151,0.3452
CTCUSDT,15,1669935600,0.34151,0.3452,0.34109,0.34119
CTCUSDT,1,1669935600,0.34151,0.3452,0.34151,0.3452
CTCUSDT,1,1669935660,0.3452,0.3452,0.34139,0.34139
CTCUSDT,1,1669935720,0.34139,0.34165,0.34138,0.34165
CTCUSDT,1,1669935780,0.34165,0.3452,0.34109,0.34109
CTCUSDT,1,1669935840,0.34109,0.34119,0.34109,0.34119
CTCUSDT,1,1669935900,0.34119,0.34124,0.34118,0.34118
