symbol,period,start_at,open,high,low,close
TRBUSDT,15,1654828200,12.769,12.778,12.769,12.777
TRBUSDT,15,1654829100,12.777,12.879,12.745,12.792
TRBUSDT,15,1654830000,12.792,13.039,12.787,13.019
TRBUSDT,15,1654830900,13.019,13.167,13.014,13.111
TRBUSDT,15,1654831800,13.111,13.147,12.951,13.0
TRBUSDT,15,1654832700,13.0,13.089,12.926,12.943
TRBUSDT,15,1654833600,12.943,12.979,12.881,12.926
TRBUSDT,15,1654834500,12.926,12.961,12.852,12.876
TRBUSDT,15,1654835400,12.876,12.947,12.87,12.931
TRBUSDT,15,1654836300,12.931,13.047,12.925,12.991
TRBUSDT,15,1654837200,12.991,13.205,12.987,13.181
TRBUSDT,15,1654838100,13.181,13.259,13.109,13.212
TRBUSDT,15,1654839000,13.212,13.297,13.145,13.161
TRBUSDT,15,1654839900,13.161,13.172,12.998,13.03
TRBUSDT,15,1654840800,13.03,13.218,13.03,13.218
TRBUSDT,15,1654841700,13.218,13.23,13.041,13.116
TRBUSDT,15,1654842600,13.116,13.15,13.053,13.132
TRBUSDT,15,1654843500,13.132,13.271,13.11,13.211
TRBUSDT,15,1654844400,13.211,13.217,12.994,12.994
TRBUSDT,15,1654845300,12.994,13.012,12.935,12.949
TRBUSDT,15,1654846200,12.949,13.145,12.945,13.143
TRBUSDT,15,1654847100,13.143,13.269,13.078,13.132
TRBUSDT,15,1654848000,13.132,13.21,13.103,13.132
TRBUSDT,15,1654848900,13.132,13.132,12.997,13.012
TRBUSDT,15,1654849800,13.012,13.012,12.842,12.947
TRBUSDT,15,1654850700,12.947,13.101,12.94,13.028
TRBUSDT,15,1654851600,13.028,13.052,12.916,12.985
TRBUSDT,15,1654852500,12.985,12.986,12.749,12.975
TRBUSDT,15,1654853400,12.975,13.131,12.964,13.047
TRBUSDT,15,1654854300,13.047,13.343,12.987,13.315
TRBUSDT,15,1654855200,13.315,13.95,13.203,13.84
TRBUSDT,15,1654856100,13.84,15.204,13.798,14.74
TRBUSDT,15,1654857000,14.74,15.956,14.491,15.013
TRBUSDT,15,1654857900,15.013,15.327,14.854,15.021
TRBUSDT,15,1654858800,15.021,15.183,14.547,14.624
TRBUSDT,15,1654859700,14.624,14.798,14.356,14.502
TRBUSDT,15,1654860600,14.502,14.642,14.421,14.539
TRBUSDT,15,1654861500,14.539,14.832,14.435,14.464
TRBUSDT,15,1654862400,14.464,14.71,14.151,14.319
TRBUSDT,15,1654863300,14.319,14.413,14.286,14.321
TRBUSDT,15,1654864200,14.321,14.562,13.701,14.122
TRBUSDT,15,1654865100,14.122,14.224,13.979,14.095
TRBUSDT,15,1654866000,14.095,14.243,14.048,14.138
TRBUSDT,15,1654866900,14.138,14.485,14.106,14.27
TRBUSDT,15,1654867800,14.27,14.469,14.037,14.418
TRBUSDT,15,1654868700,14.418,15.012,14.357,14.357
TRBUSDT,15,1654869600,14.357,14.529,14.132,14.49
TRBUSDT,15,1654870500,14.49,14.679,14.487,14.553
TRBUSDT,15,1654871400,14.553,14.955,14.524,14.933
TRBUSDT,15,1654872300,14.933,15.369,14.795,14.851
TRBUSDT,15,1654873200,14.851,14.972,14.732,14.799
TRBUSDT,15,1654874100,14.799,15.191,14.772,14.967
TRBUSDT,15,1654875000,14.967,15.508,14.939,15.201
TRBUSDT,15,1654875900,15.201,16.468,15.196,16.182
TRBUSDT,15,1654876800,16.182,17.449,16.0,16.687
TRBUSDT,15,1654877700,16.687,17.002,15.59,15.989
TRBUSDT,15,1654878600,15.989,16.444,15.887,16.057
TRBUSDT,15,1654879500,16.057,16.105,15.609,15.764
TRBUSDT,15,1654880400,15.764,15.801,15.34,15.506
TRBUSDT,15,1654881300,15.506,16.774,15.499,16.579
TRBUSDT,15,1654882200,16.579,17.589,16.284,17.097
TRBUSDT,15,1654883100,17.097,17.485,16.844,17.423
TRBUSDT,15,1654884000,17.423,17.651,16.706,17.019
TRBUSDT,15,1654884900,17.019,17.123,16.539,16.623
TRBUSDT,15,1654885800,16.623,17.167,16.621,16.741
TRBUSDT,15,1654886700,16.741,17.351,16.645,16.94
TRBUSDT,15,1654887600,16.94,17.591,16.852,17.351
TRBUSDT,15,1654888500,17.351,17.745,17.111,17.185
TRBUSDT,15,1654889400,17.185,17.232,16.283,16.567
TRBUSDT,15,1654890300,16.567,16.804,16.379,16.572
TRBUSDT,15,1654891200,16.572,16.822,16.306,16.489
TRBUSDT,15,1654892100,16.489,16.49,15.868,16.089
TRBUSDT,15,1654893000,16.089,16.458,15.972,15.995
TRBUSDT,15,1654893900,15.995,16.297,15.992,16.197
TRBUSDT,15,1654894800,16.197,16.417,15.969,15.969
TRBUSDT,15,1654895700,15.969,16.247,15.869,16.211
TRBUSDT,15,1654896600,16.211,16.38,16.176,16.269
TRBUSDT,15,1654897500,16.269,16.319,16.133,16.24
TRBUSDT,15,1654898400,16.24,17.298,16.231,16.741
TRBUSDT,15,1654899300,16.741,17.153,16.667,16.828
TRBUSDT,15,1654900200,16.828,16.828,16.303,16.378
TRBUSDT,15,1654901100,16.378,16.509,16.162,16.277
TRBUSDT,15,1654902000,16.277,16.322,16.03,16.205
TRBUSDT,15,1654902900,16.205,16.476,15.901,16.209
TRBUSDT,15,1654903800,16.209,16.27,15.981,16.006
TRBUSDT,15,1654904700,16.006,16.105,15.762,15.827
TRBUSDT,15,1654905600,15.827,15.981,15.464,15.763
TRBUSDT,15,1654906500,15.763,16.12,15.589,15.896
TRBUSDT,15,1654907400,15.896,15.966,15.527,15.633
TRBUSDT,15,1654908300,15.633,15.827,15.538,15.779
TRBUSDT,15,1654909200,15.779,15.954,15.777,15.872
TRBUSDT,15,1654910100,15.872,15.975,15.81,15.835
TRBUSDT,15,1654911000,15.835,15.892,15.632,15.715
TRBUSDT,15,1654911900,15.715,15.866,15.626,15.845
TRBUSDT,15,1654912800,15.845,15.861,15.702,15.818
TRBUSDT,15,1654913700,15.818,15.88,15.563,15.596
TRBUSDT,15,1669935600,13.97,13.989,13.97,13.988
TRBUSDT,15,1669935600,13.97,13.994,13.96,13.96
TRBUSDT,1,1669935600,13.97,13.975,13.97,13.975
TRBUSDT,1,1669935660,13.975,13.989,13.975,13.989
TRBUSDT,1,1669935720,13.989,13.994,13.988,13.992
TRBUSDT,1,1669935780,13.992,13.993,13.97,13.97
TRBUSDT,1,1669935840,13.97,13.97,13.968,13.969
TRBUSDT,1,1669935900,13.969,13.969,13.96,13.96
