symbol,period,start_at,open,high,low,close
CVXUSDT,15,1652565600,11.34,11.407,11.327,11.407
CVXUSDT,15,1652566500,11.407,11.416,11.322,11.397
CVXUSDT,15,1652567400,11.397,11.444,11.367,11.417
CVXUSDT,15,1652568300,11.417,11.577,11.384,11.57
CVXUSDT,15,1652569200,11.57,11.693,11.57,11.586
CVXUSDT,15,1652570100,11.586,11.65,11.507,11.637
CVXUSDT,15,1652571000,11.637,11.685,11.599,11.658
CVXUSDT,15,1652571900,11.658,11.965,11.642,11.743
CVXUSDT,15,1652572800,11.743,11.743,11.583,11.592
CVXUSDT,15,1652573700,11.592,11.749,11.587,11.726
CVXUSDT,15,1652574600,11.726,11.749,11.672,11.717
CVXUSDT,15,1652575500,11.717,11.726,11.589,11.616
CVXUSDT,15,1652576400,11.616,11.649,11.556,11.574
CVXUSDT,15,1652577300,11.574,11.623,11.542,11.569
CVXUSDT,15,1652578200,11.569,11.583,11.506,11.538
CVXUSDT,15,1652579100,11.538,11.573,11.528,11.547
CVXUSDT,15,1652580000,11.547,11.575,11.442,11.45
CVXUSDT,15,1652580900,11.45,11.82,11.402,11.565
CVXUSDT,15,1652581800,11.565,11.565,11.422,11.422
CVXUSDT,15,1652582700,11.422,11.46,11.385,11.422
CVXUSDT,15,1652583600,11.422,11.462,11.412,11.415
CVXUSDT,15,1652584500,11.415,11.415,11.32,11.321
CVXUSDT,15,1652585400,11.321,11.333,11.226,11.313
CVXUSDT,15,1652586300,11.313,11.323,11.282,11.313
CVXUSDT,15,1652587200,11.313,11.346,11.301,11.337
CVXUSDT,15,1652588100,11.337,11.376,11.33,11.371
CVXUSDT,15,1652589000,11.371,11.372,11.238,11.264
CVXUSDT,15,1652589900,11.264,11.277,11.213,11.271
CVXUSDT,15,1652590800,11.271,11.284,11.217,11.249
CVXUSDT,15,1652591700,11.249,11.316,11.244,11.315
CVXUSDT,15,1652592600,11.315,11.315,10.796,11.182
CVXUSDT,15,1652593500,11.182,11.237,11.178,11.235
CVXUSDT,15,1652594400,11.235,11.321,11.224,11.237
CVXUSDT,15,1652595300,11.237,11.273,11.216,11.272
CVXUSDT,15,1652596200,11.272,11.307,11.265,11.267
CVXUSDT,15,1652597100,11.267,11.33,11.239,11.319
CVXUSDT,15,1652598000,11.319,11.416,11.319,11.393
CVXUSDT,15,1652598900,11.393,11.446,11.377,11.382
CVXUSDT,15,1652599800,11.382,11.382,11.274,11.306
CVXUSDT,15,1652600700,11.306,11.346,11.238,11.254
CVXUSDT,15,1652601600,11.254,11.254,11.051,11.092
CVXUSDT,15,1652602500,11.092,11.092,10.936,10.976
CVXUSDT,15,1652603400,10.976,11.012,10.965,11.012
CVXUSDT,15,1652604300,11.012,11.018,10.876,10.924
CVXUSDT,15,1652605200,10.924,10.966,10.923,10.937
CVXUSDT,15,1652606100,10.937,11.129,10.923,11.085
CVXUSDT,15,1652607000,11.085,11.143,11.077,11.143
CVXUSDT,15,1652607900,11.143,11.19,11.143,11.19
CVXUSDT,15,1652608800,11.19,11.2,11.157,11.181
CVXUSDT,15,1652609700,11.181,11.321,11.149,11.277
CVXUSDT,15,1652610600,11.277,11.305,11.242,11.266
CVXUSDT,15,1652611500,11.266,11.411,11.265,11.408
CVXUSDT,15,1652612400,11.408,11.486,11.406,11.412
CVXUSDT,15,1652613300,11.412,11.433,11.295,11.426
CVXUSDT,15,1652614200,11.426,11.554,11.413,11.534
CVXUSDT,15,1652615100,11.534,11.617,11.528,11.617
CVXUSDT,15,1652616000,11.617,11.631,11.579,11.6
CVXUSDT,15,1652616900,11.6,11.672,11.578,11.641
CVXUSDT,15,1652617800,11.641,11.643,11.548,11.596
CVXUSDT,15,1652618700,11.596,11.626,11.57,11.59
CVXUSDT,15,1652619600,11.59,11.597,11.548,11.597
CVXUSDT,15,1652620500,11.597,11.605,11.532,11.532
CVXUSDT,15,1652621400,11.532,11.557,11.465,11.466
CVXUSDT,15,1652622300,11.466,11.503,11.423,11.503
CVXUSDT,15,1652623200,11.503,11.503,11.43,11.47
CVXUSDT,15,1652624100,11.47,11.47,11.288,11.343
CVXUSDT,15,1652625000,11.343,11.42,11.314,11.408
CVXUSDT,15,1652625900,11.408,11.424,11.383,11.414
CVXUSDT,15,1652626800,11.414,11.583,11.414,11.527
CVXUSDT,15,1652627700,11.527,11.547,11.446,11.458
CVXUSDT,15,1652628600,11.458,11.458,11.329,11.355
CVXUSDT,15,1652629500,11.355,11.395,11.341,11.395
CVXUSDT,15,1652630400,11.395,11.438,11.368,11.404
CVXUSDT,15,1652631300,11.404,11.533,11.404,11.467
CVXUSDT,15,1652632200,11.467,11.59,11.467,11.579
CVXUSDT,15,1652633100,11.579,11.607,11.515,11.6
CVXUSDT,15,1652634000,11.6,11.63,11.588,11.619
CVXUSDT,15,1652634900,11.619,11.629,11.547,11.608
CVXUSDT,15,1652635800,11.608,11.608,11.521,11.521
CVXUSDT,15,1652636700,11.521,11.521,11.439,11.439
CVXUSDT,15,1652637600,11.439,11.451,11.401,11.405
CVXUSDT,15,1652638500,11.405,11.416,11.373,11.38
CVXUSDT,15,1652639400,11.38,11.557,11.38,11.557
CVXUSDT,15,1652640300,11.557,11.565,11.462,11.553
CVXUSDT,15,1652641200,11.553,11.554,11.502,11.505
CVXUSDT,15,1652642100,11.505,11.616,11.481,11.485
CVXUSDT,15,1652643000,11.485,11.535,11.461,11.535
CVXUSDT,15,1652643900,11.535,11.619,11.535,11.619
CVXUSDT,15,1652644800,11.619,11.719,11.58,11.718
CVXUSDT,15,1652645700,11.718,11.901,11.704,11.844
CVXUSDT,15,1652646600,11.844,11.963,11.814,11.95
CVXUSDT,15,1652647500,11.95,11.98,11.936,11.98
CVXUSDT,15,1652648400,11.98,11.982,11.876,11.888
CVXUSDT,15,1652649300,11.888,11.895,11.845,11.858
CVXUSDT,15,1652650200,11.858,11.928,11.847,11.928
CVXUSDT,15,1652651100,11.928,11.938,11.883,11.938
CVXUSDT,15,1669935600,4,4.016,4,4.014
CVXUSDT,15,1669935600,4,4.018,4,4.017
CVXUSDT,1,1669935600,4,4.016,4,4.014
CVXUSDT,1,1669935660,4.014,4.016,4.014,4.016
CVXUSDT,1,1669935720,4.016,4.018,4.016,4.018
CVXUSDT,1,1669935780,4.018,4.018,4.017,4.017
CVXUSDT,1,1669935840,4.017,4.017,4.017,4.017
CVXUSDT,1,1669935900,4.017,4.017,4.017,4.017
