symbol,period,start_at,open,high,low,close
MANAUSDT,15,1652565600,1.1831,1.2003,1.1744,1.1965
MANAUSDT,15,1652566500,1.1965,1.1974,1.1741,1.1756
MANAUSDT,15,1652567400,1.1756,1.181,1.1645,1.1772
MANAUSDT,15,1652568300,1.1772,1.2251,1.1767,1.2197
MANAUSDT,15,1652569200,1.2197,1.2585,1.2174,1.2338
MANAUSDT,15,1652570100,1.2338,1.2535,1.2244,1.2512
MANAUSDT,15,1652571000,1.2512,1.2958,1.2392,1.2941
MANAUSDT,15,1652571900,1.2941,1.3427,1.274,1.334
MANAUSDT,15,1652572800,1.334,1.3614,1.2794,1.2963
MANAUSDT,15,1652573700,1.2963,1.355,1.2963,1.3391
MANAUSDT,15,1652574600,1.3391,1.3492,1.2829,1.2947
MANAUSDT,15,1652575500,1.2947,1.2947,1.2621,1.2679
MANAUSDT,15,1652576400,1.2679,1.2778,1.2574,1.2706
MANAUSDT,15,1652577300,1.2706,1.2837,1.2453,1.2484
MANAUSDT,15,1652578200,1.2484,1.2649,1.2422,1.2592
MANAUSDT,15,1652579100,1.2592,1.2787,1.2569,1.2725
MANAUSDT,15,1652580000,1.2725,1.2844,1.2471,1.2514
MANAUSDT,15,1652580900,1.2514,1.2599,1.237,1.2515
MANAUSDT,15,1652581800,1.2515,1.2754,1.2489,1.2564
MANAUSDT,15,1652582700,1.2564,1.2932,1.2504,1.2815
MANAUSDT,15,1652583600,1.2815,1.2861,1.2648,1.2667
MANAUSDT,15,1652584500,1.2667,1.268,1.2361,1.241
MANAUSDT,15,1652585400,1.241,1.2559,1.2315,1.2495
MANAUSDT,15,1652586300,1.2495,1.2631,1.2446,1.2551
MANAUSDT,15,1652587200,1.2551,1.2745,1.2376,1.2669
MANAUSDT,15,1652588100,1.2669,1.2757,1.2507,1.2582
MANAUSDT,15,1652589000,1.2582,1.26,1.2254,1.227
MANAUSDT,15,1652589900,1.227,1.2415,1.2226,1.2325
MANAUSDT,15,1652590800,1.2325,1.2397,1.2185,1.2379
MANAUSDT,15,1652591700,1.2379,1.2462,1.2327,1.2434
MANAUSDT,15,1652592600,1.2434,1.2609,1.2355,1.2584
MANAUSDT,15,1652593500,1.2584,1.2692,1.2523,1.2553
MANAUSDT,15,1652594400,1.2553,1.2668,1.2456,1.2461
MANAUSDT,15,1652595300,1.2461,1.298,1.2445,1.2862
MANAUSDT,15,1652596200,1.2862,1.287,1.2614,1.2656
MANAUSDT,15,1652597100,1.2656,1.2826,1.2601,1.2804
MANAUSDT,15,1652598000,1.2804,1.2878,1.2684,1.2777
MANAUSDT,15,1652598900,1.2777,1.2887,1.2639,1.2661
MANAUSDT,15,1652599800,1.2661,1.2721,1.2588,1.2663
MANAUSDT,15,1652600700,1.2663,1.2675,1.2485,1.2549
MANAUSDT,15,1652601600,1.2549,1.2639,1.2317,1.2355
MANAUSDT,15,1652602500,1.2355,1.2366,1.2234,1.2286
MANAUSDT,15,1652603400,1.2286,1.2398,1.2255,1.2326
MANAUSDT,15,1652604300,1.2326,1.2342,1.2238,1.232
MANAUSDT,15,1652605200,1.232,1.239,1.2231,1.2251
MANAUSDT,15,1652606100,1.2251,1.249,1.2236,1.2454
MANAUSDT,15,1652607000,1.2454,1.2507,1.2365,1.2459
MANAUSDT,15,1652607900,1.2459,1.2511,1.2379,1.2486
MANAUSDT,15,1652608800,1.2486,1.2501,1.2306,1.2338
MANAUSDT,15,1652609700,1.2338,1.2349,1.2275,1.2317
MANAUSDT,15,1652610600,1.2317,1.2436,1.225,1.2428
MANAUSDT,15,1652611500,1.2428,1.2635,1.2371,1.2614
MANAUSDT,15,1652612400,1.2614,1.2647,1.2518,1.255
MANAUSDT,15,1652613300,1.255,1.2618,1.2446,1.2571
MANAUSDT,15,1652614200,1.2571,1.2717,1.2545,1.2639
MANAUSDT,15,1652615100,1.2639,1.2786,1.2626,1.2666
MANAUSDT,15,1652616000,1.2666,1.2827,1.2646,1.2646
MANAUSDT,15,1652616900,1.2646,1.2791,1.2503,1.2535
MANAUSDT,15,1652617800,1.2535,1.2595,1.2438,1.2576
MANAUSDT,15,1652618700,1.2576,1.2621,1.2457,1.2491
MANAUSDT,15,1652619600,1.2491,1.2491,1.2337,1.2461
MANAUSDT,15,1652620500,1.2461,1.2502,1.2283,1.2315
MANAUSDT,15,1652621400,1.2315,1.2421,1.2276,1.2316
MANAUSDT,15,1652622300,1.2316,1.2382,1.2265,1.2371
MANAUSDT,15,1652623200,1.2371,1.2418,1.2132,1.2217
MANAUSDT,15,1652624100,1.2217,1.2238,1.2027,1.2113
MANAUSDT,15,1652625000,1.2113,1.2197,1.2036,1.2156
MANAUSDT,15,1652625900,1.2156,1.2226,1.2131,1.2208
MANAUSDT,15,1652626800,1.2208,1.2474,1.2171,1.2398
MANAUSDT,15,1652627700,1.2398,1.2404,1.2226,1.2239
MANAUSDT,15,1652628600,1.2239,1.2249,1.2057,1.2104
MANAUSDT,15,1652629500,1.2104,1.215,1.1942,1.2103
MANAUSDT,15,1652630400,1.2103,1.2168,1.202,1.2073
MANAUSDT,15,1652631300,1.2073,1.2213,1.2073,1.2206
MANAUSDT,15,1652632200,1.2206,1.2484,1.2158,1.2456
MANAUSDT,15,1652633100,1.2456,1.2466,1.2322,1.2363
MANAUSDT,15,1652634000,1.2363,1.2447,1.2305,1.241
MANAUSDT,15,1652634900,1.241,1.2446,1.2355,1.2374
MANAUSDT,15,1652635800,1.2374,1.2377,1.2275,1.2305
MANAUSDT,15,1652636700,1.2305,1.2326,1.2156,1.2161
MANAUSDT,15,1652637600,1.2161,1.2251,1.2099,1.2248
MANAUSDT,15,1652638500,1.2248,1.2465,1.2248,1.2422
MANAUSDT,15,1652639400,1.2422,1.2586,1.2399,1.2564
MANAUSDT,15,1652640300,1.2564,1.258,1.2436,1.2495
MANAUSDT,15,1652641200,1.2495,1.25,1.2375,1.2399
MANAUSDT,15,1652642100,1.2399,1.2468,1.2309,1.2324
MANAUSDT,15,1652643000,1.2324,1.2566,1.2321,1.2566
MANAUSDT,15,1652643900,1.2566,1.27,1.2566,1.2665
MANAUSDT,15,1652644800,1.2665,1.2982,1.2561,1.2877
MANAUSDT,15,1652645700,1.2877,1.2923,1.2776,1.2785
MANAUSDT,15,1652646600,1.2785,1.2833,1.2724,1.2762
MANAUSDT,15,1652647500,1.2762,1.2871,1.2714,1.286
MANAUSDT,15,1652648400,1.286,1.2953,1.2773,1.2803
MANAUSDT,15,1652649300,1.2803,1.2803,1.272,1.2737
MANAUSDT,15,1652650200,1.2737,1.2775,1.2712,1.2719
MANAUSDT,15,1652651100,1.2719,1.2937,1.2693,1.2906
MANAUSDT,15,1669935600,0.404,0.4045,0.404,0.4045
MANAUSDT,15,1669935600,0.404,0.4049,0.404,0.4046
MANAUSDT,1,1669935600,0.404,0.4045,0.404,0.4045
MANAUSDT,1,1669935660,0.4045,0.4048,0.4045,0.4048
MANAUSDT,1,1669935720,0.4048,0.4049,0.4045,0.4047
MANAUSDT,1,1669935780,0.4047,0.4047,0.404,0.404
MANAUSDT,1,1669935840,0.404,0.4043,0.404,0.4043
MANAUSDT,1,1669935900,0.4043,0.4046,0.4043,0.4044
