symbol,interval,open_time,open,high,low,close,volume,turnover
BTCUSD,15,1652565600,29633,29694.5,29520.5,29668.5,6732766,227.41699998
BTCUSD,15,1652566500,29668.5,29699,29529.5,29543.5,2689302,90.83086142
BTCUSD,15,1652567400,29543.5,29697,29510,29696,6034852,203.94209552
BTCUSD,15,1652568300,29696,30282,29696,30174.5,37636404,1253.53234577
BTCUSD,15,1652569200,30174.5,30247.5,29900,29931,13629141,453.22317048
BTCUSD,15,1652570100,29931,30047.5,29840,30011,10246722,341.92766046
BTCUSD,15,1652571000,30011,30146,29937,30097.5,8333757,277.26723379
BTCUSD,15,1652571900,30097.5,30137,29970.5,30024,5293920,176.17635246
BTCUSD,15,1652572800,30024,30081,29900.5,29935.5,10255934,342.08310851
BTCUSD,15,1652573700,29935.5,30207,29935.5,30100,10050987,334.0679006
BTCUSD,15,1652574600,30100,30175,29968,29991,4908798,163.31460881
BTCUSD,15,1652575500,29991,29991,29880,29900.5,9584570,320.39324874
BTCUSD,15,1652576400,29900.5,29939,29774,29816,11235472,376.64017535
BTCUSD,15,1652577300,29816,29884,29813,29813.5,6766737,226.61056365
BTCUSD,15,1652578200,29813.5,29874,29759,29849.5,5096467,170.94242017
BTCUSD,15,1652579100,29849.5,29922,29830.5,29874,4895852,163.81421547
BTCUSD,15,1652580000,29874,30011,29769.5,29804,8715674,291.38108457
BTCUSD,15,1652580900,29804,29819.5,29680.5,29741.5,12108988,407.12347458
BTCUSD,15,1652581800,29741.5,29780,29699,29719,3777217,127.03782328
BTCUSD,15,1652582700,29719,29834,29684.5,29789,3402368,114.28170732
BTCUSD,15,1652583600,29789,29835.5,29746,29746,3213748,107.86676405
BTCUSD,15,1652584500,29746,29750,29528,29598.5,20973391,707.84624766
BTCUSD,15,1652585400,29598.5,29650,29476.5,29617,7318106,247.50749417
BTCUSD,15,1652586300,29617,29687.5,29613.5,29669,3472568,117.07694869
BTCUSD,15,1652587200,29669,29741,29611,29723.5,3821031,128.72506861
BTCUSD,15,1652588100,29723.5,29737,29630,29677,2613832,88.05067606
BTCUSD,15,1652589000,29677,29685.5,29413,29533.5,15126573,512.75567607
BTCUSD,15,1652589900,29533.5,29591,29500.5,29550,3993964,135.11799541
BTCUSD,15,1652590800,29550,29570,29429,29513.5,8524587,289.093995
BTCUSD,15,1652591700,29513.5,29566,29473.5,29562.5,8617948,291.92135169
BTCUSD,15,1652592600,29562.5,29722,29510.5,29721.5,10451971,352.77932091
BTCUSD,15,1652593500,29721.5,29766,29669.5,29730,9028478,303.70043479
BTCUSD,15,1652594400,29730,29800,29683,29683,6548242,220.10156588
BTCUSD,15,1652595300,29683,29810,29650.5,29774.5,13891707,466.89138178
BTCUSD,15,1652596200,29774.5,29782.5,29685.5,29695,3144052,105.74514154
BTCUSD,15,1652597100,29695,29939.5,29667.5,29898.5,12253212,410.77623683
BTCUSD,15,1652598000,29898.5,29988,29794,29891,13828462,462.9057718
BTCUSD,15,1652598900,29891,29928,29810,29817,5943269,198.88343249
BTCUSD,15,1652599800,29817,29873,29785.5,29847,3080615,103.29886764
BTCUSD,15,1652600700,29847,29856,29720.5,29765.5,4089885,137.34228482
BTCUSD,15,1652601600,29765.5,29798.5,29632,29661,6734362,226.59786931
BTCUSD,15,1652602500,29661,29686,29587,29600,5230622,176.56060538
BTCUSD,15,1652603400,29600,29683.5,29587,29650,1999926,67.47858077
BTCUSD,15,1652604300,29650,29650,29480,29518,17243210,583.95458241
BTCUSD,15,1652605200,29518,29580,29504.5,29508.5,5675840,192.13017513
BTCUSD,15,1652606100,29508.5,29680,29492.5,29633.5,5926106,200.31832805
BTCUSD,15,1652607000,29633.5,29670,29592,29657,2535857,85.57390378
BTCUSD,15,1652607900,29657,29730,29648.5,29698.5,3359740,113.16076843
BTCUSD,15,1652608800,29698.5,29730,29569,29608.5,3849534,129.90064007
BTCUSD,15,1652609700,29608.5,29608.5,29559,29589.5,1734580,58.65170778
BTCUSD,15,1652610600,29589.5,29657.5,29503,29647,3264629,110.34857655
BTCUSD,15,1652611500,29647,29888,29629.5,29888,12741185,427.83403811
BTCUSD,15,1652612400,29888,29922,29818.5,29818.5,6873773,230.1145687
BTCUSD,15,1652613300,29818.5,29968.5,29726,29920,9402536,315.0246597
BTCUSD,15,1652614200,29920,30144.5,29881,30061.5,19991929,664.91463733
BTCUSD,15,1652615100,30061.5,30268,30060.5,30193,21233488,703.68157522
BTCUSD,15,1652616000,30193,30560,30188.5,30292,56124964,1849.70512264
BTCUSD,15,1652616900,30292,30510.5,30225,30242.5,18020150,593.37987972
BTCUSD,15,1652617800,30242.5,30305,30127,30304.5,16087952,532.63633594
BTCUSD,15,1652618700,30304.5,30390.5,30181.5,30246.5,15057045,497.19734831
BTCUSD,15,1652619600,30246.5,30310,30159.5,30310,8504363,281.26892503
BTCUSD,15,1652620500,30310,30345.5,30090,30144,12782631,423.49853825
BTCUSD,15,1652621400,30144,30166,30057,30083,7458353,247.65176099
BTCUSD,15,1652622300,30083,30150,30040,30127.5,5356374,177.9793137
BTCUSD,15,1652623200,30127.5,30162.5,29895,29967.5,45955906,1532.31795416
BTCUSD,15,1652624100,29967.5,29998,29782,29860,15466383,517.54666729
BTCUSD,15,1652625000,29860,29912,29601,29897,25581397,858.67847948
BTCUSD,15,1652625900,29897,29955.5,29840.5,29910,6234099,208.41329009
BTCUSD,15,1652626800,29910,30120,29898,30056.5,19782652,658.51864565
BTCUSD,15,1652627700,30056.5,30058,29882.5,29932,6917126,231.01768845
BTCUSD,15,1652628600,29932,29936.5,29778.5,29865,19615975,657.52867469
BTCUSD,15,1652629500,29865,29982,29789.5,29951.5,7870914,263.34336651
BTCUSD,15,1652630400,29951.5,30050.5,29902,29934,7655064,255.35604393
BTCUSD,15,1652631300,29934,30072,29929.5,30046,4426606,147.51105067
BTCUSD,15,1652632200,30046,30238,29994,30205.5,23026958,764.96018245
BTCUSD,15,1652633100,30205.5,30216,30089.5,30160,7502948,248.88469395
BTCUSD,15,1652634000,30160,30214.5,30091,30214,4036190,133.82105255
BTCUSD,15,1652634900,30214,30235.5,30139,30173.5,3542365,117.35753293
BTCUSD,15,1652635800,30173.5,30174,30032,30048,7354701,244.42675008
BTCUSD,15,1652636700,30048,30065,29900.5,29929,6385429,213.10591454
BTCUSD,15,1652637600,29929,29970.5,29875,29970.5,4520597,151.04000159
BTCUSD,15,1652638500,29970.5,30037,29943,30000.5,7453487,248.44431734
BTCUSD,15,1652639400,30000.5,30351,29993,30343.5,24270854,802.896514
BTCUSD,15,1652640300,30343.5,30373,30189.5,30261,8743679,288.83806483
BTCUSD,15,1652641200,30261,30338.5,30150,30187,13625942,450.2531672
BTCUSD,15,1652642100,30187,30228.5,30138,30154.5,4441499,147.13302457
BTCUSD,15,1652643000,30154.5,30338.5,30154.5,30291,4827371,159.46623007
BTCUSD,15,1652643900,30291,30469.5,30289.5,30405.5,8666975,285.30845071
BTCUSD,15,1652644800,30405.5,30908,30304,30754.5,43308098,1412.36450938
BTCUSD,15,1652645700,30754.5,31128,30620.5,30935.5,54552294,1765.00537212
BTCUSD,15,1652646600,30935.5,30992.5,30825,30855,20198739,653.67511543
BTCUSD,15,1652647500,30855,31049.5,30825,31006.5,7984918,258.10686713
BTCUSD,15,1652648400,31006.5,31172,30882.5,30938,28372354,914.46179465
BTCUSD,15,1652649300,30938,30938,30804.5,30848.5,7691509,249.15720773
BTCUSD,15,1652650200,30848.5,30984.5,30833,30884.5,6324184,204.71092699
BTCUSD,15,1652651100,30884.5,31081,30875,31025.5,9875758,318.58052502
