symbol,period,start_at,open,high,low,close
COTIUSDT,15,1652652000,0.1195,0.1218,0.1195,0.1205
COTIUSDT,15,1652652900,0.1205,0.1218,0.1205,0.1214
COTIUSDT,15,1652653800,0.1214,0.1219,0.121,0.1213
COTIUSDT,15,1652654700,0.1213,0.1218,0.1205,0.1205
COTIUSDT,15,1652655600,0.1205,0.1205,0.1195,0.1195
COTIUSDT,15,1652656500,0.1195,0.1207,0.1195,0.1204
COTIUSDT,15,1652657400,0.1204,0.1214,0.1203,0.1214
COTIUSDT,15,1652658300,0.1214,0.1224,0.1214,0.1221
COTIUSDT,15,1652659200,0.1221,0.1221,0.1202,0.1203
COTIUSDT,15,1652660100,0.1203,0.1203,0.1187,0.1195
COTIUSDT,15,1652661000,0.1195,0.1195,0.1177,0.1179
COTIUSDT,15,1652661900,0.1179,0.118,0.117,0.1174
COTIUSDT,15,1652662800,0.1174,0.1186,0.1166,0.117
COTIUSDT,15,1652663700,0.117,0.1171,0.1159,0.1159
COTIUSDT,15,1652664600,0.1159,0.1161,0.1153,0.1154
COTIUSDT,15,1652665500,0.1154,0.1161,0.1152,0.116
COTIUSDT,15,1652666400,0.116,0.1161,0.1152,0.1152
COTIUSDT,15,1652667300,0.1152,0.1159,0.115,0.1158
COTIUSDT,15,1652668200,0.1158,0.1167,0.1157,0.1163
COTIUSDT,15,1652669100,0.1163,0.1165,0.1153,0.1163
COTIUSDT,15,1652670000,0.1163,0.1171,0.1158,0.1164
COTIUSDT,15,1652670900,0.1164,0.1165,0.1153,0.1153
COTIUSDT,15,1652671800,0.1153,0.1155,0.1147,0.1147
COTIUSDT,15,1652672700,0.1147,0.1152,0.1143,0.115
COTIUSDT,15,1652673600,0.115,0.1151,0.1128,0.1139
COTIUSDT,15,1652674500,0.1139,0.1149,0.1136,0.1146
COTIUSDT,15,1652675400,0.1146,0.1147,0.1135,0.1144
COTIUSDT,15,1652676300,0.1144,0.1148,0.1142,0.1144
COTIUSDT,15,1652677200,0.1144,0.1148,0.114,0.1148
COTIUSDT,15,1652678100,0.1148,0.1156,0.1147,0.1152
COTIUSDT,15,1652679000,0.1152,0.1156,0.1148,0.1152
COTIUSDT,15,1652679900,0.1152,0.1153,0.1139,0.1139
COTIUSDT,15,1652680800,0.1139,0.1139,0.1099,0.11
COTIUSDT,15,1652681700,0.11,0.1102,0.1072,0.1076
COTIUSDT,15,1652682600,0.1076,0.1081,0.1066,0.1081
COTIUSDT,15,1652683500,0.1081,0.1081,0.1057,0.1066
COTIUSDT,15,1652684400,0.1066,0.1069,0.1055,0.1064
COTIUSDT,15,1652685300,0.1064,0.1069,0.1059,0.1068
COTIUSDT,15,1652686200,0.1068,0.1076,0.1068,0.1074
COTIUSDT,15,1652687100,0.1074,0.1077,0.1071,0.1075
COTIUSDT,15,1652688000,0.1075,0.1087,0.1074,0.1085
COTIUSDT,15,1652688900,0.1085,0.1104,0.1083,0.1093
COTIUSDT,15,1652689800,0.1093,0.1098,0.109,0.1098
COTIUSDT,15,1652690700,0.1098,0.1106,0.1097,0.1101
COTIUSDT,15,1652691600,0.1101,0.1101,0.1084,0.1086
COTIUSDT,15,1652692500,0.1086,0.1088,0.1064,0.1069
COTIUSDT,15,1652693400,0.1069,0.1086,0.1069,0.1075
COTIUSDT,15,1652694300,0.1075,0.1089,0.1072,0.1072
COTIUSDT,15,1652695200,0.1072,0.1082,0.1056,0.1077
COTIUSDT,15,1652696100,0.1077,0.1091,0.1077,0.1083
COTIUSDT,15,1652697000,0.1083,0.1095,0.1082,0.1095
COTIUSDT,15,1652697900,0.1095,0.1122,0.1095,0.1119
COTIUSDT,15,1652698800,0.1119,0.1119,0.1109,0.1111
COTIUSDT,15,1652699700,0.1111,0.1114,0.11,0.1113
COTIUSDT,15,1652700600,0.1113,0.1115,0.1103,0.1109
COTIUSDT,15,1652701500,0.1109,0.1111,0.1104,0.1108
COTIUSDT,15,1652702400,0.1108,0.1109,0.1091,0.11
COTIUSDT,15,1652703300,0.11,0.1119,0.1087,0.1119
COTIUSDT,15,1652704200,0.1119,0.1127,0.1104,0.1111
COTIUSDT,15,1652705100,0.1111,0.1111,0.1102,0.1105
COTIUSDT,15,1652706000,0.1105,0.1114,0.1103,0.1107
COTIUSDT,15,1652706900,0.1107,0.1107,0.1096,0.1102
COTIUSDT,15,1652707800,0.1102,0.1109,0.1092,0.1098
COTIUSDT,15,1652708700,0.1098,0.11,0.1086,0.109
COTIUSDT,15,1652709600,0.109,0.1109,0.1084,0.1102
COTIUSDT,15,1652710500,0.1102,0.1113,0.1098,0.1105
COTIUSDT,15,1652711400,0.1105,0.1106,0.1098,0.1102
COTIUSDT,15,1652712300,0.1102,0.1102,0.109,0.109
COTIUSDT,15,1652713200,0.109,0.1109,0.1086,0.1089
COTIUSDT,15,1652714100,0.1089,0.1091,0.1079,0.1081
COTIUSDT,15,1652715000,0.1081,0.1081,0.1055,0.1064
COTIUSDT,15,1652715900,0.1064,0.1086,0.1063,0.1081
COTIUSDT,15,1652716800,0.1081,0.1089,0.1069,0.1076
COTIUSDT,15,1652717700,0.1076,0.1083,0.107,0.1078
COTIUSDT,15,1652718600,0.1078,0.1088,0.1071,0.1073
COTIUSDT,15,1652719500,0.1073,0.1074,0.1066,0.1067
COTIUSDT,15,1652720400,0.1067,0.1079,0.1066,0.1077
COTIUSDT,15,1652721300,0.1077,0.109,0.107,0.109
COTIUSDT,15,1652722200,0.109,0.1099,0.1089,0.1097
COTIUSDT,15,1652723100,0.1097,0.1102,0.1093,0.1101
COTIUSDT,15,1652724000,0.1101,0.1114,0.1097,0.1113
COTIUSDT,15,1652724900,0.1113,0.1115,0.1106,0.1109
COTIUSDT,15,1652725800,0.1109,0.113,0.1109,0.112
COTIUSDT,15,1652726700,0.112,0.1131,0.1114,0.1129
COTIUSDT,15,1652727600,0.1129,0.1131,0.1119,0.1121
COTIUSDT,15,1652728500,0.1121,0.1122,0.1115,0.1117
COTIUSDT,15,1652729400,0.1117,0.112,0.1112,0.1119
COTIUSDT,15,1652730300,0.1119,0.1124,0.1102,0.1106
COTIUSDT,15,1652731200,0.1106,0.1116,0.1106,0.1114
COTIUSDT,15,1652732100,0.1114,0.1117,0.1109,0.1112
COTIUSDT,15,1652733000,0.1112,0.1115,0.111,0.1115
COTIUSDT,15,1652733900,0.1115,0.1121,0.1115,0.1121
COTIUSDT,15,1652734800,0.1121,0.1132,0.1121,0.1122
COTIUSDT,15,1652735700,0.1122,0.1125,0.1117,0.1119
COTIUSDT,15,1652736600,0.1119,0.1127,0.1119,0.1126
COTIUSDT,15,1652737500,0.1126,0.1127,0.1121,0.1125
