symbol,period,start_at,open,high,low,close
SOLUSDT,15,1652565600,51.002,51.445,50.832,51.269
SOLUSDT,15,1652566500,51.269,51.633,51.047,51.093
SOLUSDT,15,1652567400,51.093,51.203,50.847,51.189
SOLUSDT,15,1652568300,51.189,52.31,51.189,52.238
SOLUSDT,15,1652569200,52.238,52.326,51.607,51.772
SOLUSDT,15,1652570100,51.772,52.173,51.646,52.071
SOLUSDT,15,1652571000,52.071,52.62,51.783,52.474
SOLUSDT,15,1652571900,52.474,52.949,52.217,52.444
SOLUSDT,15,1652572800,52.444,52.491,51.461,51.575
SOLUSDT,15,1652573700,51.575,52.704,51.498,52.45
SOLUSDT,15,1652574600,52.45,52.546,51.704,51.892
SOLUSDT,15,1652575500,51.892,51.892,50.98,51.08
SOLUSDT,15,1652576400,51.08,51.247,50.694,50.885
SOLUSDT,15,1652577300,50.885,51.155,50.769,50.783
SOLUSDT,15,1652578200,50.783,51.119,50.653,50.911
SOLUSDT,15,1652579100,50.911,51.286,50.843,50.85
SOLUSDT,15,1652580000,50.85,51.375,50.244,50.337
SOLUSDT,15,1652580900,50.337,50.609,50.124,50.286
SOLUSDT,15,1652581800,50.286,50.502,49.937,50.067
SOLUSDT,15,1652582700,50.067,50.472,49.85,50.291
SOLUSDT,15,1652583600,50.291,50.52,50.184,50.238
SOLUSDT,15,1652584500,50.238,50.29,49.662,49.863
SOLUSDT,15,1652585400,49.863,50.201,49.694,50.143
SOLUSDT,15,1652586300,50.143,50.289,50.131,50.19
SOLUSDT,15,1652587200,50.19,50.703,49.924,50.684
SOLUSDT,15,1652588100,50.684,50.732,50.453,50.548
SOLUSDT,15,1652589000,50.548,50.598,49.993,50.174
SOLUSDT,15,1652589900,50.174,50.257,49.965,50.112
SOLUSDT,15,1652590800,50.112,50.217,49.859,50.078
SOLUSDT,15,1652591700,50.078,50.561,49.973,50.485
SOLUSDT,15,1652592600,50.485,50.996,50.403,50.966
SOLUSDT,15,1652593500,50.966,51.485,50.813,51.031
SOLUSDT,15,1652594400,51.031,51.244,50.678,50.72
SOLUSDT,15,1652595300,50.72,51.34,50.64,51.202
SOLUSDT,15,1652596200,51.202,51.415,51.043,51.107
SOLUSDT,15,1652597100,51.107,51.994,50.905,51.806
SOLUSDT,15,1652598000,51.806,52.32,51.806,51.919
SOLUSDT,15,1652598900,51.919,52.573,51.692,51.931
SOLUSDT,15,1652599800,51.931,51.997,51.645,51.854
SOLUSDT,15,1652600700,51.854,51.946,51.366,51.468
SOLUSDT,15,1652601600,51.468,51.674,51.329,51.454
SOLUSDT,15,1652602500,51.454,51.978,51.158,51.858
SOLUSDT,15,1652603400,51.858,51.973,51.566,51.721
SOLUSDT,15,1652604300,51.721,51.732,50.92,51.179
SOLUSDT,15,1652605200,51.179,51.333,50.825,50.933
SOLUSDT,15,1652606100,50.933,51.658,50.87,51.39
SOLUSDT,15,1652607000,51.39,51.588,51.161,51.4
SOLUSDT,15,1652607900,51.4,51.627,51.375,51.582
SOLUSDT,15,1652608800,51.582,51.786,51.249,51.551
SOLUSDT,15,1652609700,51.551,51.552,51.279,51.363
SOLUSDT,15,1652610600,51.363,51.703,51.308,51.571
SOLUSDT,15,1652611500,51.571,52.742,51.553,52.729
SOLUSDT,15,1652612400,52.729,53.092,52.54,52.638
SOLUSDT,15,1652613300,52.638,52.951,52.059,52.805
SOLUSDT,15,1652614200,52.805,53.329,52.667,53.087
SOLUSDT,15,1652615100,53.087,53.668,53.047,53.471
SOLUSDT,15,1652616000,53.471,53.961,53.385,53.509
SOLUSDT,15,1652616900,53.509,54.054,53.113,53.181
SOLUSDT,15,1652617800,53.181,53.463,52.698,53.463
SOLUSDT,15,1652618700,53.463,53.734,53.0,53.297
SOLUSDT,15,1652619600,53.297,53.394,52.763,53.374
SOLUSDT,15,1652620500,53.374,53.41,52.509,52.758
SOLUSDT,15,1652621400,52.758,53.016,52.457,52.525
SOLUSDT,15,1652622300,52.525,52.876,52.275,52.765
SOLUSDT,15,1652623200,52.765,53.009,52.222,52.685
SOLUSDT,15,1652624100,52.685,53.01,52.468,52.867
SOLUSDT,15,1652625000,52.867,53.418,52.481,53.394
SOLUSDT,15,1652625900,53.394,53.601,53.21,53.503
SOLUSDT,15,1652626800,53.503,54.745,53.448,54.486
SOLUSDT,15,1652627700,54.486,54.493,53.432,53.472
SOLUSDT,15,1652628600,53.472,53.472,52.839,53.014
SOLUSDT,15,1652629500,53.014,53.283,52.412,52.882
SOLUSDT,15,1652630400,52.882,53.332,52.682,52.783
SOLUSDT,15,1652631300,52.783,53.596,52.782,53.596
SOLUSDT,15,1652632200,53.596,54.385,53.276,54.234
SOLUSDT,15,1652633100,54.234,54.678,53.857,54.483
SOLUSDT,15,1652634000,54.483,54.609,53.991,54.446
SOLUSDT,15,1652634900,54.446,54.737,54.264,54.693
SOLUSDT,15,1652635800,54.693,54.787,54.279,54.443
SOLUSDT,15,1652636700,54.443,54.705,54.211,54.469
SOLUSDT,15,1652637600,54.469,55.067,53.846,55.03
SOLUSDT,15,1652638500,55.03,55.65,54.736,54.788
SOLUSDT,15,1652639400,54.788,55.508,54.709,55.508
SOLUSDT,15,1652640300,55.508,55.536,55.02,55.055
SOLUSDT,15,1652641200,55.055,55.116,54.457,54.729
SOLUSDT,15,1652642100,54.729,55.086,54.3,54.357
SOLUSDT,15,1652643000,54.357,54.734,54.317,54.703
SOLUSDT,15,1652643900,54.703,55.324,54.692,55.275
SOLUSDT,15,1652644800,55.275,56.142,55.013,56.142
SOLUSDT,15,1652645700,56.142,56.5,55.228,55.62
SOLUSDT,15,1652646600,55.62,56.057,55.329,55.977
SOLUSDT,15,1652647500,55.977,56.991,55.798,56.803
SOLUSDT,15,1652648400,56.803,56.977,56.618,56.769
SOLUSDT,15,1652649300,56.769,56.871,56.421,56.694
SOLUSDT,15,1652650200,56.694,56.811,56.247,56.593
SOLUSDT,15,1652651100,56.593,57.98,56.582,57.466
SOLUSDT,15,1669935600,13.529,13.561,13.526,13.561
SOLUSDT,15,1669935600,13.529,13.561,13.521,13.53
SOLUSDT,1,1669935600,13.529,13.534,13.526,13.534
SOLUSDT,1,1669935660,13.534,13.561,13.533,13.561
SOLUSDT,1,1669935720,13.561,13.561,13.531,13.539
SOLUSDT,1,1669935780,13.539,13.547,13.521,13.525
SOLUSDT,1,1669935840,13.525,13.53,13.522,13.53
SOLUSDT,1,1669935900,13.53,13.53,13.529,13.53
