symbol,period,start_at,open,high,low,close
JASMYUSDT,15,1652565600,0.0097,0.0097,0.0095,0.0096
JASMYUSDT,15,1652566500,0.0096,0.0096,0.0095,0.0095
JASMYUSDT,15,1652567400,0.0095,0.0096,0.0095,0.0096
JASMYUSDT,15,1652568300,0.0096,0.01,0.0096,0.01
JASMYUSDT,15,1652569200,0.01,0.01,0.0098,0.0098
JASMYUSDT,15,1652570100,0.0098,0.0103,0.0098,0.0103
JASMYUSDT,15,1652571000,0.0103,0.0103,0.0101,0.0102
JASMYUSDT,15,1652571900,0.0102,0.0103,0.01,0.0101
JASMYUSDT,15,1652572800,0.0101,0.0104,0.01,0.01
JASMYUSDT,15,1652573700,0.01,0.0102,0.01,0.0102
JASMYUSDT,15,1652574600,0.0102,0.0102,0.01,0.01
JASMYUSDT,15,1652575500,0.01,0.01,0.0099,0.01
JASMYUSDT,15,1652576400,0.01,0.01,0.0099,0.0099
JASMYUSDT,15,1652577300,0.0099,0.01,0.0098,0.0098
JASMYUSDT,15,1652578200,0.0098,0.0098,0.0097,0.0098
JASMYUSDT,15,1652579100,0.0098,0.01,0.0098,0.0099
JASMYUSDT,15,1652580000,0.0099,0.01,0.0097,0.0098
JASMYUSDT,15,1652580900,0.0098,0.0098,0.0096,0.0096
JASMYUSDT,15,1652581800,0.0096,0.0097,0.0096,0.0096
JASMYUSDT,15,1652582700,0.0096,0.0097,0.0095,0.0096
JASMYUSDT,15,1652583600,0.0096,0.0097,0.0096,0.0096
JASMYUSDT,15,1652584500,0.0096,0.0096,0.0095,0.0095
JASMYUSDT,15,1652585400,0.0095,0.0096,0.0095,0.0096
JASMYUSDT,15,1652586300,0.0096,0.0096,0.0096,0.0096
JASMYUSDT,15,1652587200,0.0096,0.0096,0.0095,0.0096
JASMYUSDT,15,1652588100,0.0096,0.0096,0.0095,0.0096
JASMYUSDT,15,1652589000,0.0096,0.0096,0.0094,0.0095
JASMYUSDT,15,1652589900,0.0095,0.0096,0.0095,0.0095
JASMYUSDT,15,1652590800,0.0095,0.0095,0.0094,0.0095
JASMYUSDT,15,1652591700,0.0095,0.0096,0.0095,0.0096
JASMYUSDT,15,1652592600,0.0096,0.0098,0.0095,0.0098
JASMYUSDT,15,1652593500,0.0098,0.0098,0.0097,0.0097
JASMYUSDT,15,1652594400,0.0097,0.0098,0.0097,0.0097
JASMYUSDT,15,1652595300,0.0097,0.0098,0.0097,0.0098
JASMYUSDT,15,1652596200,0.0098,0.01,0.0098,0.01
JASMYUSDT,15,1652597100,0.01,0.01,0.0099,0.01
JASMYUSDT,15,1652598000,0.01,0.0101,0.0099,0.01
JASMYUSDT,15,1652598900,0.01,0.0101,0.0099,0.0099
JASMYUSDT,15,1652599800,0.0099,0.0099,0.0099,0.0099
JASMYUSDT,15,1652600700,0.0099,0.0099,0.0098,0.0099
JASMYUSDT,15,1652601600,0.0099,0.0099,0.0096,0.0097
JASMYUSDT,15,1652602500,0.0097,0.0098,0.0097,0.0097
JASMYUSDT,15,1652603400,0.0097,0.0098,0.0097,0.0097
JASMYUSDT,15,1652604300,0.0097,0.0098,0.0096,0.0097
JASMYUSDT,15,1652605200,0.0097,0.0097,0.0096,0.0097
JASMYUSDT,15,1652606100,0.0097,0.0098,0.0096,0.0097
JASMYUSDT,15,1652607000,0.0097,0.0099,0.0097,0.0098
JASMYUSDT,15,1652607900,0.0098,0.0099,0.0097,0.0097
JASMYUSDT,15,1652608800,0.0097,0.0098,0.0096,0.0096
JASMYUSDT,15,1652609700,0.0096,0.0096,0.0096,0.0096
JASMYUSDT,15,1652610600,0.0096,0.0097,0.0095,0.0097
JASMYUSDT,15,1652611500,0.0097,0.01,0.0096,0.0099
JASMYUSDT,15,1652612400,0.0099,0.01,0.0099,0.0099
JASMYUSDT,15,1652613300,0.0099,0.01,0.0098,0.0099
JASMYUSDT,15,1652614200,0.0099,0.0101,0.0099,0.01
JASMYUSDT,15,1652615100,0.01,0.0102,0.01,0.0101
JASMYUSDT,15,1652616000,0.0101,0.0102,0.0101,0.0102
JASMYUSDT,15,1652616900,0.0102,0.0104,0.0102,0.0102
JASMYUSDT,15,1652617800,0.0102,0.0102,0.01,0.0101
JASMYUSDT,15,1652618700,0.0101,0.0102,0.01,0.01
JASMYUSDT,15,1652619600,0.01,0.0101,0.01,0.0101
JASMYUSDT,15,1652620500,0.0101,0.0101,0.0099,0.0099
JASMYUSDT,15,1652621400,0.0099,0.0099,0.0098,0.0098
JASMYUSDT,15,1652622300,0.0098,0.0099,0.0098,0.0098
JASMYUSDT,15,1652623200,0.0098,0.0099,0.0096,0.0097
JASMYUSDT,15,1652624100,0.0097,0.0098,0.0097,0.0097
JASMYUSDT,15,1652625000,0.0097,0.0098,0.0097,0.0098
JASMYUSDT,15,1652625900,0.0098,0.0104,0.0098,0.01
JASMYUSDT,15,1652626800,0.01,0.0103,0.01,0.0103
JASMYUSDT,15,1652627700,0.0103,0.0103,0.01,0.0101
JASMYUSDT,15,1652628600,0.0101,0.0101,0.01,0.01
JASMYUSDT,15,1652629500,0.01,0.01,0.0099,0.01
JASMYUSDT,15,1652630400,0.01,0.0101,0.0099,0.0099
JASMYUSDT,15,1652631300,0.0099,0.0101,0.0099,0.0101
JASMYUSDT,15,1652632200,0.0101,0.0102,0.01,0.0101
JASMYUSDT,15,1652633100,0.0101,0.0102,0.01,0.0101
JASMYUSDT,15,1652634000,0.0101,0.0101,0.01,0.0101
JASMYUSDT,15,1652634900,0.0101,0.0101,0.01,0.0101
JASMYUSDT,15,1652635800,0.0101,0.0102,0.01,0.0102
JASMYUSDT,15,1652636700,0.0102,0.0107,0.0102,0.0106
JASMYUSDT,15,1652637600,0.0106,0.0113,0.0105,0.0112
JASMYUSDT,15,1652638500,0.0112,0.0114,0.0109,0.0112
JASMYUSDT,15,1652639400,0.0112,0.0114,0.011,0.0113
JASMYUSDT,15,1652640300,0.0113,0.0113,0.011,0.0112
JASMYUSDT,15,1652641200,0.0112,0.0112,0.011,0.0111
JASMYUSDT,15,1652642100,0.0111,0.0111,0.0111,0.0111
JASMYUSDT,15,1652643000,0.0111,0.0112,0.011,0.0111
JASMYUSDT,15,1652643900,0.0111,0.0111,0.0108,0.011
JASMYUSDT,15,1652644800,0.011,0.0112,0.0109,0.0111
JASMYUSDT,15,1652645700,0.0111,0.0112,0.011,0.0111
JASMYUSDT,15,1652646600,0.0111,0.0111,0.011,0.011
JASMYUSDT,15,1652647500,0.011,0.0111,0.0109,0.011
JASMYUSDT,15,1652648400,0.011,0.0111,0.0109,0.0109
JASMYUSDT,15,1652649300,0.0109,0.0109,0.0107,0.0107
JASMYUSDT,15,1652650200,0.0107,0.0107,0.0106,0.0106
JASMYUSDT,15,1652651100,0.0106,0.0107,0.0106,0.0107
JASMYUSDT,15,1669935600,0.004521,0.004577,0.004521,0.004572
JASMYUSDT,15,1669935600,0.004521,0.004599,0.004521,0.004551
JASMYUSDT,1,1669935600,0.004521,0.004548,0.004521,0.004546
JASMYUSDT,1,1669935660,0.004546,0.004577,0.004546,0.004567
JASMYUSDT,1,1669935720,0.004567,0.004585,0.004557,0.004566
JASMYUSDT,1,1669935780,0.004566,0.004599,0.004566,0.004579
JASMYUSDT,1,1669935840,0.004579,0.004579,0.004563,0.004565
JASMYUSDT,1,1669935900,0.004565,0.004566,0.004541,0.004548
