symbol,period,start_at,open,high,low,close
OMGUSDT,15,1652565600,2.518,2.531,2.506,2.529
OMGUSDT,15,1652566500,2.529,2.534,2.513,2.513
OMGUSDT,15,1652567400,2.513,2.578,2.498,2.512
OMGUSDT,15,1652568300,2.512,2.57,2.512,2.552
OMGUSDT,15,1652569200,2.552,2.557,2.527,2.53
OMGUSDT,15,1652570100,2.53,2.553,2.529,2.553
OMGUSDT,15,1652571000,2.553,2.577,2.546,2.576
OMGUSDT,15,1652571900,2.576,2.599,2.558,2.587
OMGUSDT,15,1652572800,2.587,2.588,2.542,2.543
OMGUSDT,15,1652573700,2.543,2.595,2.543,2.578
OMGUSDT,15,1652574600,2.578,2.591,2.542,2.548
OMGUSDT,15,1652575500,2.548,2.548,2.534,2.537
OMGUSDT,15,1652576400,2.537,2.54,2.512,2.512
OMGUSDT,15,1652577300,2.512,2.522,2.512,2.518
OMGUSDT,15,1652578200,2.518,2.521,2.509,2.514
OMGUSDT,15,1652579100,2.514,2.52,2.511,2.512
OMGUSDT,15,1652580000,2.512,2.53,2.486,2.487
OMGUSDT,15,1652580900,2.487,2.494,2.47,2.478
OMGUSDT,15,1652581800,2.478,2.481,2.461,2.464
OMGUSDT,15,1652582700,2.464,2.468,2.456,2.461
OMGUSDT,15,1652583600,2.461,2.477,2.461,2.466
OMGUSDT,15,1652584500,2.466,2.467,2.448,2.452
OMGUSDT,15,1652585400,2.452,2.461,2.443,2.457
OMGUSDT,15,1652586300,2.457,2.462,2.456,2.46
OMGUSDT,15,1652587200,2.46,2.478,2.451,2.474
OMGUSDT,15,1652588100,2.474,2.479,2.467,2.474
OMGUSDT,15,1652589000,2.474,2.478,2.446,2.461
OMGUSDT,15,1652589900,2.461,2.476,2.457,2.464
OMGUSDT,15,1652590800,2.464,2.477,2.448,2.467
OMGUSDT,15,1652591700,2.467,2.486,2.46,2.48
OMGUSDT,15,1652592600,2.48,2.511,2.48,2.511
OMGUSDT,15,1652593500,2.511,2.553,2.508,2.547
OMGUSDT,15,1652594400,2.547,2.556,2.534,2.535
OMGUSDT,15,1652595300,2.535,2.556,2.528,2.55
OMGUSDT,15,1652596200,2.55,2.551,2.53,2.53
OMGUSDT,15,1652597100,2.53,2.566,2.523,2.566
OMGUSDT,15,1652598000,2.566,2.585,2.553,2.581
OMGUSDT,15,1652598900,2.581,2.582,2.555,2.555
OMGUSDT,15,1652599800,2.555,2.573,2.549,2.572
OMGUSDT,15,1652600700,2.572,2.572,2.54,2.541
OMGUSDT,15,1652601600,2.541,2.545,2.528,2.528
OMGUSDT,15,1652602500,2.528,2.532,2.517,2.523
OMGUSDT,15,1652603400,2.523,2.529,2.513,2.522
OMGUSDT,15,1652604300,2.522,2.522,2.5,2.503
OMGUSDT,15,1652605200,2.503,2.509,2.491,2.497
OMGUSDT,15,1652606100,2.497,2.524,2.492,2.519
OMGUSDT,15,1652607000,2.519,2.521,2.509,2.519
OMGUSDT,15,1652607900,2.519,2.528,2.519,2.527
OMGUSDT,15,1652608800,2.527,2.534,2.509,2.513
OMGUSDT,15,1652609700,2.513,2.515,2.509,2.512
OMGUSDT,15,1652610600,2.512,2.514,2.503,2.51
OMGUSDT,15,1652611500,2.51,2.547,2.507,2.546
OMGUSDT,15,1652612400,2.546,2.556,2.543,2.551
OMGUSDT,15,1652613300,2.551,2.556,2.531,2.551
OMGUSDT,15,1652614200,2.551,2.585,2.55,2.572
OMGUSDT,15,1652615100,2.572,2.59,2.569,2.574
OMGUSDT,15,1652616000,2.574,2.592,2.573,2.58
OMGUSDT,15,1652616900,2.58,2.607,2.563,2.564
OMGUSDT,15,1652617800,2.564,2.571,2.549,2.57
OMGUSDT,15,1652618700,2.57,2.573,2.555,2.56
OMGUSDT,15,1652619600,2.56,2.56,2.537,2.555
OMGUSDT,15,1652620500,2.555,2.557,2.523,2.527
OMGUSDT,15,1652621400,2.527,2.527,2.515,2.517
OMGUSDT,15,1652622300,2.517,2.524,2.509,2.513
OMGUSDT,15,1652623200,2.513,2.519,2.48,2.486
OMGUSDT,15,1652624100,2.486,2.49,2.463,2.472
OMGUSDT,15,1652625000,2.472,2.508,2.455,2.503
OMGUSDT,15,1652625900,2.503,2.514,2.499,2.514
OMGUSDT,15,1652626800,2.514,2.544,2.511,2.54
OMGUSDT,15,1652627700,2.54,2.54,2.523,2.527
OMGUSDT,15,1652628600,2.527,2.527,2.5,2.504
OMGUSDT,15,1652629500,2.504,2.506,2.482,2.498
OMGUSDT,15,1652630400,2.498,2.507,2.489,2.49
OMGUSDT,15,1652631300,2.49,2.504,2.489,2.501
OMGUSDT,15,1652632200,2.501,2.543,2.496,2.541
OMGUSDT,15,1652633100,2.541,2.546,2.53,2.543
OMGUSDT,15,1652634000,2.543,2.561,2.541,2.56
OMGUSDT,15,1652634900,2.56,2.574,2.559,2.572
OMGUSDT,15,1652635800,2.572,2.572,2.519,2.523
OMGUSDT,15,1652636700,2.523,2.523,2.48,2.483
OMGUSDT,15,1652637600,2.483,2.491,2.465,2.473
OMGUSDT,15,1652638500,2.473,2.473,2.442,2.442
OMGUSDT,15,1652639400,2.442,2.447,2.387,2.399
OMGUSDT,15,1652640300,2.399,2.399,2.359,2.391
OMGUSDT,15,1652641200,2.391,2.417,2.382,2.417
OMGUSDT,15,1652642100,2.417,2.428,2.412,2.427
OMGUSDT,15,1652643000,2.427,2.459,2.426,2.455
OMGUSDT,15,1652643900,2.455,2.48,2.455,2.476
OMGUSDT,15,1652644800,2.476,2.519,2.474,2.51
OMGUSDT,15,1652645700,2.51,2.531,2.506,2.518
OMGUSDT,15,1652646600,2.518,2.554,2.509,2.55
OMGUSDT,15,1652647500,2.55,2.559,2.532,2.556
OMGUSDT,15,1652648400,2.556,2.561,2.544,2.546
OMGUSDT,15,1652649300,2.546,2.547,2.533,2.543
OMGUSDT,15,1652650200,2.543,2.562,2.534,2.561
OMGUSDT,15,1652651100,2.561,2.588,2.56,2.584
OMGUSDT,15,1669935600,1.207,1.21,1.207,1.21
OMGUSDT,15,1669935600,1.207,1.212,1.207,1.209
OMGUSDT,1,1669935600,1.207,1.209,1.207,1.209
OMGUSDT,1,1669935660,1.209,1.211,1.209,1.211
OMGUSDT,1,1669935720,1.211,1.212,1.21,1.21
OMGUSDT,1,1669935780,1.21,1.21,1.21,1.21
OMGUSDT,1,1669935840,1.21,1.21,1.209,1.209
OMGUSDT,1,1669935900,1.209,1.209,1.209,1.209
