symbol,period,start_at,open,high,low,close
MATICUSDT,15,1652565600,0.6681,0.6747,0.6661,0.6747
MATICUSDT,15,1652566500,0.6747,0.6759,0.6682,0.6682
MATICUSDT,15,1652567400,0.6682,0.6697,0.662,0.6663
MATICUSDT,15,1652568300,0.6663,0.683,0.6663,0.6793
MATICUSDT,15,1652569200,0.6793,0.6837,0.677,0.6791
MATICUSDT,15,1652570100,0.6791,0.6824,0.6744,0.6813
MATICUSDT,15,1652571000,0.6813,0.6877,0.6789,0.6877
MATICUSDT,15,1652571900,0.6877,0.691,0.6823,0.6854
MATICUSDT,15,1652572800,0.6854,0.6902,0.678,0.679
MATICUSDT,15,1652573700,0.679,0.6943,0.679,0.6918
MATICUSDT,15,1652574600,0.6918,0.6957,0.6811,0.6833
MATICUSDT,15,1652575500,0.6833,0.6833,0.6793,0.6801
MATICUSDT,15,1652576400,0.6801,0.6821,0.6744,0.6751
MATICUSDT,15,1652577300,0.6751,0.679,0.6722,0.6725
MATICUSDT,15,1652578200,0.6725,0.6747,0.67,0.6721
MATICUSDT,15,1652579100,0.6721,0.6781,0.6711,0.672
MATICUSDT,15,1652580000,0.672,0.6761,0.6657,0.6658
MATICUSDT,15,1652580900,0.6658,0.6669,0.6621,0.6636
MATICUSDT,15,1652581800,0.6636,0.6657,0.6612,0.6623
MATICUSDT,15,1652582700,0.6623,0.6667,0.659,0.6651
MATICUSDT,15,1652583600,0.6651,0.6679,0.6602,0.6612
MATICUSDT,15,1652584500,0.6612,0.6626,0.656,0.6591
MATICUSDT,15,1652585400,0.6591,0.663,0.6562,0.6627
MATICUSDT,15,1652586300,0.6627,0.6653,0.6619,0.6639
MATICUSDT,15,1652587200,0.6639,0.6677,0.6592,0.6652
MATICUSDT,15,1652588100,0.6652,0.6678,0.663,0.6656
MATICUSDT,15,1652589000,0.6656,0.6664,0.6575,0.661
MATICUSDT,15,1652589900,0.661,0.6656,0.66,0.6621
MATICUSDT,15,1652590800,0.6621,0.6651,0.6582,0.6627
MATICUSDT,15,1652591700,0.6627,0.6687,0.6601,0.667
MATICUSDT,15,1652592600,0.667,0.674,0.6646,0.6739
MATICUSDT,15,1652593500,0.6739,0.6797,0.6712,0.6785
MATICUSDT,15,1652594400,0.6785,0.6825,0.6767,0.677
MATICUSDT,15,1652595300,0.677,0.6869,0.6761,0.6848
MATICUSDT,15,1652596200,0.6848,0.6849,0.6779,0.6787
MATICUSDT,15,1652597100,0.6787,0.6849,0.677,0.6843
MATICUSDT,15,1652598000,0.6843,0.6929,0.682,0.6859
MATICUSDT,15,1652598900,0.6859,0.6881,0.6814,0.682
MATICUSDT,15,1652599800,0.682,0.6829,0.6785,0.6801
MATICUSDT,15,1652600700,0.6801,0.6808,0.675,0.677
MATICUSDT,15,1652601600,0.677,0.6794,0.6731,0.6741
MATICUSDT,15,1652602500,0.6741,0.6771,0.6711,0.6752
MATICUSDT,15,1652603400,0.6752,0.6776,0.673,0.6751
MATICUSDT,15,1652604300,0.6751,0.6751,0.6679,0.6691
MATICUSDT,15,1652605200,0.6691,0.671,0.6642,0.6648
MATICUSDT,15,1652606100,0.6648,0.6732,0.6638,0.6709
MATICUSDT,15,1652607000,0.6709,0.6738,0.6696,0.6738
MATICUSDT,15,1652607900,0.6738,0.6751,0.6711,0.673
MATICUSDT,15,1652608800,0.673,0.6738,0.6671,0.6706
MATICUSDT,15,1652609700,0.6706,0.6706,0.666,0.668
MATICUSDT,15,1652610600,0.668,0.6711,0.6656,0.67
MATICUSDT,15,1652611500,0.67,0.6789,0.6689,0.6779
MATICUSDT,15,1652612400,0.6779,0.68,0.6756,0.6764
MATICUSDT,15,1652613300,0.6764,0.679,0.6716,0.6781
MATICUSDT,15,1652614200,0.6781,0.686,0.6767,0.683
MATICUSDT,15,1652615100,0.683,0.6902,0.683,0.688
MATICUSDT,15,1652616000,0.688,0.698,0.688,0.6924
MATICUSDT,15,1652616900,0.6924,0.698,0.6912,0.692
MATICUSDT,15,1652617800,0.692,0.6939,0.688,0.6939
MATICUSDT,15,1652618700,0.6939,0.696,0.6897,0.6929
MATICUSDT,15,1652619600,0.6929,0.6929,0.6864,0.6911
MATICUSDT,15,1652620500,0.6911,0.6929,0.6815,0.683
MATICUSDT,15,1652621400,0.683,0.6838,0.6773,0.678
MATICUSDT,15,1652622300,0.678,0.6803,0.6761,0.6781
MATICUSDT,15,1652623200,0.6781,0.6806,0.6704,0.6741
MATICUSDT,15,1652624100,0.6741,0.676,0.6681,0.6758
MATICUSDT,15,1652625000,0.6758,0.679,0.671,0.6775
MATICUSDT,15,1652625900,0.6775,0.6825,0.6769,0.682
MATICUSDT,15,1652626800,0.682,0.691,0.6812,0.6901
MATICUSDT,15,1652627700,0.6901,0.6905,0.6842,0.6872
MATICUSDT,15,1652628600,0.6872,0.6878,0.6804,0.6823
MATICUSDT,15,1652629500,0.6823,0.6846,0.6761,0.6837
MATICUSDT,15,1652630400,0.6837,0.6867,0.6796,0.6811
MATICUSDT,15,1652631300,0.6811,0.6871,0.6808,0.6862
MATICUSDT,15,1652632200,0.6862,0.6941,0.6844,0.6925
MATICUSDT,15,1652633100,0.6925,0.6942,0.6892,0.6911
MATICUSDT,15,1652634000,0.6911,0.6943,0.6881,0.6943
MATICUSDT,15,1652634900,0.6943,0.6962,0.6905,0.6944
MATICUSDT,15,1652635800,0.6944,0.6958,0.6901,0.6953
MATICUSDT,15,1652636700,0.6953,0.7002,0.6913,0.6922
MATICUSDT,15,1652637600,0.6922,0.695,0.6892,0.695
MATICUSDT,15,1652638500,0.695,0.7012,0.6946,0.699
MATICUSDT,15,1652639400,0.699,0.7082,0.6983,0.7081
MATICUSDT,15,1652640300,0.7081,0.7089,0.7,0.7027
MATICUSDT,15,1652641200,0.7027,0.7034,0.6954,0.698
MATICUSDT,15,1652642100,0.698,0.7016,0.695,0.6958
MATICUSDT,15,1652643000,0.6958,0.7024,0.6953,0.6999
MATICUSDT,15,1652643900,0.6999,0.7074,0.6994,0.7063
MATICUSDT,15,1652644800,0.7063,0.7197,0.7037,0.7169
MATICUSDT,15,1652645700,0.7169,0.721,0.7153,0.718
MATICUSDT,15,1652646600,0.718,0.7193,0.7141,0.7162
MATICUSDT,15,1652647500,0.7162,0.7202,0.7141,0.7195
MATICUSDT,15,1652648400,0.7195,0.725,0.716,0.7164
MATICUSDT,15,1652649300,0.7164,0.717,0.709,0.7096
MATICUSDT,15,1652650200,0.7096,0.7129,0.7093,0.7122
MATICUSDT,15,1652651100,0.7122,0.722,0.7105,0.7219
MATICUSDT,15,1669935600,0.9115,0.913,0.9114,0.9121
MATICUSDT,15,1669935600,0.9115,0.9147,0.9114,0.9142
MATICUSDT,1,1669935600,0.9115,0.913,0.9114,0.912
MATICUSDT,1,1669935660,0.912,0.9135,0.9118,0.9135
MATICUSDT,1,1669935720,0.9135,0.9146,0.913,0.9136
MATICUSDT,1,1669935780,0.9136,0.9143,0.9123,0.9133
MATICUSDT,1,1669935840,0.9133,0.9145,0.9133,0.9142
MATICUSDT,1,1669935900,0.9142,0.9147,0.9138,0.9138
