symbol,period,start_at,open,high,low,close
FLOWUSDT,15,1652565600,2.89,2.91,2.89,2.91
FLOWUSDT,15,1652566500,2.91,2.92,2.9,2.9
FLOWUSDT,15,1652567400,2.9,2.91,2.89,2.91
FLOWUSDT,15,1652568300,2.91,2.97,2.91,2.96
FLOWUSDT,15,1652569200,2.96,2.98,2.94,2.94
FLOWUSDT,15,1652570100,2.94,2.97,2.94,2.96
FLOWUSDT,15,1652571000,2.96,2.99,2.96,2.98
FLOWUSDT,15,1652571900,2.98,3.0,2.97,2.99
FLOWUSDT,15,1652572800,2.99,3.0,2.94,2.95
FLOWUSDT,15,1652573700,2.95,3.0,2.95,2.97
FLOWUSDT,15,1652574600,2.97,2.99,2.95,2.95
FLOWUSDT,15,1652575500,2.95,2.95,2.93,2.94
FLOWUSDT,15,1652576400,2.94,2.95,2.91,2.92
FLOWUSDT,15,1652577300,2.92,2.94,2.91,2.92
FLOWUSDT,15,1652578200,2.92,2.92,2.89,2.91
FLOWUSDT,15,1652579100,2.91,2.93,2.9,2.92
FLOWUSDT,15,1652580000,2.92,2.93,2.88,2.88
FLOWUSDT,15,1652580900,2.88,2.88,2.86,2.87
FLOWUSDT,15,1652581800,2.87,2.88,2.86,2.86
FLOWUSDT,15,1652582700,2.86,2.88,2.85,2.87
FLOWUSDT,15,1652583600,2.87,2.89,2.85,2.85
FLOWUSDT,15,1652584500,2.85,2.86,2.83,2.83
FLOWUSDT,15,1652585400,2.83,2.86,2.82,2.86
FLOWUSDT,15,1652586300,2.86,2.87,2.85,2.87
FLOWUSDT,15,1652587200,2.87,2.88,2.85,2.88
FLOWUSDT,15,1652588100,2.88,2.88,2.87,2.87
FLOWUSDT,15,1652589000,2.87,2.88,2.84,2.85
FLOWUSDT,15,1652589900,2.85,2.87,2.84,2.86
FLOWUSDT,15,1652590800,2.86,2.86,2.84,2.86
FLOWUSDT,15,1652591700,2.86,2.88,2.85,2.87
FLOWUSDT,15,1652592600,2.87,2.9,2.87,2.9
FLOWUSDT,15,1652593500,2.9,2.92,2.89,2.91
FLOWUSDT,15,1652594400,2.91,2.92,2.91,2.91
FLOWUSDT,15,1652595300,2.91,2.93,2.91,2.92
FLOWUSDT,15,1652596200,2.92,2.93,2.91,2.92
FLOWUSDT,15,1652597100,2.92,2.94,2.91,2.94
FLOWUSDT,15,1652598000,2.94,2.97,2.93,2.95
FLOWUSDT,15,1652598900,2.95,2.95,2.93,2.93
FLOWUSDT,15,1652599800,2.93,2.94,2.92,2.93
FLOWUSDT,15,1652600700,2.93,2.93,2.91,2.91
FLOWUSDT,15,1652601600,2.91,2.92,2.89,2.89
FLOWUSDT,15,1652602500,2.89,2.9,2.88,2.88
FLOWUSDT,15,1652603400,2.88,2.91,2.88,2.9
FLOWUSDT,15,1652604300,2.9,2.9,2.88,2.88
FLOWUSDT,15,1652605200,2.88,2.89,2.88,2.89
FLOWUSDT,15,1652606100,2.89,2.91,2.88,2.9
FLOWUSDT,15,1652607000,2.9,2.91,2.9,2.91
FLOWUSDT,15,1652607900,2.91,2.91,2.9,2.91
FLOWUSDT,15,1652608800,2.91,2.92,2.88,2.89
FLOWUSDT,15,1652609700,2.89,2.89,2.87,2.87
FLOWUSDT,15,1652610600,2.87,2.89,2.87,2.89
FLOWUSDT,15,1652611500,2.89,2.92,2.87,2.92
FLOWUSDT,15,1652612400,2.92,2.93,2.92,2.92
FLOWUSDT,15,1652613300,2.92,2.94,2.9,2.93
FLOWUSDT,15,1652614200,2.93,2.97,2.93,2.95
FLOWUSDT,15,1652615100,2.95,2.97,2.93,2.95
FLOWUSDT,15,1652616000,2.95,3.0,2.95,2.98
FLOWUSDT,15,1652616900,2.98,3.0,2.94,2.95
FLOWUSDT,15,1652617800,2.95,2.96,2.93,2.95
FLOWUSDT,15,1652618700,2.95,2.97,2.93,2.94
FLOWUSDT,15,1652619600,2.94,2.94,2.92,2.94
FLOWUSDT,15,1652620500,2.94,2.95,2.91,2.92
FLOWUSDT,15,1652621400,2.92,2.92,2.9,2.9
FLOWUSDT,15,1652622300,2.9,2.92,2.89,2.91
FLOWUSDT,15,1652623200,2.91,2.92,2.87,2.89
FLOWUSDT,15,1652624100,2.89,2.89,2.85,2.87
FLOWUSDT,15,1652625000,2.87,2.91,2.85,2.9
FLOWUSDT,15,1652625900,2.9,2.9,2.88,2.89
FLOWUSDT,15,1652626800,2.89,2.92,2.89,2.92
FLOWUSDT,15,1652627700,2.92,2.92,2.9,2.92
FLOWUSDT,15,1652628600,2.92,2.92,2.89,2.91
FLOWUSDT,15,1652629500,2.91,2.92,2.89,2.92
FLOWUSDT,15,1652630400,2.92,2.92,2.87,2.88
FLOWUSDT,15,1652631300,2.88,2.91,2.88,2.9
FLOWUSDT,15,1652632200,2.9,2.95,2.9,2.94
FLOWUSDT,15,1652633100,2.94,2.96,2.94,2.95
FLOWUSDT,15,1652634000,2.95,2.96,2.95,2.96
FLOWUSDT,15,1652634900,2.96,2.96,2.95,2.96
FLOWUSDT,15,1652635800,2.96,2.96,2.9,2.91
FLOWUSDT,15,1652636700,2.91,2.91,2.87,2.87
FLOWUSDT,15,1652637600,2.87,2.88,2.86,2.87
FLOWUSDT,15,1652638500,2.87,2.88,2.85,2.86
FLOWUSDT,15,1652639400,2.86,2.9,2.85,2.9
FLOWUSDT,15,1652640300,2.9,2.9,2.88,2.89
FLOWUSDT,15,1652641200,2.89,2.91,2.89,2.9
FLOWUSDT,15,1652642100,2.9,2.91,2.89,2.89
FLOWUSDT,15,1652643000,2.89,2.93,2.89,2.93
FLOWUSDT,15,1652643900,2.93,2.95,2.93,2.95
FLOWUSDT,15,1652644800,2.95,3.0,2.94,3.0
FLOWUSDT,15,1652645700,3.0,3.02,2.99,3.0
FLOWUSDT,15,1652646600,3.0,3.01,2.99,3.01
FLOWUSDT,15,1652647500,3.01,3.03,3.0,3.02
FLOWUSDT,15,1652648400,3.02,3.03,3.0,3.01
FLOWUSDT,15,1652649300,3.01,3.01,3.0,3.0
FLOWUSDT,15,1652650200,3.0,3.01,2.99,3.01
FLOWUSDT,15,1652651100,3.01,3.03,3.01,3.02
FLOWUSDT,15,1669935600,1.0988,1.1025,1.0988,1.1025
FLOWUSDT,15,1669935600,1.0988,1.1033,1.0988,1.1025
FLOWUSDT,1,1669935600,1.0988,1.1025,1.0988,1.1025
FLOWUSDT,1,1669935660,1.1025,1.1033,1.1025,1.1033
FLOWUSDT,1,1669935720,1.1033,1.1033,1.1018,1.1028
FLOWUSDT,1,1669935780,1.1028,1.1028,1.1012,1.1025
FLOWUSDT,1,1669935840,1.1025,1.1031,1.1019,1.1025
FLOWUSDT,1,1669935900,1.1025,1.1032,1.1019,1.1024
