symbol,period,start_at,open,high,low,close
UNFIUSDT,15,1653902100,3.2845,3.2873,3.2738,3.2819
UNFIUSDT,15,1653903000,3.2819,3.2819,3.2074,3.2331
UNFIUSDT,15,1653903900,3.2331,3.2593,3.2033,3.2045
UNFIUSDT,15,1653904800,3.2045,3.2237,3.1064,3.1248
UNFIUSDT,15,1653905700,3.1248,3.1551,3.1153,3.1303
UNFIUSDT,15,1653906600,3.1303,3.1993,3.1303,3.1805
UNFIUSDT,15,1653907500,3.1805,3.2452,3.1671,3.2384
UNFIUSDT,15,1653908400,3.2384,3.2403,3.1735,3.1774
UNFIUSDT,15,1653909300,3.1774,3.1918,3.1579,3.1755
UNFIUSDT,15,1653910200,3.1755,3.1821,3.1324,3.153
UNFIUSDT,15,1653911100,3.153,3.1591,3.1217,3.1588
UNFIUSDT,15,1653912000,3.1588,3.1694,3.1051,3.1252
UNFIUSDT,15,1653912900,3.1252,3.1252,3.0284,3.0392
UNFIUSDT,15,1653913800,3.0392,3.1074,3.0296,3.0812
UNFIUSDT,15,1653914700,3.0812,3.1061,3.0596,3.0765
UNFIUSDT,15,1653915600,3.0765,3.0965,3.0449,3.0656
UNFIUSDT,15,1653916500,3.0656,3.1132,3.0582,3.1069
UNFIUSDT,15,1653917400,3.1069,3.1712,3.0908,3.0958
UNFIUSDT,15,1653918300,3.0958,3.1091,3.0592,3.0602
UNFIUSDT,15,1653919200,3.0602,3.1137,3.0594,3.108
UNFIUSDT,15,1653920100,3.108,3.108,3.0735,3.0864
UNFIUSDT,15,1653921000,3.0864,3.0953,3.0555,3.0585
UNFIUSDT,15,1653921900,3.0585,3.1027,3.0585,3.0768
UNFIUSDT,15,1653922800,3.0768,3.1306,3.0713,3.1103
UNFIUSDT,15,1653923700,3.1103,3.1356,3.0913,3.1297
UNFIUSDT,15,1653924600,3.1297,3.1594,3.0656,3.0791
UNFIUSDT,15,1653925500,3.0791,3.0907,3.0532,3.0565
UNFIUSDT,15,1653926400,3.0565,3.0753,2.982,3.0164
UNFIUSDT,15,1653927300,3.0164,3.033,2.9953,3.0122
UNFIUSDT,15,1653928200,3.0122,3.0434,3.0071,3.0409
UNFIUSDT,15,1653929100,3.0409,3.0452,3.0157,3.0274
UNFIUSDT,15,1653930000,3.0274,3.0522,3.0151,3.0276
UNFIUSDT,15,1653930900,3.0276,3.0729,3.0227,3.0409
UNFIUSDT,15,1653931800,3.0409,3.0798,3.029,3.0565
UNFIUSDT,15,1653932700,3.0565,3.0677,3.0431,3.0593
UNFIUSDT,15,1653933600,3.0593,3.0957,3.0557,3.0834
UNFIUSDT,15,1653934500,3.0834,3.0842,3.0353,3.0614
UNFIUSDT,15,1653935400,3.0614,3.0689,3.0358,3.0664
UNFIUSDT,15,1653936300,3.0664,3.0841,3.0473,3.0518
UNFIUSDT,15,1653937200,3.0518,3.0744,3.0398,3.0441
UNFIUSDT,15,1653938100,3.0441,3.0441,3.0219,3.0289
UNFIUSDT,15,1653939000,3.0289,3.0379,2.9997,3.0185
UNFIUSDT,15,1653939900,3.0185,3.0185,2.984,3.0087
UNFIUSDT,15,1653940800,3.0087,3.034,3.0074,3.033
UNFIUSDT,15,1653941700,3.033,3.0666,3.0117,3.0603
UNFIUSDT,15,1653942600,3.0603,3.0634,3.019,3.0316
UNFIUSDT,15,1653943500,3.0316,3.0346,3.0111,3.0259
UNFIUSDT,15,1653944400,3.0259,3.0713,3.0078,3.0627
UNFIUSDT,15,1653945300,3.0627,3.0849,3.0592,3.0747
UNFIUSDT,15,1653946200,3.0747,3.0892,3.0456,3.0596
UNFIUSDT,15,1653947100,3.0596,3.0687,3.0415,3.0655
UNFIUSDT,15,1653948000,3.0655,3.0804,3.0508,3.068
UNFIUSDT,15,1653948900,3.068,3.0767,3.0341,3.0619
UNFIUSDT,15,1653949800,3.0619,3.0624,3.0329,3.0523
UNFIUSDT,15,1653950700,3.0523,3.0788,3.037,3.0787
UNFIUSDT,15,1653951600,3.0787,3.1127,3.07,3.1009
UNFIUSDT,15,1653952500,3.1009,3.1167,3.0741,3.0775
UNFIUSDT,15,1653953400,3.0775,3.0775,3.0288,3.0307
UNFIUSDT,15,1653954300,3.0307,3.0401,3.0062,3.0323
UNFIUSDT,15,1653955200,3.0323,3.0895,3.0222,3.0632
UNFIUSDT,15,1653956100,3.0632,3.0811,3.0525,3.074
UNFIUSDT,15,1653957000,3.074,3.0929,3.055,3.0877
UNFIUSDT,15,1653957900,3.0877,3.0921,3.0565,3.0739
UNFIUSDT,15,1653958800,3.0739,3.0809,2.9905,2.9961
UNFIUSDT,15,1653959700,2.9961,3.007,2.853,2.8918
UNFIUSDT,15,1653960600,2.8918,2.9122,2.871,2.8855
UNFIUSDT,15,1653961500,2.8855,2.9105,2.883,2.9083
UNFIUSDT,15,1653962400,2.9083,2.9298,2.9002,2.9298
UNFIUSDT,15,1653963300,2.9298,2.9577,2.9112,2.9568
UNFIUSDT,15,1653964200,2.9568,2.9571,2.9375,2.9376
UNFIUSDT,15,1653965100,2.9376,2.9388,2.9141,2.9324
UNFIUSDT,15,1653966000,2.9324,2.9568,2.918,2.9558
UNFIUSDT,15,1653966900,2.9558,2.9558,2.9256,2.9334
UNFIUSDT,15,1653967800,2.9334,2.9334,2.8974,2.9071
UNFIUSDT,15,1653968700,2.9071,2.9208,2.8895,2.919
UNFIUSDT,15,1653969600,2.919,2.9232,2.8906,2.9183
UNFIUSDT,15,1653970500,2.9183,2.9414,2.9139,2.9402
UNFIUSDT,15,1653971400,2.9402,2.942,2.9,2.9107
UNFIUSDT,15,1653972300,2.9107,2.929,2.9033,2.9063
UNFIUSDT,15,1653973200,2.9063,2.9168,2.8682,2.8786
UNFIUSDT,15,1653974100,2.8786,2.9,2.8672,2.8765
UNFIUSDT,15,1653975000,2.8765,2.8867,2.8152,2.8208
UNFIUSDT,15,1653975900,2.8208,2.847,2.8171,2.8198
UNFIUSDT,15,1653976800,2.8198,2.8681,2.8029,2.8592
UNFIUSDT,15,1653977700,2.8592,2.8681,2.8308,2.8603
UNFIUSDT,15,1653978600,2.8603,2.8675,2.838,2.8634
UNFIUSDT,15,1653979500,2.8634,2.8897,2.8557,2.8784
UNFIUSDT,15,1653980400,2.8784,2.8914,2.8695,2.8795
UNFIUSDT,15,1653981300,2.8795,2.9059,2.8739,2.9024
UNFIUSDT,15,1653982200,2.9024,2.9045,2.8859,2.8991
UNFIUSDT,15,1653983100,2.8991,2.8991,2.88,2.8902
UNFIUSDT,15,1653984000,2.8902,2.8944,2.8758,2.8818
UNFIUSDT,15,1653984900,2.8818,2.8891,2.8578,2.8795
UNFIUSDT,15,1653985800,2.8795,2.9017,2.8692,2.8929
UNFIUSDT,15,1653986700,2.8929,2.8946,2.878,2.8788
UNFIUSDT,15,1653987600,2.8788,2.8846,2.8505,2.8613
UNFIUSDT,15,1669935600,4.6441,4.6659,4.6441,4.6659
UNFIUSDT,15,1669935600,4.6441,4.673,4.6441,4.6657
UNFIUSDT,1,1669935600,4.6441,4.6629,4.6441,4.66
UNFIUSDT,1,1669935660,4.66,4.665,4.66,4.665
UNFIUSDT,1,1669935720,4.665,4.673,4.665,4.6653
UNFIUSDT,1,1669935780,4.6653,4.6653,4.6636,4.665
UNFIUSDT,1,1669935840,4.665,4.665,4.6611,4.6621
UNFIUSDT,1,1669935900,4.6621,4.6665,4.6621,4.6631
