symbol,interval,open_time,open,high,low,close,volume,turnover
LTCUSD,15,1652565600,67.94,68.58,67.72,68.52,26507,388.92856832
LTCUSD,15,1652566500,68.52,68.58,68.12,68.21,28251,413.35614402
LTCUSD,15,1652567400,68.21,68.21,67.49,67.82,36437,537.02410038
LTCUSD,15,1652568300,67.82,69.27,67.69,68.88,64962,948.10894939
LTCUSD,15,1652569200,68.88,69.14,68.42,68.42,26268,381.67162988
LTCUSD,15,1652570100,68.42,68.71,68.27,68.6,29393,429.38044045
LTCUSD,15,1652571000,68.6,68.76,68.36,68.63,14917,217.45008073
LTCUSD,15,1652571900,68.63,68.98,68.45,68.7,39208,570.77586818
LTCUSD,15,1652572800,68.7,68.95,67.58,67.59,98061,1434.21653846
LTCUSD,15,1652573700,67.59,69.07,67.59,68.96,78748,1148.69525184
LTCUSD,15,1652574600,68.96,69.02,67.79,68.09,51292,750.60862188
LTCUSD,15,1652575500,68.09,68.09,67.54,67.82,41833,617.63277459
LTCUSD,15,1652576400,67.82,67.87,67.4,67.53,29038,429.48938717
LTCUSD,15,1652577300,67.53,67.63,67.43,67.43,29730,440.24526211
LTCUSD,15,1652578200,67.43,67.75,67.34,67.71,27352,404.96277752
LTCUSD,15,1652579100,67.71,68.11,67.56,67.86,26314,387.69969553
LTCUSD,15,1652580000,67.86,68.23,67.14,67.14,32722,481.86434732
LTCUSD,15,1652580900,67.14,67.16,66.71,66.75,38928,581.59077206
LTCUSD,15,1652581800,66.75,66.98,66.41,66.47,53213,797.8034319
LTCUSD,15,1652582700,66.47,66.86,66.38,66.74,34986,524.98388775
LTCUSD,15,1652583600,66.74,66.89,66.6,66.62,28681,429.58058297
LTCUSD,15,1652584500,66.62,66.67,66.12,66.2,53144,802.03638982
LTCUSD,15,1652585400,66.2,66.64,65.8,66.54,46040,694.6304204
LTCUSD,15,1652586300,66.54,66.73,66.39,66.65,35875,539.39947091
LTCUSD,15,1652587200,66.65,67.15,66.58,67.04,32824,490.95395994
LTCUSD,15,1652588100,67.04,67.2,66.83,66.91,31761,473.97958668
LTCUSD,15,1652589000,66.91,66.91,65.85,66.36,47136,710.63613493
LTCUSD,15,1652589900,66.36,67.26,66.22,67.09,70425,1054.75828145
LTCUSD,15,1652590800,67.09,67.28,66.66,66.85,40034,597.63278202
LTCUSD,15,1652591700,66.85,67.48,66.74,67.48,33403,498.18794808
LTCUSD,15,1652592600,67.48,68.29,67.35,68.19,60977,898.72017671
LTCUSD,15,1652593500,68.19,68.74,67.98,68.49,46926,685.19573697
LTCUSD,15,1652594400,68.49,68.72,68.15,68.19,67752,990.84554242
LTCUSD,15,1652595300,68.19,68.47,67.97,68.29,69960,1024.52874704
LTCUSD,15,1652596200,68.29,68.39,67.57,67.73,63620,937.51116384
LTCUSD,15,1652597100,67.73,68.36,67.61,68.32,46358,681.37707348
LTCUSD,15,1652598000,68.32,68.68,68.21,68.34,32921,481.16402818
LTCUSD,15,1652598900,68.34,68.47,67.97,67.99,19590,286.92924368
LTCUSD,15,1652599800,67.99,68.2,67.95,68.11,37130,545.32989824
LTCUSD,15,1652600700,68.11,68.12,67.57,67.62,26366,388.74206681
LTCUSD,15,1652601600,67.62,67.9,67.58,67.58,30011,443.17199451
LTCUSD,15,1652602500,67.58,67.69,67.25,67.48,26188,388.29395324
LTCUSD,15,1652603400,67.48,67.71,67.35,67.51,32490,481.17350892
LTCUSD,15,1652604300,67.51,67.54,67.06,67.22,34510,513.09541483
LTCUSD,15,1652605200,67.22,67.53,67.15,67.4,34786,516.61859411
LTCUSD,15,1652606100,67.4,68.07,67.4,67.97,33223,490.15973267
LTCUSD,15,1652607000,67.97,67.97,67.59,67.91,24724,364.91299759
LTCUSD,15,1652607900,67.91,68.1,67.91,68.06,23644,347.61899114
LTCUSD,15,1652608800,68.06,68.29,67.84,67.94,26298,386.68393004
LTCUSD,15,1652609700,67.94,68.04,67.8,68,26559,390.98321935
LTCUSD,15,1652610600,68,68.22,67.82,68.15,38580,567.00912169
LTCUSD,15,1652611500,68.15,68.7,68.11,68.66,35401,517.26536477
LTCUSD,15,1652612400,68.66,68.78,68.58,68.64,20348,296.27823917
LTCUSD,15,1652613300,68.64,68.64,67.95,68.46,35785,523.99722943
LTCUSD,15,1652614200,68.46,69.11,68.4,68.87,34274,497.64717061
LTCUSD,15,1652615100,68.87,69.25,68.62,68.86,39278,569.06613689
LTCUSD,15,1652616000,68.86,69.66,68.86,69.23,47184,680.41495805
LTCUSD,15,1652616900,69.23,69.51,68.83,68.83,32060,463.14848666
LTCUSD,15,1652617800,68.83,69.17,68.46,69.14,42568,618.71732381
LTCUSD,15,1652618700,69.14,69.34,68.84,69.09,38278,554.03820347
LTCUSD,15,1652619600,69.09,69.09,68.66,68.96,26381,382.94997067
LTCUSD,15,1652620500,68.96,69.06,68.45,68.58,21547,313.36415998
LTCUSD,15,1652621400,68.58,68.58,67.82,67.93,59071,867.36945546
LTCUSD,15,1652622300,67.93,68.04,67.69,67.7,34822,513.69535826
LTCUSD,15,1652623200,67.7,67.8,67.14,67.5,53312,791.35861572
LTCUSD,15,1652624100,67.5,67.58,66.67,67.15,59400,884.12813489
LTCUSD,15,1652625000,67.15,67.53,66.9,67.51,33713,501.58039038
LTCUSD,15,1652625900,67.51,67.65,67.29,67.38,32374,479.55855815
LTCUSD,15,1652626800,67.38,68.08,67.38,68.01,40917,602.93188322
LTCUSD,15,1652627700,68.01,68.01,67.56,67.66,33821,499.57445232
LTCUSD,15,1652628600,67.66,67.67,67.36,67.6,25291,374.80253497
LTCUSD,15,1652629500,67.6,67.85,67.37,67.84,49378,729.87200693
LTCUSD,15,1652630400,67.84,68.06,67.59,67.69,35538,524.15325234
LTCUSD,15,1652631300,67.69,68.02,67.68,67.87,26677,393.1262982
LTCUSD,15,1652632200,67.87,68.54,67.78,68.43,26077,382.00667105
LTCUSD,15,1652633100,68.43,68.47,68.17,68.32,17220,252.1099299
LTCUSD,15,1652634000,68.32,68.6,68.1,68.28,25308,370.15624935
LTCUSD,15,1652634900,68.28,68.56,68.28,68.38,27125,396.4051521
LTCUSD,15,1652635800,68.38,68.43,68.07,68.14,19902,291.61910049
LTCUSD,15,1652636700,68.14,68.16,67.9,68.02,12564,184.71173438
LTCUSD,15,1652637600,68.02,68.21,67.9,68.19,23889,350.94902348
LTCUSD,15,1652638500,68.19,68.5,68.13,68.37,40425,591.95211625
LTCUSD,15,1652639400,68.37,69.32,68.3,69.32,54138,786.54747232
LTCUSD,15,1652640300,69.32,69.36,68.96,69.1,35592,514.70919701
LTCUSD,15,1652641200,69.1,69.23,68.88,68.92,29016,420.57140768
LTCUSD,15,1652642100,68.92,68.99,68.81,68.81,24893,361.31032813
LTCUSD,15,1652643000,68.81,69.21,68.81,69.1,23301,337.25366244
LTCUSD,15,1652643900,69.1,69.76,69.1,69.67,48598,700.61353775
LTCUSD,15,1652644800,69.67,70.73,69.42,70.4,105616,1507.34989999
LTCUSD,15,1652645700,70.4,70.89,70.22,70.37,111368,1579.31681585
LTCUSD,15,1652646600,70.37,70.42,70.01,70.42,41552,591.62858208
LTCUSD,15,1652647500,70.42,70.5,70.3,70.42,30620,435.01944108
LTCUSD,15,1652648400,70.42,70.61,70.06,70.09,34556,491.74022929
LTCUSD,15,1652649300,70.09,70.09,69.86,69.9,56786,811.78280819
LTCUSD,15,1652650200,69.9,70,69.75,69.96,20232,289.52645086
LTCUSD,15,1652651100,69.96,70.09,69.92,70.01,49503,706.96331499
