symbol,period,start_at,open,high,low,close
SFPUSDT,15,1652565600,0.3431,0.3444,0.341,0.3443
SFPUSDT,15,1652566500,0.3443,0.3474,0.3437,0.3471
SFPUSDT,15,1652567400,0.3471,0.3501,0.3432,0.3447
SFPUSDT,15,1652568300,0.3447,0.3532,0.3447,0.3517
SFPUSDT,15,1652569200,0.3517,0.3527,0.3484,0.3492
SFPUSDT,15,1652570100,0.3492,0.3537,0.3492,0.3533
SFPUSDT,15,1652571000,0.3533,0.3536,0.3507,0.3534
SFPUSDT,15,1652571900,0.3534,0.3557,0.3518,0.3526
SFPUSDT,15,1652572800,0.3526,0.3563,0.3494,0.3505
SFPUSDT,15,1652573700,0.3505,0.3573,0.3505,0.3567
SFPUSDT,15,1652574600,0.3567,0.3593,0.3537,0.3537
SFPUSDT,15,1652575500,0.3537,0.354,0.3523,0.3525
SFPUSDT,15,1652576400,0.3525,0.3542,0.3499,0.3501
SFPUSDT,15,1652577300,0.3501,0.3513,0.3488,0.349
SFPUSDT,15,1652578200,0.349,0.3495,0.3445,0.3458
SFPUSDT,15,1652579100,0.3458,0.3472,0.3452,0.3453
SFPUSDT,15,1652580000,0.3453,0.3478,0.3398,0.3398
SFPUSDT,15,1652580900,0.3398,0.3403,0.3368,0.3368
SFPUSDT,15,1652581800,0.3368,0.3371,0.3326,0.3332
SFPUSDT,15,1652582700,0.3332,0.3349,0.3315,0.334
SFPUSDT,15,1652583600,0.334,0.3358,0.3334,0.3342
SFPUSDT,15,1652584500,0.3342,0.3342,0.3297,0.33
SFPUSDT,15,1652585400,0.33,0.3327,0.3297,0.3324
SFPUSDT,15,1652586300,0.3324,0.3379,0.3321,0.3377
SFPUSDT,15,1652587200,0.3377,0.3398,0.3355,0.3396
SFPUSDT,15,1652588100,0.3396,0.3447,0.3387,0.3437
SFPUSDT,15,1652589000,0.3437,0.3441,0.34,0.3441
SFPUSDT,15,1652589900,0.3441,0.3442,0.3411,0.3412
SFPUSDT,15,1652590800,0.3412,0.3432,0.3391,0.3404
SFPUSDT,15,1652591700,0.3404,0.3425,0.3398,0.3419
SFPUSDT,15,1652592600,0.3419,0.3444,0.3399,0.3423
SFPUSDT,15,1652593500,0.3423,0.3465,0.3416,0.3454
SFPUSDT,15,1652594400,0.3454,0.3467,0.3446,0.3446
SFPUSDT,15,1652595300,0.3446,0.3501,0.344,0.3495
SFPUSDT,15,1652596200,0.3495,0.3617,0.3492,0.3596
SFPUSDT,15,1652597100,0.3596,0.3617,0.3569,0.3602
SFPUSDT,15,1652598000,0.3602,0.3612,0.3569,0.3588
SFPUSDT,15,1652598900,0.3588,0.359,0.3546,0.3554
SFPUSDT,15,1652599800,0.3554,0.3563,0.3537,0.3541
SFPUSDT,15,1652600700,0.3541,0.3543,0.3499,0.3505
SFPUSDT,15,1652601600,0.3505,0.3526,0.3476,0.3476
SFPUSDT,15,1652602500,0.3476,0.3493,0.3462,0.3487
SFPUSDT,15,1652603400,0.3487,0.3498,0.3475,0.3484
SFPUSDT,15,1652604300,0.3484,0.3484,0.3451,0.3454
SFPUSDT,15,1652605200,0.3454,0.3478,0.3443,0.3444
SFPUSDT,15,1652606100,0.3444,0.3479,0.3438,0.3468
SFPUSDT,15,1652607000,0.3468,0.3491,0.3466,0.3491
SFPUSDT,15,1652607900,0.3491,0.3514,0.3491,0.3512
SFPUSDT,15,1652608800,0.3512,0.3512,0.348,0.349
SFPUSDT,15,1652609700,0.349,0.3498,0.3482,0.3495
SFPUSDT,15,1652610600,0.3495,0.3504,0.3482,0.3495
SFPUSDT,15,1652611500,0.3495,0.3542,0.349,0.3542
SFPUSDT,15,1652612400,0.3542,0.356,0.3532,0.3544
SFPUSDT,15,1652613300,0.3544,0.3549,0.3518,0.3535
SFPUSDT,15,1652614200,0.3535,0.3577,0.3535,0.3568
SFPUSDT,15,1652615100,0.3568,0.3597,0.3568,0.3595
SFPUSDT,15,1652616000,0.3595,0.363,0.359,0.3611
SFPUSDT,15,1652616900,0.3611,0.3621,0.3571,0.3573
SFPUSDT,15,1652617800,0.3573,0.3575,0.3533,0.3555
SFPUSDT,15,1652618700,0.3555,0.3562,0.3531,0.3547
SFPUSDT,15,1652619600,0.3547,0.3547,0.3512,0.3537
SFPUSDT,15,1652620500,0.3537,0.3548,0.3489,0.3507
SFPUSDT,15,1652621400,0.3507,0.3522,0.3488,0.3497
SFPUSDT,15,1652622300,0.3497,0.3513,0.3475,0.3503
SFPUSDT,15,1652623200,0.3503,0.351,0.3462,0.3499
SFPUSDT,15,1652624100,0.3499,0.3504,0.3468,0.3494
SFPUSDT,15,1652625000,0.3494,0.3508,0.3472,0.3496
SFPUSDT,15,1652625900,0.3496,0.352,0.3496,0.3505
SFPUSDT,15,1652626800,0.3505,0.3556,0.3503,0.3551
SFPUSDT,15,1652627700,0.3551,0.3551,0.3517,0.352
SFPUSDT,15,1652628600,0.352,0.352,0.3486,0.3494
SFPUSDT,15,1652629500,0.3494,0.3496,0.3457,0.348
SFPUSDT,15,1652630400,0.348,0.3511,0.3476,0.3501
SFPUSDT,15,1652631300,0.3501,0.3519,0.3496,0.3519
SFPUSDT,15,1652632200,0.3519,0.3594,0.3513,0.3593
SFPUSDT,15,1652633100,0.3593,0.36,0.3573,0.3581
SFPUSDT,15,1652634000,0.3581,0.3584,0.3556,0.3564
SFPUSDT,15,1652634900,0.3564,0.3572,0.3556,0.3566
SFPUSDT,15,1652635800,0.3566,0.3566,0.3497,0.3497
SFPUSDT,15,1652636700,0.3497,0.3519,0.3496,0.35
SFPUSDT,15,1652637600,0.35,0.3501,0.3474,0.3491
SFPUSDT,15,1652638500,0.3491,0.3498,0.3464,0.3467
SFPUSDT,15,1652639400,0.3467,0.3493,0.3454,0.3493
SFPUSDT,15,1652640300,0.3493,0.3499,0.3464,0.3471
SFPUSDT,15,1652641200,0.3471,0.3474,0.3444,0.346
SFPUSDT,15,1652642100,0.346,0.3471,0.3444,0.3448
SFPUSDT,15,1652643000,0.3448,0.3486,0.3448,0.3482
SFPUSDT,15,1652643900,0.3482,0.3544,0.3479,0.3541
SFPUSDT,15,1652644800,0.3541,0.3567,0.3524,0.356
SFPUSDT,15,1652645700,0.356,0.358,0.3552,0.3564
SFPUSDT,15,1652646600,0.3564,0.3578,0.3552,0.3571
SFPUSDT,15,1652647500,0.3571,0.3625,0.3568,0.3625
SFPUSDT,15,1652648400,0.3625,0.3645,0.361,0.3638
SFPUSDT,15,1652649300,0.3638,0.3662,0.3638,0.3643
SFPUSDT,15,1652650200,0.3643,0.3643,0.3609,0.3628
SFPUSDT,15,1652651100,0.3628,0.3632,0.3614,0.3622
SFPUSDT,15,1669935600,0.4468,0.447,0.4453,0.447
SFPUSDT,15,1669935600,0.4468,0.4471,0.4441,0.4447
SFPUSDT,1,1669935600,0.4468,0.4468,0.4453,0.4456
SFPUSDT,1,1669935660,0.4456,0.4471,0.4454,0.4471
SFPUSDT,1,1669935720,0.4471,0.4471,0.4448,0.4448
SFPUSDT,1,1669935780,0.4448,0.445,0.4441,0.4445
SFPUSDT,1,1669935840,0.4445,0.4447,0.4441,0.4445
SFPUSDT,1,1669935900,0.4445,0.4449,0.4441,0.4441
