symbol,period,start_at,open,high,low,close
LITUSDT,15,1652565600,0.59,0.595,0.587,0.594
LITUSDT,15,1652566500,0.594,0.595,0.587,0.587
LITUSDT,15,1652567400,0.587,0.588,0.584,0.586
LITUSDT,15,1652568300,0.586,0.609,0.585,0.606
LITUSDT,15,1652569200,0.606,0.608,0.6,0.601
LITUSDT,15,1652570100,0.601,0.62,0.601,0.619
LITUSDT,15,1652571000,0.619,0.624,0.614,0.623
LITUSDT,15,1652571900,0.623,0.626,0.617,0.618
LITUSDT,15,1652572800,0.618,0.623,0.612,0.613
LITUSDT,15,1652573700,0.613,0.638,0.613,0.637
LITUSDT,15,1652574600,0.637,0.641,0.624,0.626
LITUSDT,15,1652575500,0.626,0.626,0.618,0.62
LITUSDT,15,1652576400,0.62,0.621,0.614,0.616
LITUSDT,15,1652577300,0.616,0.619,0.611,0.612
LITUSDT,15,1652578200,0.612,0.613,0.607,0.613
LITUSDT,15,1652579100,0.613,0.617,0.612,0.614
LITUSDT,15,1652580000,0.614,0.617,0.6,0.6
LITUSDT,15,1652580900,0.6,0.6,0.592,0.597
LITUSDT,15,1652581800,0.597,0.597,0.592,0.592
LITUSDT,15,1652582700,0.592,0.594,0.588,0.592
LITUSDT,15,1652583600,0.592,0.595,0.592,0.592
LITUSDT,15,1652584500,0.592,0.592,0.587,0.588
LITUSDT,15,1652585400,0.588,0.595,0.587,0.595
LITUSDT,15,1652586300,0.595,0.597,0.594,0.597
LITUSDT,15,1652587200,0.597,0.603,0.593,0.603
LITUSDT,15,1652588100,0.603,0.606,0.602,0.603
LITUSDT,15,1652589000,0.603,0.603,0.593,0.596
LITUSDT,15,1652589900,0.596,0.601,0.595,0.598
LITUSDT,15,1652590800,0.598,0.6,0.595,0.598
LITUSDT,15,1652591700,0.598,0.602,0.596,0.6
LITUSDT,15,1652592600,0.6,0.608,0.599,0.608
LITUSDT,15,1652593500,0.608,0.614,0.607,0.613
LITUSDT,15,1652594400,0.613,0.615,0.607,0.607
LITUSDT,15,1652595300,0.607,0.613,0.602,0.612
LITUSDT,15,1652596200,0.612,0.613,0.59,0.59
LITUSDT,15,1652597100,0.59,0.591,0.587,0.59
LITUSDT,15,1652598000,0.59,0.596,0.59,0.594
LITUSDT,15,1652598900,0.594,0.594,0.589,0.59
LITUSDT,15,1652599800,0.59,0.597,0.589,0.595
LITUSDT,15,1652600700,0.595,0.595,0.588,0.591
LITUSDT,15,1652601600,0.591,0.593,0.588,0.589
LITUSDT,15,1652602500,0.589,0.593,0.585,0.591
LITUSDT,15,1652603400,0.591,0.597,0.591,0.596
LITUSDT,15,1652604300,0.596,0.596,0.592,0.595
LITUSDT,15,1652605200,0.595,0.597,0.591,0.591
LITUSDT,15,1652606100,0.591,0.604,0.591,0.601
LITUSDT,15,1652607000,0.601,0.615,0.6,0.614
LITUSDT,15,1652607900,0.614,0.614,0.606,0.608
LITUSDT,15,1652608800,0.608,0.609,0.599,0.601
LITUSDT,15,1652609700,0.601,0.602,0.599,0.601
LITUSDT,15,1652610600,0.601,0.601,0.597,0.599
LITUSDT,15,1652611500,0.599,0.607,0.599,0.607
LITUSDT,15,1652612400,0.607,0.607,0.603,0.603
LITUSDT,15,1652613300,0.603,0.606,0.599,0.605
LITUSDT,15,1652614200,0.605,0.613,0.605,0.609
LITUSDT,15,1652615100,0.609,0.613,0.608,0.611
LITUSDT,15,1652616000,0.611,0.616,0.61,0.614
LITUSDT,15,1652616900,0.614,0.617,0.608,0.608
LITUSDT,15,1652617800,0.608,0.608,0.601,0.607
LITUSDT,15,1652618700,0.607,0.609,0.603,0.605
LITUSDT,15,1652619600,0.605,0.605,0.599,0.605
LITUSDT,15,1652620500,0.605,0.605,0.596,0.597
LITUSDT,15,1652621400,0.597,0.599,0.593,0.594
LITUSDT,15,1652622300,0.594,0.595,0.591,0.592
LITUSDT,15,1652623200,0.592,0.596,0.581,0.584
LITUSDT,15,1652624100,0.584,0.585,0.576,0.579
LITUSDT,15,1652625000,0.579,0.583,0.577,0.582
LITUSDT,15,1652625900,0.582,0.586,0.582,0.583
LITUSDT,15,1652626800,0.583,0.593,0.583,0.593
LITUSDT,15,1652627700,0.593,0.593,0.586,0.588
LITUSDT,15,1652628600,0.588,0.588,0.583,0.583
LITUSDT,15,1652629500,0.583,0.585,0.578,0.582
LITUSDT,15,1652630400,0.582,0.588,0.582,0.583
LITUSDT,15,1652631300,0.583,0.589,0.583,0.589
LITUSDT,15,1652632200,0.589,0.597,0.589,0.596
LITUSDT,15,1652633100,0.596,0.6,0.596,0.599
LITUSDT,15,1652634000,0.599,0.602,0.597,0.6
LITUSDT,15,1652634900,0.6,0.601,0.596,0.597
LITUSDT,15,1652635800,0.597,0.597,0.588,0.588
LITUSDT,15,1652636700,0.588,0.588,0.58,0.581
LITUSDT,15,1652637600,0.581,0.582,0.567,0.569
LITUSDT,15,1652638500,0.569,0.57,0.564,0.564
LITUSDT,15,1652639400,0.564,0.564,0.554,0.556
LITUSDT,15,1652640300,0.556,0.556,0.547,0.548
LITUSDT,15,1652641200,0.548,0.548,0.538,0.539
LITUSDT,15,1652642100,0.539,0.547,0.538,0.546
LITUSDT,15,1652643000,0.546,0.557,0.546,0.556
LITUSDT,15,1652643900,0.556,0.561,0.556,0.56
LITUSDT,15,1652644800,0.56,0.57,0.557,0.569
LITUSDT,15,1652645700,0.569,0.575,0.565,0.572
LITUSDT,15,1652646600,0.572,0.583,0.567,0.579
LITUSDT,15,1652647500,0.579,0.584,0.579,0.583
LITUSDT,15,1652648400,0.583,0.593,0.583,0.589
LITUSDT,15,1652649300,0.589,0.589,0.585,0.586
LITUSDT,15,1652650200,0.586,0.588,0.584,0.588
LITUSDT,15,1652651100,0.588,0.595,0.587,0.594
LITUSDT,15,1669935600,0.781,0.781,0.78,0.78
LITUSDT,15,1669935600,0.781,0.781,0.78,0.78
LITUSDT,1,1669935600,0.781,0.781,0.781,0.781
LITUSDT,1,1669935660,0.781,0.781,0.78,0.781
LITUSDT,1,1669935720,0.781,0.781,0.781,0.781
LITUSDT,1,1669935780,0.781,0.781,0.78,0.78
LITUSDT,1,1669935840,0.78,0.78,0.78,0.78
LITUSDT,1,1669935900,0.78,0.78,0.78,0.78
