symbol,period,start_at,open,high,low,close
BOBAUSDT,15,1652652000,0.482,0.4853,0.4789,0.4789
BOBAUSDT,15,1652652900,0.4789,0.4805,0.4785,0.4802
BOBAUSDT,15,1652653800,0.4802,0.4827,0.4802,0.4825
BOBAUSDT,15,1652654700,0.4825,0.4829,0.4809,0.4816
BOBAUSDT,15,1652655600,0.4816,0.4818,0.4808,0.481
BOBAUSDT,15,1652656500,0.481,0.4818,0.4808,0.4815
BOBAUSDT,15,1652657400,0.4815,0.4833,0.4814,0.4832
BOBAUSDT,15,1652658300,0.4832,0.4857,0.4831,0.4855
BOBAUSDT,15,1652659200,0.4855,0.4859,0.4834,0.4837
BOBAUSDT,15,1652660100,0.4837,0.4841,0.4833,0.4833
BOBAUSDT,15,1652661000,0.4833,0.4836,0.4823,0.4827
BOBAUSDT,15,1652661900,0.4827,0.4839,0.4826,0.483
BOBAUSDT,15,1652662800,0.483,0.4833,0.4815,0.4815
BOBAUSDT,15,1652663700,0.4815,0.4819,0.4806,0.4806
BOBAUSDT,15,1652664600,0.4806,0.4806,0.4793,0.4794
BOBAUSDT,15,1652665500,0.4794,0.4796,0.4781,0.4792
BOBAUSDT,15,1652666400,0.4792,0.4808,0.4774,0.4777
BOBAUSDT,15,1652667300,0.4777,0.4785,0.4773,0.4784
BOBAUSDT,15,1652668200,0.4784,0.4784,0.4772,0.4772
BOBAUSDT,15,1652669100,0.4772,0.4779,0.476,0.476
BOBAUSDT,15,1652670000,0.476,0.4761,0.4745,0.4749
BOBAUSDT,15,1652670900,0.4749,0.475,0.4739,0.4739
BOBAUSDT,15,1652671800,0.4739,0.4739,0.4728,0.473
BOBAUSDT,15,1652672700,0.473,0.4742,0.4724,0.4734
BOBAUSDT,15,1652673600,0.4734,0.4734,0.4681,0.4681
BOBAUSDT,15,1652674500,0.4681,0.4732,0.4677,0.4731
BOBAUSDT,15,1652675400,0.4731,0.4732,0.4708,0.4708
BOBAUSDT,15,1652676300,0.4708,0.4738,0.4701,0.473
BOBAUSDT,15,1652677200,0.473,0.4734,0.4722,0.4726
BOBAUSDT,15,1652678100,0.4726,0.4734,0.4724,0.473
BOBAUSDT,15,1652679000,0.473,0.4733,0.4728,0.4731
BOBAUSDT,15,1652679900,0.4731,0.4733,0.4705,0.4712
BOBAUSDT,15,1652680800,0.4712,0.4712,0.4597,0.463
BOBAUSDT,15,1652681700,0.463,0.4632,0.455,0.4551
BOBAUSDT,15,1652682600,0.4551,0.4584,0.4549,0.4572
BOBAUSDT,15,1652683500,0.4572,0.4578,0.4551,0.4551
BOBAUSDT,15,1652684400,0.4551,0.4556,0.4546,0.4554
BOBAUSDT,15,1652685300,0.4554,0.4555,0.454,0.4546
BOBAUSDT,15,1652686200,0.4546,0.4564,0.4536,0.4552
BOBAUSDT,15,1652687100,0.4552,0.4599,0.4543,0.4569
BOBAUSDT,15,1652688000,0.4569,0.4569,0.4562,0.4564
BOBAUSDT,15,1652688900,0.4564,0.4608,0.4562,0.4606
BOBAUSDT,15,1652689800,0.4606,0.4607,0.4594,0.4595
BOBAUSDT,15,1652690700,0.4595,0.4605,0.4592,0.4596
BOBAUSDT,15,1652691600,0.4596,0.4596,0.4554,0.4565
BOBAUSDT,15,1652692500,0.4565,0.4565,0.4455,0.4455
BOBAUSDT,15,1652693400,0.4455,0.4463,0.4455,0.4455
BOBAUSDT,15,1652694300,0.4455,0.4505,0.4455,0.449
BOBAUSDT,15,1652695200,0.449,0.4493,0.4462,0.4467
BOBAUSDT,15,1652696100,0.4467,0.4521,0.4465,0.4518
BOBAUSDT,15,1652697000,0.4518,0.4529,0.4515,0.4527
BOBAUSDT,15,1652697900,0.4527,0.4571,0.4526,0.4569
BOBAUSDT,15,1652698800,0.4569,0.4573,0.4559,0.4561
BOBAUSDT,15,1652699700,0.4561,0.4564,0.4537,0.454
BOBAUSDT,15,1652700600,0.454,0.4543,0.4535,0.4543
BOBAUSDT,15,1652701500,0.4543,0.4547,0.4532,0.4532
BOBAUSDT,15,1652702400,0.4532,0.4535,0.4519,0.4529
BOBAUSDT,15,1652703300,0.4529,0.453,0.4505,0.4517
BOBAUSDT,15,1652704200,0.4517,0.4575,0.4517,0.4525
BOBAUSDT,15,1652705100,0.4525,0.4528,0.4501,0.4503
BOBAUSDT,15,1652706000,0.4503,0.4516,0.45,0.4513
BOBAUSDT,15,1652706900,0.4513,0.4513,0.4467,0.4474
BOBAUSDT,15,1652707800,0.4474,0.4525,0.4471,0.4521
BOBAUSDT,15,1652708700,0.4521,0.4522,0.4423,0.4439
BOBAUSDT,15,1652709600,0.4439,0.4463,0.4407,0.4459
BOBAUSDT,15,1652710500,0.4459,0.4479,0.4459,0.4474
BOBAUSDT,15,1652711400,0.4474,0.4477,0.4462,0.4468
BOBAUSDT,15,1652712300,0.4468,0.4468,0.4451,0.4453
BOBAUSDT,15,1652713200,0.4453,0.4455,0.4432,0.4434
BOBAUSDT,15,1652714100,0.4434,0.4461,0.4434,0.4455
BOBAUSDT,15,1652715000,0.4455,0.4458,0.4422,0.4424
BOBAUSDT,15,1652715900,0.4424,0.4463,0.4424,0.4461
BOBAUSDT,15,1652716800,0.4461,0.4462,0.4441,0.4441
BOBAUSDT,15,1652717700,0.4441,0.4459,0.4439,0.4456
BOBAUSDT,15,1652718600,0.4456,0.4467,0.4421,0.4421
BOBAUSDT,15,1652719500,0.4421,0.4422,0.4414,0.4415
BOBAUSDT,15,1652720400,0.4415,0.4434,0.4409,0.4433
BOBAUSDT,15,1652721300,0.4433,0.4437,0.4421,0.4436
BOBAUSDT,15,1652722200,0.4436,0.4451,0.4432,0.4448
BOBAUSDT,15,1652723100,0.4448,0.4485,0.4447,0.4484
BOBAUSDT,15,1652724000,0.4484,0.4509,0.4482,0.4509
BOBAUSDT,15,1652724900,0.4509,0.4521,0.4499,0.4521
BOBAUSDT,15,1652725800,0.4521,0.4522,0.4518,0.4521
BOBAUSDT,15,1652726700,0.4521,0.4525,0.4491,0.4493
BOBAUSDT,15,1652727600,0.4493,0.4502,0.4491,0.4496
BOBAUSDT,15,1652728500,0.4496,0.4498,0.4488,0.4488
BOBAUSDT,15,1652729400,0.4488,0.4489,0.4475,0.4475
BOBAUSDT,15,1652730300,0.4475,0.4488,0.4467,0.4472
BOBAUSDT,15,1652731200,0.4472,0.4474,0.4457,0.4461
BOBAUSDT,15,1652732100,0.4461,0.4468,0.4461,0.4462
BOBAUSDT,15,1652733000,0.4462,0.4468,0.4458,0.4468
BOBAUSDT,15,1652733900,0.4468,0.4476,0.4468,0.4474
BOBAUSDT,15,1652734800,0.4474,0.4515,0.4473,0.4515
BOBAUSDT,15,1652735700,0.4515,0.4522,0.4512,0.4519
BOBAUSDT,15,1652736600,0.4519,0.4524,0.4516,0.4522
BOBAUSDT,15,1652737500,0.4522,0.4527,0.4521,0.4524
