symbol,period,start_at,open,high,low,close
DASHUSDT,15,1652565600,59.75,59.88,59.42,59.85
DASHUSDT,15,1652566500,59.85,59.98,58.65,59.01
DASHUSDT,15,1652567400,59.01,59.03,58.34,58.93
DASHUSDT,15,1652568300,58.93,61.24,58.93,60.73
DASHUSDT,15,1652569200,60.73,60.91,60.26,60.37
DASHUSDT,15,1652570100,60.37,61.37,60.36,61.11
DASHUSDT,15,1652571000,61.11,61.46,60.84,61.34
DASHUSDT,15,1652571900,61.34,61.46,60.91,60.92
DASHUSDT,15,1652572800,60.92,61.46,60.74,61.0
DASHUSDT,15,1652573700,61.0,61.78,61.0,61.68
DASHUSDT,15,1652574600,61.68,61.89,60.99,61.33
DASHUSDT,15,1652575500,61.33,61.33,60.83,60.9
DASHUSDT,15,1652576400,60.9,60.98,60.26,60.57
DASHUSDT,15,1652577300,60.57,60.8,60.02,60.02
DASHUSDT,15,1652578200,60.02,60.21,59.39,59.99
DASHUSDT,15,1652579100,59.99,61.88,59.92,61.13
DASHUSDT,15,1652580000,61.13,61.58,60.02,60.08
DASHUSDT,15,1652580900,60.08,60.59,59.75,60.49
DASHUSDT,15,1652581800,60.49,62.31,59.99,60.0
DASHUSDT,15,1652582700,60.0,60.17,59.7,60.15
DASHUSDT,15,1652583600,60.15,60.4,59.28,59.33
DASHUSDT,15,1652584500,59.33,59.7,59.05,59.5
DASHUSDT,15,1652585400,59.5,60.34,59.29,60.26
DASHUSDT,15,1652586300,60.26,60.33,59.94,59.94
DASHUSDT,15,1652587200,59.94,60.31,59.74,60.29
DASHUSDT,15,1652588100,60.29,60.29,59.93,60.04
DASHUSDT,15,1652589000,60.04,60.04,59.48,59.75
DASHUSDT,15,1652589900,59.75,60.02,59.75,59.77
DASHUSDT,15,1652590800,59.77,59.82,59.46,59.65
DASHUSDT,15,1652591700,59.65,60.11,59.6,60.05
DASHUSDT,15,1652592600,60.05,60.66,60.05,60.63
DASHUSDT,15,1652593500,60.63,60.97,60.55,60.91
DASHUSDT,15,1652594400,60.91,61.1,60.68,60.7
DASHUSDT,15,1652595300,60.7,61.0,60.66,60.76
DASHUSDT,15,1652596200,60.76,60.76,60.39,60.44
DASHUSDT,15,1652597100,60.44,61.05,60.36,61.03
DASHUSDT,15,1652598000,61.03,61.46,60.98,61.03
DASHUSDT,15,1652598900,61.03,61.07,60.47,60.61
DASHUSDT,15,1652599800,60.61,60.77,60.56,60.73
DASHUSDT,15,1652600700,60.73,60.73,60.28,60.36
DASHUSDT,15,1652601600,60.36,60.5,59.94,59.94
DASHUSDT,15,1652602500,59.94,60.28,59.63,59.99
DASHUSDT,15,1652603400,59.99,60.88,59.99,60.83
DASHUSDT,15,1652604300,60.83,60.83,60.05,60.25
DASHUSDT,15,1652605200,60.25,60.43,60.15,60.22
DASHUSDT,15,1652606100,60.22,60.77,60.2,60.58
DASHUSDT,15,1652607000,60.58,60.69,60.39,60.58
DASHUSDT,15,1652607900,60.58,60.86,60.58,60.86
DASHUSDT,15,1652608800,60.86,60.89,60.24,60.5
DASHUSDT,15,1652609700,60.5,60.71,60.42,60.71
DASHUSDT,15,1652610600,60.71,60.88,60.6,60.84
DASHUSDT,15,1652611500,60.84,61.36,60.71,61.29
DASHUSDT,15,1652612400,61.29,61.56,61.14,61.42
DASHUSDT,15,1652613300,61.42,61.72,61.12,61.58
DASHUSDT,15,1652614200,61.58,62.39,61.52,62.23
DASHUSDT,15,1652615100,62.23,62.77,62.23,62.3
DASHUSDT,15,1652616000,62.3,62.55,61.9,62.28
DASHUSDT,15,1652616900,62.28,62.53,61.88,61.9
DASHUSDT,15,1652617800,61.9,62.13,61.61,61.78
DASHUSDT,15,1652618700,61.78,62.03,61.64,61.73
DASHUSDT,15,1652619600,61.73,61.87,61.59,61.7
DASHUSDT,15,1652620500,61.7,61.84,60.7,60.91
DASHUSDT,15,1652621400,60.91,61.03,60.36,60.36
DASHUSDT,15,1652622300,60.36,60.51,59.9,60.13
DASHUSDT,15,1652623200,60.13,60.35,59.62,59.97
DASHUSDT,15,1652624100,59.97,60.2,59.39,59.52
DASHUSDT,15,1652625000,59.52,61.5,59.52,60.97
DASHUSDT,15,1652625900,60.97,60.99,60.68,60.71
DASHUSDT,15,1652626800,60.71,61.69,60.7,61.53
DASHUSDT,15,1652627700,61.53,61.54,60.65,60.76
DASHUSDT,15,1652628600,60.76,60.76,60.27,60.7
DASHUSDT,15,1652629500,60.7,61.15,60.48,60.9
DASHUSDT,15,1652630400,60.9,61.02,60.33,60.38
DASHUSDT,15,1652631300,60.38,60.66,60.37,60.53
DASHUSDT,15,1652632200,60.53,62.25,60.52,62.02
DASHUSDT,15,1652633100,62.02,62.06,61.66,61.77
DASHUSDT,15,1652634000,61.77,62.11,61.71,61.94
DASHUSDT,15,1652634900,61.94,62.04,61.56,61.56
DASHUSDT,15,1652635800,61.56,61.58,60.66,60.66
DASHUSDT,15,1652636700,60.66,60.67,59.98,60.14
DASHUSDT,15,1652637600,60.14,60.24,59.94,60.12
DASHUSDT,15,1652638500,60.12,60.8,59.61,59.74
DASHUSDT,15,1652639400,59.74,59.78,58.46,58.81
DASHUSDT,15,1652640300,58.81,59.88,58.64,59.43
DASHUSDT,15,1652641200,59.43,59.5,58.81,58.89
DASHUSDT,15,1652642100,58.89,59.93,58.85,59.37
DASHUSDT,15,1652643000,59.37,59.9,59.29,59.64
DASHUSDT,15,1652643900,59.64,60.42,59.64,60.37
DASHUSDT,15,1652644800,60.37,61.31,60.01,60.98
DASHUSDT,15,1652645700,60.98,62.17,60.98,61.96
DASHUSDT,15,1652646600,61.96,62.09,61.29,62.09
DASHUSDT,15,1652647500,62.09,62.09,61.58,62.02
DASHUSDT,15,1652648400,62.02,62.24,61.6,61.88
DASHUSDT,15,1652649300,61.88,61.88,61.36,61.4
DASHUSDT,15,1652650200,61.4,61.65,61.3,61.58
DASHUSDT,15,1652651100,61.58,62.07,61.57,62.01
DASHUSDT,15,1669935600,45.35,45.41,45.34,45.41
DASHUSDT,15,1669935600,45.35,45.59,45.34,45.49
DASHUSDT,1,1669935600,45.35,45.41,45.34,45.41
DASHUSDT,1,1669935660,45.41,45.5,45.41,45.5
DASHUSDT,1,1669935720,45.5,45.58,45.5,45.58
DASHUSDT,1,1669935780,45.58,45.59,45.52,45.55
DASHUSDT,1,1669935840,45.55,45.55,45.47,45.5
DASHUSDT,1,1669935900,45.5,45.5,45.47,45.47
