symbol,period,start_at,open,high,low,close
LTCUSDT,15,1652565600,68.09,68.76,67.89,68.67
LTCUSDT,15,1652566500,68.67,68.76,68.22,68.24
LTCUSDT,15,1652567400,68.24,68.27,67.66,67.98
LTCUSDT,15,1652568300,67.98,69.45,67.8,69.12
LTCUSDT,15,1652569200,69.12,69.32,68.57,68.62
LTCUSDT,15,1652570100,68.62,68.9,68.39,68.75
LTCUSDT,15,1652571000,68.75,68.96,68.51,68.81
LTCUSDT,15,1652571900,68.81,69.16,68.63,68.88
LTCUSDT,15,1652572800,68.88,69.12,67.76,67.76
LTCUSDT,15,1652573700,67.76,69.26,67.76,69.1
LTCUSDT,15,1652574600,69.1,69.18,67.95,68.26
LTCUSDT,15,1652575500,68.26,68.26,67.73,67.98
LTCUSDT,15,1652576400,67.98,68.07,67.54,67.67
LTCUSDT,15,1652577300,67.67,67.79,67.6,67.6
LTCUSDT,15,1652578200,67.6,67.93,67.5,67.85
LTCUSDT,15,1652579100,67.85,68.28,67.7,68.01
LTCUSDT,15,1652580000,68.01,68.38,67.29,67.36
LTCUSDT,15,1652580900,67.36,67.36,66.88,66.94
LTCUSDT,15,1652581800,66.94,67.11,66.56,66.67
LTCUSDT,15,1652582700,66.67,67.08,66.48,66.91
LTCUSDT,15,1652583600,66.91,67.07,66.73,66.77
LTCUSDT,15,1652584500,66.77,66.85,66.23,66.35
LTCUSDT,15,1652585400,66.35,66.79,66.02,66.65
LTCUSDT,15,1652586300,66.65,66.89,66.55,66.86
LTCUSDT,15,1652587200,66.86,67.34,66.75,67.23
LTCUSDT,15,1652588100,67.23,67.37,67.0,67.04
LTCUSDT,15,1652589000,67.04,67.07,65.99,66.56
LTCUSDT,15,1652589900,66.56,67.48,66.36,67.3
LTCUSDT,15,1652590800,67.3,67.48,66.76,67.08
LTCUSDT,15,1652591700,67.08,67.68,66.89,67.68
LTCUSDT,15,1652592600,67.68,68.34,67.51,68.31
LTCUSDT,15,1652593500,68.31,68.96,68.13,68.69
LTCUSDT,15,1652594400,68.69,68.92,68.3,68.32
LTCUSDT,15,1652595300,68.32,68.65,68.13,68.51
LTCUSDT,15,1652596200,68.51,68.51,67.75,67.92
LTCUSDT,15,1652597100,67.92,68.55,67.76,68.46
LTCUSDT,15,1652598000,68.46,68.94,68.33,68.53
LTCUSDT,15,1652598900,68.53,68.66,68.09,68.17
LTCUSDT,15,1652599800,68.17,68.38,68.04,68.24
LTCUSDT,15,1652600700,68.24,68.27,67.72,67.85
LTCUSDT,15,1652601600,67.85,68.06,67.7,67.74
LTCUSDT,15,1652602500,67.74,67.87,67.39,67.65
LTCUSDT,15,1652603400,67.65,67.88,67.42,67.66
LTCUSDT,15,1652604300,67.66,67.68,67.23,67.41
LTCUSDT,15,1652605200,67.41,67.72,67.32,67.54
LTCUSDT,15,1652606100,67.54,68.24,67.5,68.12
LTCUSDT,15,1652607000,68.12,68.12,67.77,68.07
LTCUSDT,15,1652607900,68.07,68.28,68.0,68.22
LTCUSDT,15,1652608800,68.22,68.45,67.98,68.09
LTCUSDT,15,1652609700,68.09,68.25,67.97,68.14
LTCUSDT,15,1652610600,68.14,68.41,68.01,68.31
LTCUSDT,15,1652611500,68.31,68.94,68.27,68.85
LTCUSDT,15,1652612400,68.85,68.96,68.7,68.82
LTCUSDT,15,1652613300,68.82,68.82,68.08,68.67
LTCUSDT,15,1652614200,68.67,69.28,68.58,68.99
LTCUSDT,15,1652615100,68.99,69.38,68.8,69.06
LTCUSDT,15,1652616000,69.06,69.81,69.01,69.38
LTCUSDT,15,1652616900,69.38,69.68,68.99,69.01
LTCUSDT,15,1652617800,69.01,69.36,68.6,69.26
LTCUSDT,15,1652618700,69.26,69.49,68.97,69.23
LTCUSDT,15,1652619600,69.23,69.25,68.81,69.1
LTCUSDT,15,1652620500,69.1,69.27,68.6,68.75
LTCUSDT,15,1652621400,68.75,68.75,67.97,68.14
LTCUSDT,15,1652622300,68.14,68.19,67.81,67.86
LTCUSDT,15,1652623200,67.86,67.99,67.27,67.67
LTCUSDT,15,1652624100,67.67,67.75,66.86,67.33
LTCUSDT,15,1652625000,67.33,67.71,67.06,67.7
LTCUSDT,15,1652625900,67.7,67.87,67.45,67.59
LTCUSDT,15,1652626800,67.59,68.27,67.57,68.15
LTCUSDT,15,1652627700,68.15,68.15,67.69,67.78
LTCUSDT,15,1652628600,67.78,67.84,67.51,67.79
LTCUSDT,15,1652629500,67.79,68.06,67.51,68.02
LTCUSDT,15,1652630400,68.02,68.19,67.75,67.86
LTCUSDT,15,1652631300,67.86,68.18,67.8,68.01
LTCUSDT,15,1652632200,68.01,68.67,67.81,68.57
LTCUSDT,15,1652633100,68.57,68.63,68.29,68.45
LTCUSDT,15,1652634000,68.45,68.79,68.22,68.44
LTCUSDT,15,1652634900,68.44,68.73,68.44,68.55
LTCUSDT,15,1652635800,68.55,68.55,68.22,68.34
LTCUSDT,15,1652636700,68.34,68.37,68.03,68.22
LTCUSDT,15,1652637600,68.22,68.39,68.01,68.38
LTCUSDT,15,1652638500,68.38,68.66,68.33,68.51
LTCUSDT,15,1652639400,68.51,69.45,68.43,69.42
LTCUSDT,15,1652640300,69.42,69.54,69.1,69.28
LTCUSDT,15,1652641200,69.28,69.38,68.99,69.08
LTCUSDT,15,1652642100,69.08,69.15,68.93,68.96
LTCUSDT,15,1652643000,68.96,69.4,68.95,69.26
LTCUSDT,15,1652643900,69.26,69.86,69.22,69.8
LTCUSDT,15,1652644800,69.8,70.79,69.52,70.56
LTCUSDT,15,1652645700,70.56,71.04,70.35,70.52
LTCUSDT,15,1652646600,70.52,70.6,70.23,70.59
LTCUSDT,15,1652647500,70.59,70.75,70.44,70.62
LTCUSDT,15,1652648400,70.62,70.77,70.2,70.21
LTCUSDT,15,1652649300,70.21,70.25,70.01,70.04
LTCUSDT,15,1652650200,70.04,70.18,69.9,70.09
LTCUSDT,15,1652651100,70.09,70.24,70.03,70.14
LTCUSDT,15,1669935600,77.58,77.71,77.57,77.71
LTCUSDT,15,1669935600,77.58,77.84,77.57,77.74
LTCUSDT,1,1669935600,77.58,77.63,77.57,77.62
LTCUSDT,1,1669935660,77.62,77.75,77.61,77.75
LTCUSDT,1,1669935720,77.75,77.84,77.71,77.75
LTCUSDT,1,1669935780,77.75,77.76,77.71,77.73
LTCUSDT,1,1669935840,77.73,77.75,77.73,77.73
LTCUSDT,1,1669935900,77.73,77.76,77.73,77.73
