symbol,period,start_at,open,high,low,close
DGBUSDT,15,1652565600,0.01256,0.01264,0.01249,0.01254
DGBUSDT,15,1652566500,0.01254,0.01256,0.01238,0.0124
DGBUSDT,15,1652567400,0.0124,0.0124,0.01233,0.01239
DGBUSDT,15,1652568300,0.01239,0.01279,0.01239,0.01273
DGBUSDT,15,1652569200,0.01273,0.01278,0.01262,0.01264
DGBUSDT,15,1652570100,0.01264,0.01274,0.01255,0.01271
DGBUSDT,15,1652571000,0.01271,0.01291,0.01266,0.01291
DGBUSDT,15,1652571900,0.01291,0.01299,0.01286,0.01287
DGBUSDT,15,1652572800,0.01287,0.01294,0.01275,0.01283
DGBUSDT,15,1652573700,0.01283,0.01308,0.01281,0.01303
DGBUSDT,15,1652574600,0.01303,0.01306,0.01289,0.01296
DGBUSDT,15,1652575500,0.01296,0.01299,0.01294,0.01298
DGBUSDT,15,1652576400,0.01298,0.01309,0.01291,0.01292
DGBUSDT,15,1652577300,0.01292,0.01304,0.01292,0.01294
DGBUSDT,15,1652578200,0.01294,0.01303,0.01292,0.01303
DGBUSDT,15,1652579100,0.01303,0.01318,0.01299,0.01299
DGBUSDT,15,1652580000,0.01299,0.01306,0.01275,0.01277
DGBUSDT,15,1652580900,0.01277,0.01277,0.01263,0.01266
DGBUSDT,15,1652581800,0.01266,0.01268,0.01259,0.01261
DGBUSDT,15,1652582700,0.01261,0.01273,0.01256,0.01268
DGBUSDT,15,1652583600,0.01268,0.01273,0.01266,0.01266
DGBUSDT,15,1652584500,0.01266,0.01267,0.01242,0.01245
DGBUSDT,15,1652585400,0.01245,0.01256,0.01241,0.01253
DGBUSDT,15,1652586300,0.01253,0.01256,0.01251,0.01255
DGBUSDT,15,1652587200,0.01255,0.01261,0.01246,0.0126
DGBUSDT,15,1652588100,0.0126,0.01263,0.01254,0.01257
DGBUSDT,15,1652589000,0.01257,0.0126,0.01236,0.01242
DGBUSDT,15,1652589900,0.01242,0.01248,0.01239,0.01242
DGBUSDT,15,1652590800,0.01242,0.01246,0.01233,0.01238
DGBUSDT,15,1652591700,0.01238,0.01252,0.01236,0.01249
DGBUSDT,15,1652592600,0.01249,0.01265,0.01248,0.01265
DGBUSDT,15,1652593500,0.01265,0.01279,0.01262,0.01272
DGBUSDT,15,1652594400,0.01272,0.01279,0.0127,0.01272
DGBUSDT,15,1652595300,0.01272,0.01279,0.01267,0.01276
DGBUSDT,15,1652596200,0.01276,0.01278,0.01268,0.0127
DGBUSDT,15,1652597100,0.0127,0.01281,0.01268,0.01281
DGBUSDT,15,1652598000,0.01281,0.01287,0.01277,0.01283
DGBUSDT,15,1652598900,0.01283,0.01284,0.01271,0.01273
DGBUSDT,15,1652599800,0.01273,0.01275,0.01269,0.01272
DGBUSDT,15,1652600700,0.01272,0.01272,0.01257,0.0126
DGBUSDT,15,1652601600,0.0126,0.01262,0.01249,0.0125
DGBUSDT,15,1652602500,0.0125,0.01257,0.01243,0.01252
DGBUSDT,15,1652603400,0.01252,0.01258,0.01249,0.01255
DGBUSDT,15,1652604300,0.01255,0.01255,0.01243,0.01248
DGBUSDT,15,1652605200,0.01248,0.01249,0.01243,0.01245
DGBUSDT,15,1652606100,0.01245,0.01257,0.01243,0.01254
DGBUSDT,15,1652607000,0.01254,0.01258,0.01252,0.01256
DGBUSDT,15,1652607900,0.01256,0.01264,0.01256,0.01264
DGBUSDT,15,1652608800,0.01264,0.01268,0.01254,0.01257
DGBUSDT,15,1652609700,0.01257,0.01259,0.01252,0.01254
DGBUSDT,15,1652610600,0.01254,0.01261,0.01251,0.01259
DGBUSDT,15,1652611500,0.01259,0.01286,0.01259,0.01285
DGBUSDT,15,1652612400,0.01285,0.01293,0.01283,0.01284
DGBUSDT,15,1652613300,0.01284,0.01292,0.01275,0.01288
DGBUSDT,15,1652614200,0.01288,0.01312,0.01286,0.01307
DGBUSDT,15,1652615100,0.01307,0.01319,0.01303,0.01317
DGBUSDT,15,1652616000,0.01317,0.01329,0.01316,0.01322
DGBUSDT,15,1652616900,0.01322,0.01328,0.01309,0.01309
DGBUSDT,15,1652617800,0.01309,0.01314,0.01299,0.01308
DGBUSDT,15,1652618700,0.01308,0.01317,0.01305,0.01311
DGBUSDT,15,1652619600,0.01311,0.01314,0.01299,0.01313
DGBUSDT,15,1652620500,0.01313,0.01317,0.01297,0.013
DGBUSDT,15,1652621400,0.013,0.01307,0.01296,0.01297
DGBUSDT,15,1652622300,0.01297,0.01299,0.01293,0.01294
DGBUSDT,15,1652623200,0.01294,0.01297,0.01277,0.01284
DGBUSDT,15,1652624100,0.01284,0.01287,0.01267,0.01273
DGBUSDT,15,1652625000,0.01273,0.01276,0.01263,0.01275
DGBUSDT,15,1652625900,0.01275,0.01282,0.01273,0.01275
DGBUSDT,15,1652626800,0.01275,0.01289,0.01275,0.01288
DGBUSDT,15,1652627700,0.01288,0.01289,0.01275,0.01279
DGBUSDT,15,1652628600,0.01279,0.0128,0.01264,0.01265
DGBUSDT,15,1652629500,0.01265,0.01266,0.01251,0.01258
DGBUSDT,15,1652630400,0.01258,0.01265,0.01254,0.01259
DGBUSDT,15,1652631300,0.01259,0.01266,0.01255,0.01266
DGBUSDT,15,1652632200,0.01266,0.01285,0.01264,0.01285
DGBUSDT,15,1652633100,0.01285,0.01287,0.01282,0.01284
DGBUSDT,15,1652634000,0.01284,0.01285,0.01279,0.01284
DGBUSDT,15,1652634900,0.01284,0.01285,0.01277,0.01281
DGBUSDT,15,1652635800,0.01281,0.01281,0.01267,0.01269
DGBUSDT,15,1652636700,0.01269,0.01269,0.01261,0.01263
DGBUSDT,15,1652637600,0.01263,0.01263,0.0125,0.01259
DGBUSDT,15,1652638500,0.01259,0.01268,0.01258,0.0126
DGBUSDT,15,1652639400,0.0126,0.01274,0.0126,0.01272
DGBUSDT,15,1652640300,0.01272,0.01273,0.01263,0.01266
DGBUSDT,15,1652641200,0.01266,0.01269,0.01262,0.01262
DGBUSDT,15,1652642100,0.01262,0.0127,0.01262,0.01268
DGBUSDT,15,1652643000,0.01268,0.01276,0.01264,0.01275
DGBUSDT,15,1652643900,0.01275,0.0129,0.01275,0.01288
DGBUSDT,15,1652644800,0.01288,0.01312,0.01285,0.01303
DGBUSDT,15,1652645700,0.01303,0.01314,0.01301,0.01306
DGBUSDT,15,1652646600,0.01306,0.01322,0.013,0.01322
DGBUSDT,15,1652647500,0.01322,0.0133,0.01318,0.01329
DGBUSDT,15,1652648400,0.01329,0.01334,0.01323,0.01324
DGBUSDT,15,1652649300,0.01324,0.01328,0.0132,0.01324
DGBUSDT,15,1652650200,0.01324,0.01328,0.01318,0.01328
DGBUSDT,15,1652651100,0.01328,0.01337,0.01326,0.01337
DGBUSDT,15,1669935600,0.00775,0.00775,0.00775,0.00775
DGBUSDT,15,1669935600,0.00775,0.00777,0.00775,0.00777
DGBUSDT,1,1669935600,0.00775,0.00775,0.00775,0.00775
DGBUSDT,1,1669935660,0.00775,0.00776,0.00775,0.00776
DGBUSDT,1,1669935720,0.00776,0.00777,0.00776,0.00777
DGBUSDT,1,1669935780,0.00777,0.00777,0.00777,0.00777
DGBUSDT,1,1669935840,0.00777,0.00777,0.00777,0.00777
DGBUSDT,1,1669935900,0.00777,0.00777,0.00774,0.00774
