symbol,period,start_at,open,high,low,close
DARUSDT,15,1652565600,0.4301,0.4322,0.4287,0.4317
DARUSDT,15,1652566500,0.4317,0.432,0.4249,0.4252
DARUSDT,15,1652567400,0.4252,0.4369,0.4245,0.4369
DARUSDT,15,1652568300,0.4369,0.4519,0.4353,0.4517
DARUSDT,15,1652569200,0.4517,0.4693,0.4517,0.4638
DARUSDT,15,1652570100,0.4638,0.4778,0.4628,0.4704
DARUSDT,15,1652571000,0.4704,0.4831,0.4638,0.4727
DARUSDT,15,1652571900,0.4727,0.4729,0.4643,0.466
DARUSDT,15,1652572800,0.466,0.4737,0.4619,0.4638
DARUSDT,15,1652573700,0.4638,0.4714,0.4634,0.4714
DARUSDT,15,1652574600,0.4714,0.4741,0.4599,0.461
DARUSDT,15,1652575500,0.461,0.461,0.4571,0.4579
DARUSDT,15,1652576400,0.4579,0.4598,0.4543,0.4579
DARUSDT,15,1652577300,0.4579,0.4601,0.4523,0.4529
DARUSDT,15,1652578200,0.4529,0.4572,0.4504,0.4538
DARUSDT,15,1652579100,0.4538,0.4574,0.4536,0.4555
DARUSDT,15,1652580000,0.4555,0.4584,0.4439,0.4453
DARUSDT,15,1652580900,0.4453,0.4453,0.4343,0.4343
DARUSDT,15,1652581800,0.4343,0.4374,0.4307,0.4321
DARUSDT,15,1652582700,0.4321,0.4353,0.4306,0.4319
DARUSDT,15,1652583600,0.4319,0.4341,0.4298,0.4327
DARUSDT,15,1652584500,0.4327,0.4328,0.4258,0.4276
DARUSDT,15,1652585400,0.4276,0.4289,0.4256,0.4284
DARUSDT,15,1652586300,0.4284,0.4293,0.4256,0.4284
DARUSDT,15,1652587200,0.4284,0.4351,0.4259,0.4337
DARUSDT,15,1652588100,0.4337,0.4369,0.4315,0.4366
DARUSDT,15,1652589000,0.4366,0.4366,0.4269,0.4302
DARUSDT,15,1652589900,0.4302,0.4346,0.429,0.4322
DARUSDT,15,1652590800,0.4322,0.4326,0.4286,0.4306
DARUSDT,15,1652591700,0.4306,0.4363,0.4291,0.4356
DARUSDT,15,1652592600,0.4356,0.441,0.4333,0.4409
DARUSDT,15,1652593500,0.4409,0.4459,0.4388,0.4446
DARUSDT,15,1652594400,0.4446,0.4477,0.4407,0.441
DARUSDT,15,1652595300,0.441,0.448,0.44,0.4471
DARUSDT,15,1652596200,0.4471,0.4479,0.443,0.4432
DARUSDT,15,1652597100,0.4432,0.454,0.4422,0.4532
DARUSDT,15,1652598000,0.4532,0.4573,0.4509,0.4548
DARUSDT,15,1652598900,0.4548,0.4554,0.4488,0.4488
DARUSDT,15,1652599800,0.4488,0.449,0.4458,0.4464
DARUSDT,15,1652600700,0.4464,0.4469,0.4368,0.4383
DARUSDT,15,1652601600,0.4383,0.4401,0.4341,0.4348
DARUSDT,15,1652602500,0.4348,0.4351,0.4304,0.4312
DARUSDT,15,1652603400,0.4312,0.4334,0.4298,0.4329
DARUSDT,15,1652604300,0.4329,0.4329,0.4267,0.4285
DARUSDT,15,1652605200,0.4285,0.43,0.4263,0.4271
DARUSDT,15,1652606100,0.4271,0.4325,0.4264,0.4319
DARUSDT,15,1652607000,0.4319,0.4379,0.4319,0.4379
DARUSDT,15,1652607900,0.4379,0.4391,0.437,0.4389
DARUSDT,15,1652608800,0.4389,0.4391,0.4332,0.4342
DARUSDT,15,1652609700,0.4342,0.4342,0.431,0.4314
DARUSDT,15,1652610600,0.4314,0.436,0.431,0.435
DARUSDT,15,1652611500,0.435,0.442,0.4331,0.4413
DARUSDT,15,1652612400,0.4413,0.4447,0.4413,0.4421
DARUSDT,15,1652613300,0.4421,0.4448,0.4381,0.4444
DARUSDT,15,1652614200,0.4444,0.453,0.4435,0.452
DARUSDT,15,1652615100,0.452,0.456,0.4512,0.4532
DARUSDT,15,1652616000,0.4532,0.4588,0.4527,0.454
DARUSDT,15,1652616900,0.454,0.459,0.451,0.451
DARUSDT,15,1652617800,0.451,0.451,0.4456,0.4492
DARUSDT,15,1652618700,0.4492,0.4511,0.4451,0.4455
DARUSDT,15,1652619600,0.4455,0.4461,0.441,0.4455
DARUSDT,15,1652620500,0.4455,0.446,0.4392,0.4402
DARUSDT,15,1652621400,0.4402,0.4411,0.4383,0.4386
DARUSDT,15,1652622300,0.4386,0.4392,0.436,0.4365
DARUSDT,15,1652623200,0.4365,0.4379,0.4313,0.4332
DARUSDT,15,1652624100,0.4332,0.4364,0.4309,0.4322
DARUSDT,15,1652625000,0.4322,0.4348,0.4296,0.4346
DARUSDT,15,1652625900,0.4346,0.4374,0.4338,0.4374
DARUSDT,15,1652626800,0.4374,0.4431,0.4368,0.443
DARUSDT,15,1652627700,0.443,0.443,0.4389,0.4394
DARUSDT,15,1652628600,0.4394,0.4394,0.4332,0.4339
DARUSDT,15,1652629500,0.4339,0.4369,0.4316,0.434
DARUSDT,15,1652630400,0.434,0.4378,0.4327,0.436
DARUSDT,15,1652631300,0.436,0.439,0.4355,0.4369
DARUSDT,15,1652632200,0.4369,0.4418,0.4358,0.4415
DARUSDT,15,1652633100,0.4415,0.4432,0.4391,0.4421
DARUSDT,15,1652634000,0.4421,0.449,0.4403,0.4452
DARUSDT,15,1652634900,0.4452,0.4462,0.4431,0.4441
DARUSDT,15,1652635800,0.4441,0.4441,0.4328,0.4336
DARUSDT,15,1652636700,0.4336,0.4339,0.431,0.4321
DARUSDT,15,1652637600,0.4321,0.4329,0.4282,0.4288
DARUSDT,15,1652638500,0.4288,0.4301,0.4275,0.4278
DARUSDT,15,1652639400,0.4278,0.434,0.4276,0.4321
DARUSDT,15,1652640300,0.4321,0.4326,0.4277,0.4299
DARUSDT,15,1652641200,0.4299,0.43,0.4268,0.4272
DARUSDT,15,1652642100,0.4272,0.4281,0.427,0.4279
DARUSDT,15,1652643000,0.4279,0.4291,0.4273,0.4288
DARUSDT,15,1652643900,0.4288,0.4362,0.4288,0.4362
DARUSDT,15,1652644800,0.4362,0.4433,0.4361,0.4431
DARUSDT,15,1652645700,0.4431,0.4521,0.4408,0.4495
DARUSDT,15,1652646600,0.4495,0.4504,0.4434,0.4463
DARUSDT,15,1652647500,0.4463,0.4467,0.4444,0.4457
DARUSDT,15,1652648400,0.4457,0.4532,0.4457,0.4495
DARUSDT,15,1652649300,0.4495,0.4495,0.4451,0.4452
DARUSDT,15,1652650200,0.4452,0.4452,0.4422,0.4447
DARUSDT,15,1652651100,0.4447,0.449,0.4447,0.4489
DARUSDT,15,1669935600,0.1373,0.1379,0.1373,0.1379
DARUSDT,15,1669935600,0.1373,0.1381,0.1373,0.1379
DARUSDT,1,1669935600,0.1373,0.1379,0.1373,0.1379
DARUSDT,1,1669935660,0.1379,0.138,0.1379,0.138
DARUSDT,1,1669935720,0.138,0.1381,0.138,0.138
DARUSDT,1,1669935780,0.138,0.138,0.1378,0.1379
DARUSDT,1,1669935840,0.1379,0.1379,0.1379,0.1379
DARUSDT,1,1669935900,0.1379,0.1379,0.1376,0.1376
