symbol,period,start_at,open,high,low,close
XNOUSDT,15,1652565600,1.134,1.14,1.116,1.14
XNOUSDT,15,1652566500,1.14,1.14,1.126,1.138
XNOUSDT,15,1652567400,1.138,1.138,1.119,1.127
XNOUSDT,15,1652568300,1.127,1.146,1.127,1.145
XNOUSDT,15,1652569200,1.145,1.15,1.133,1.133
XNOUSDT,15,1652570100,1.133,1.137,1.129,1.135
XNOUSDT,15,1652571000,1.135,1.17,1.131,1.157
XNOUSDT,15,1652571900,1.157,1.162,1.149,1.152
XNOUSDT,15,1652572800,1.152,1.152,1.146,1.149
XNOUSDT,15,1652573700,1.149,1.16,1.148,1.156
XNOUSDT,15,1652574600,1.156,1.157,1.14,1.142
XNOUSDT,15,1652575500,1.142,1.142,1.134,1.134
XNOUSDT,15,1652576400,1.134,1.139,1.127,1.128
XNOUSDT,15,1652577300,1.128,1.132,1.127,1.128
XNOUSDT,15,1652578200,1.128,1.13,1.123,1.129
XNOUSDT,15,1652579100,1.129,1.132,1.125,1.128
XNOUSDT,15,1652580000,1.128,1.132,1.126,1.126
XNOUSDT,15,1652580900,1.126,1.126,1.119,1.119
XNOUSDT,15,1652581800,1.119,1.12,1.114,1.116
XNOUSDT,15,1652582700,1.116,1.117,1.113,1.115
XNOUSDT,15,1652583600,1.115,1.128,1.115,1.117
XNOUSDT,15,1652584500,1.117,1.119,1.104,1.104
XNOUSDT,15,1652585400,1.104,1.108,1.103,1.105
XNOUSDT,15,1652586300,1.105,1.111,1.105,1.109
XNOUSDT,15,1652587200,1.109,1.116,1.107,1.116
XNOUSDT,15,1652588100,1.116,1.116,1.112,1.113
XNOUSDT,15,1652589000,1.113,1.113,1.1,1.104
XNOUSDT,15,1652589900,1.104,1.11,1.102,1.107
XNOUSDT,15,1652590800,1.107,1.109,1.103,1.105
XNOUSDT,15,1652591700,1.105,1.109,1.102,1.108
XNOUSDT,15,1652592600,1.108,1.11,1.106,1.11
XNOUSDT,15,1652593500,1.11,1.115,1.109,1.115
XNOUSDT,15,1652594400,1.115,1.118,1.113,1.116
XNOUSDT,15,1652595300,1.116,1.118,1.113,1.116
XNOUSDT,15,1652596200,1.116,1.118,1.112,1.118
XNOUSDT,15,1652597100,1.118,1.123,1.113,1.123
XNOUSDT,15,1652598000,1.123,1.134,1.123,1.125
XNOUSDT,15,1652598900,1.125,1.13,1.124,1.13
XNOUSDT,15,1652599800,1.13,1.131,1.124,1.126
XNOUSDT,15,1652600700,1.126,1.127,1.105,1.113
XNOUSDT,15,1652601600,1.113,1.121,1.113,1.114
XNOUSDT,15,1652602500,1.114,1.114,1.111,1.112
XNOUSDT,15,1652603400,1.112,1.116,1.112,1.116
XNOUSDT,15,1652604300,1.116,1.116,1.111,1.112
XNOUSDT,15,1652605200,1.112,1.114,1.11,1.11
XNOUSDT,15,1652606100,1.11,1.117,1.11,1.117
XNOUSDT,15,1652607000,1.117,1.119,1.114,1.116
XNOUSDT,15,1652607900,1.116,1.119,1.116,1.117
XNOUSDT,15,1652608800,1.117,1.119,1.114,1.114
XNOUSDT,15,1652609700,1.114,1.115,1.113,1.114
XNOUSDT,15,1652610600,1.114,1.118,1.113,1.114
XNOUSDT,15,1652611500,1.114,1.123,1.114,1.121
XNOUSDT,15,1652612400,1.121,1.132,1.121,1.129
XNOUSDT,15,1652613300,1.129,1.14,1.126,1.139
XNOUSDT,15,1652614200,1.139,1.15,1.138,1.147
XNOUSDT,15,1652615100,1.147,1.156,1.145,1.15
XNOUSDT,15,1652616000,1.15,1.158,1.15,1.155
XNOUSDT,15,1652616900,1.155,1.158,1.148,1.148
XNOUSDT,15,1652617800,1.148,1.148,1.14,1.145
XNOUSDT,15,1652618700,1.145,1.155,1.14,1.143
XNOUSDT,15,1652619600,1.143,1.148,1.14,1.145
XNOUSDT,15,1652620500,1.145,1.149,1.14,1.142
XNOUSDT,15,1652621400,1.142,1.142,1.136,1.139
XNOUSDT,15,1652622300,1.139,1.139,1.129,1.129
XNOUSDT,15,1652623200,1.129,1.131,1.121,1.125
XNOUSDT,15,1652624100,1.125,1.125,1.112,1.114
XNOUSDT,15,1652625000,1.114,1.117,1.111,1.115
XNOUSDT,15,1652625900,1.115,1.124,1.115,1.12
XNOUSDT,15,1652626800,1.12,1.126,1.118,1.124
XNOUSDT,15,1652627700,1.124,1.125,1.117,1.121
XNOUSDT,15,1652628600,1.121,1.121,1.116,1.119
XNOUSDT,15,1652629500,1.119,1.119,1.1,1.11
XNOUSDT,15,1652630400,1.11,1.117,1.106,1.113
XNOUSDT,15,1652631300,1.113,1.117,1.112,1.116
XNOUSDT,15,1652632200,1.116,1.199,1.115,1.143
XNOUSDT,15,1652633100,1.143,1.143,1.119,1.126
XNOUSDT,15,1652634000,1.126,1.13,1.119,1.13
XNOUSDT,15,1652634900,1.13,1.131,1.126,1.13
XNOUSDT,15,1652635800,1.13,1.13,1.12,1.121
XNOUSDT,15,1652636700,1.121,1.121,1.114,1.114
XNOUSDT,15,1652637600,1.114,1.12,1.113,1.117
XNOUSDT,15,1652638500,1.117,1.123,1.117,1.123
XNOUSDT,15,1652639400,1.123,1.134,1.123,1.134
XNOUSDT,15,1652640300,1.134,1.134,1.126,1.128
XNOUSDT,15,1652641200,1.128,1.128,1.123,1.123
XNOUSDT,15,1652642100,1.123,1.126,1.121,1.121
XNOUSDT,15,1652643000,1.121,1.126,1.121,1.126
XNOUSDT,15,1652643900,1.126,1.129,1.125,1.128
XNOUSDT,15,1652644800,1.128,1.155,1.125,1.146
XNOUSDT,15,1652645700,1.146,1.167,1.144,1.151
XNOUSDT,15,1652646600,1.151,1.153,1.146,1.151
XNOUSDT,15,1652647500,1.151,1.156,1.147,1.155
XNOUSDT,15,1652648400,1.155,1.162,1.145,1.151
XNOUSDT,15,1652649300,1.151,1.153,1.145,1.148
XNOUSDT,15,1652650200,1.148,1.151,1.145,1.149
XNOUSDT,15,1652651100,1.149,1.165,1.148,1.163
XNOUSDT,15,1669935600,0.7626,0.7626,0.7625,0.7626
XNOUSDT,15,1669935600,0.7626,0.7628,0.7614,0.7625
XNOUSDT,1,1669935600,0.7626,0.7626,0.7626,0.7626
XNOUSDT,1,1669935660,0.7626,0.7626,0.7626,0.7626
XNOUSDT,1,1669935720,0.7626,0.7628,0.7615,0.7615
XNOUSDT,1,1669935780,0.7615,0.7625,0.7614,0.7622
XNOUSDT,1,1669935840,0.7622,0.7625,0.7622,0.7625
XNOUSDT,1,1669935900,0.7625,0.7627,0.7625,0.7626
