symbol,period,start_at,open,high,low,close
RVNUSDT,15,1652565600,0.03005,0.03034,0.03001,0.03025
RVNUSDT,15,1652566500,0.03025,0.03035,0.02985,0.02989
RVNUSDT,15,1652567400,0.02989,0.02999,0.02977,0.02999
RVNUSDT,15,1652568300,0.02999,0.03096,0.02999,0.03052
RVNUSDT,15,1652569200,0.03052,0.03062,0.03033,0.03039
RVNUSDT,15,1652570100,0.03039,0.03081,0.03039,0.03078
RVNUSDT,15,1652571000,0.03078,0.03118,0.03064,0.03098
RVNUSDT,15,1652571900,0.03098,0.03151,0.03084,0.03115
RVNUSDT,15,1652572800,0.03115,0.03133,0.03069,0.03078
RVNUSDT,15,1652573700,0.03078,0.03136,0.03078,0.03122
RVNUSDT,15,1652574600,0.03122,0.03132,0.03077,0.03089
RVNUSDT,15,1652575500,0.03089,0.03106,0.03057,0.03083
RVNUSDT,15,1652576400,0.03083,0.03109,0.0307,0.03074
RVNUSDT,15,1652577300,0.03074,0.03093,0.03074,0.03082
RVNUSDT,15,1652578200,0.03082,0.03091,0.03065,0.03073
RVNUSDT,15,1652579100,0.03073,0.03086,0.03065,0.03078
RVNUSDT,15,1652580000,0.03078,0.03106,0.03042,0.03049
RVNUSDT,15,1652580900,0.03049,0.0305,0.03017,0.03029
RVNUSDT,15,1652581800,0.03029,0.03036,0.03017,0.03022
RVNUSDT,15,1652582700,0.03022,0.0303,0.03012,0.03018
RVNUSDT,15,1652583600,0.03018,0.03046,0.03018,0.03031
RVNUSDT,15,1652584500,0.03031,0.03033,0.03008,0.03014
RVNUSDT,15,1652585400,0.03014,0.03032,0.02997,0.0303
RVNUSDT,15,1652586300,0.0303,0.03037,0.03027,0.03033
RVNUSDT,15,1652587200,0.03033,0.03076,0.03015,0.0307
RVNUSDT,15,1652588100,0.0307,0.0308,0.03058,0.03066
RVNUSDT,15,1652589000,0.03066,0.03068,0.03034,0.0305
RVNUSDT,15,1652589900,0.0305,0.03052,0.03031,0.03034
RVNUSDT,15,1652590800,0.03034,0.03037,0.03008,0.03019
RVNUSDT,15,1652591700,0.03019,0.0303,0.03015,0.03023
RVNUSDT,15,1652592600,0.03023,0.03072,0.03022,0.03071
RVNUSDT,15,1652593500,0.03071,0.03114,0.03065,0.03096
RVNUSDT,15,1652594400,0.03096,0.03107,0.03084,0.0309
RVNUSDT,15,1652595300,0.0309,0.03104,0.03034,0.03038
RVNUSDT,15,1652596200,0.03038,0.0306,0.03036,0.03052
RVNUSDT,15,1652597100,0.03052,0.03092,0.03047,0.03087
RVNUSDT,15,1652598000,0.03087,0.031,0.03066,0.03097
RVNUSDT,15,1652598900,0.03097,0.03133,0.03092,0.03097
RVNUSDT,15,1652599800,0.03097,0.03097,0.03084,0.03088
RVNUSDT,15,1652600700,0.03088,0.0309,0.03058,0.03059
RVNUSDT,15,1652601600,0.03059,0.03065,0.03021,0.03022
RVNUSDT,15,1652602500,0.03022,0.03048,0.0301,0.03027
RVNUSDT,15,1652603400,0.03027,0.03034,0.03015,0.03031
RVNUSDT,15,1652604300,0.03031,0.03031,0.03001,0.03004
RVNUSDT,15,1652605200,0.03004,0.03014,0.02995,0.02995
RVNUSDT,15,1652606100,0.02995,0.03024,0.02993,0.03017
RVNUSDT,15,1652607000,0.03017,0.03023,0.03006,0.03017
RVNUSDT,15,1652607900,0.03017,0.03027,0.03014,0.03024
RVNUSDT,15,1652608800,0.03024,0.03028,0.03007,0.03013
RVNUSDT,15,1652609700,0.03013,0.03013,0.02995,0.03004
RVNUSDT,15,1652610600,0.03004,0.03015,0.02996,0.03011
RVNUSDT,15,1652611500,0.03011,0.03061,0.03008,0.0306
RVNUSDT,15,1652612400,0.0306,0.0306,0.03037,0.03039
RVNUSDT,15,1652613300,0.03039,0.03042,0.03022,0.0304
RVNUSDT,15,1652614200,0.0304,0.03071,0.03038,0.03053
RVNUSDT,15,1652615100,0.03053,0.03065,0.03036,0.03041
RVNUSDT,15,1652616000,0.03041,0.03064,0.03039,0.03055
RVNUSDT,15,1652616900,0.03055,0.03067,0.03015,0.03016
RVNUSDT,15,1652617800,0.03016,0.0303,0.02993,0.03023
RVNUSDT,15,1652618700,0.03023,0.03051,0.03023,0.03028
RVNUSDT,15,1652619600,0.03028,0.03028,0.03004,0.03026
RVNUSDT,15,1652620500,0.03026,0.03034,0.02994,0.03001
RVNUSDT,15,1652621400,0.03001,0.03001,0.02974,0.02976
RVNUSDT,15,1652622300,0.02976,0.02983,0.0297,0.02973
RVNUSDT,15,1652623200,0.02973,0.02977,0.02937,0.02951
RVNUSDT,15,1652624100,0.02951,0.02957,0.02934,0.02952
RVNUSDT,15,1652625000,0.02952,0.02959,0.02921,0.02959
RVNUSDT,15,1652625900,0.02959,0.02973,0.02959,0.02969
RVNUSDT,15,1652626800,0.02969,0.0301,0.02967,0.03008
RVNUSDT,15,1652627700,0.03008,0.03008,0.02981,0.02987
RVNUSDT,15,1652628600,0.02987,0.02987,0.0296,0.02965
RVNUSDT,15,1652629500,0.02965,0.02969,0.0294,0.02963
RVNUSDT,15,1652630400,0.02963,0.02984,0.02946,0.02948
RVNUSDT,15,1652631300,0.02948,0.02955,0.02946,0.02951
RVNUSDT,15,1652632200,0.02951,0.03008,0.02948,0.03005
RVNUSDT,15,1652633100,0.03005,0.03005,0.02991,0.02994
RVNUSDT,15,1652634000,0.02994,0.02994,0.0298,0.02994
RVNUSDT,15,1652634900,0.02994,0.03008,0.02993,0.03005
RVNUSDT,15,1652635800,0.03005,0.03006,0.02959,0.02961
RVNUSDT,15,1652636700,0.02961,0.02967,0.0293,0.02932
RVNUSDT,15,1652637600,0.02932,0.02936,0.02908,0.02919
RVNUSDT,15,1652638500,0.02919,0.02933,0.02913,0.02929
RVNUSDT,15,1652639400,0.02929,0.02985,0.02928,0.02979
RVNUSDT,15,1652640300,0.02979,0.02982,0.02966,0.02975
RVNUSDT,15,1652641200,0.02975,0.02983,0.02966,0.02969
RVNUSDT,15,1652642100,0.02969,0.02981,0.02967,0.02967
RVNUSDT,15,1652643000,0.02967,0.0299,0.02967,0.02989
RVNUSDT,15,1652643900,0.02989,0.03027,0.02989,0.03023
RVNUSDT,15,1652644800,0.03023,0.03071,0.03006,0.0306
RVNUSDT,15,1652645700,0.0306,0.03066,0.03042,0.0305
RVNUSDT,15,1652646600,0.0305,0.0308,0.03045,0.03077
RVNUSDT,15,1652647500,0.03077,0.03102,0.03073,0.03101
RVNUSDT,15,1652648400,0.03101,0.03111,0.03101,0.03103
RVNUSDT,15,1652649300,0.03103,0.03103,0.0309,0.03092
RVNUSDT,15,1652650200,0.03092,0.03137,0.03092,0.03137
RVNUSDT,15,1652651100,0.03137,0.03168,0.03133,0.03167
RVNUSDT,15,1669935600,0.02181,0.02182,0.02181,0.02182
RVNUSDT,15,1669935600,0.02181,0.02189,0.02181,0.02181
RVNUSDT,1,1669935600,0.02181,0.02182,0.02181,0.02182
RVNUSDT,1,1669935660,0.02182,0.02186,0.02182,0.02186
RVNUSDT,1,1669935720,0.02186,0.02189,0.02186,0.02186
RVNUSDT,1,1669935780,0.02186,0.02186,0.02181,0.02181
RVNUSDT,1,1669935840,0.02181,0.02182,0.02181,0.02181
RVNUSDT,1,1669935900,0.02181,0.02182,0.02181,0.02182
