symbol,period,start_at,open,high,low,close
STGUSDT,15,1661496300,1.0678,1.0761,1.0637,1.0687
STGUSDT,15,1661497200,1.0687,1.0709,1.052,1.0575
STGUSDT,15,1661498100,1.0575,1.0692,1.0533,1.0565
STGUSDT,15,1661499000,1.0565,1.069,1.0565,1.0607
STGUSDT,15,1661499900,1.0607,1.072,1.0585,1.0711
STGUSDT,15,1661500800,1.0711,1.0716,1.0293,1.0323
STGUSDT,15,1661501700,1.0323,1.0368,1.0136,1.0206
STGUSDT,15,1661502600,1.0206,1.0309,1.0201,1.0279
STGUSDT,15,1661503500,1.0279,1.0393,1.0219,1.0296
STGUSDT,15,1661504400,1.0296,1.0296,1.0036,1.0085
STGUSDT,15,1661505300,1.0085,1.0146,1.0048,1.0127
STGUSDT,15,1661506200,1.0127,1.0171,0.9911,0.9946
STGUSDT,15,1661507100,0.9946,0.9982,0.9838,0.9944
STGUSDT,15,1661508000,0.9944,1.0005,0.99,0.9945
STGUSDT,15,1661508900,0.9945,1.0061,0.9925,0.9982
STGUSDT,15,1661509800,0.9982,1.0166,0.9967,1.0114
STGUSDT,15,1661510700,1.0114,1.0208,1.008,1.015
STGUSDT,15,1661511600,1.015,1.0153,0.9323,0.9506
STGUSDT,15,1661512500,0.9506,0.9676,0.9483,0.9601
STGUSDT,15,1661513400,0.9601,0.9652,0.9502,0.9614
STGUSDT,15,1661514300,0.9614,0.963,0.9505,0.9573
STGUSDT,15,1661515200,0.9573,0.9627,0.9416,0.9587
STGUSDT,15,1661516100,0.9587,0.9685,0.9587,0.9612
STGUSDT,15,1661517000,0.9612,0.9985,0.9609,0.986
STGUSDT,15,1661517900,0.986,1.0248,0.9826,1.0208
STGUSDT,15,1661518800,1.0208,1.0292,1.0035,1.0059
STGUSDT,15,1661519700,1.0059,1.0124,0.9971,1.0032
STGUSDT,15,1661520600,1.0032,1.0039,0.9702,0.9805
STGUSDT,15,1661521500,0.9805,0.9987,0.9703,0.9965
STGUSDT,15,1661522400,0.9965,1.001,0.9693,0.99
STGUSDT,15,1661523300,0.99,0.9926,0.9759,0.9796
STGUSDT,15,1661524200,0.9796,0.9799,0.9542,0.9626
STGUSDT,15,1661525100,0.9626,0.9766,0.9561,0.9617
STGUSDT,15,1661526000,0.9617,0.9619,0.9312,0.9476
STGUSDT,15,1661526900,0.9476,0.9639,0.9415,0.9573
STGUSDT,15,1661527800,0.9573,0.9653,0.9471,0.9501
STGUSDT,15,1661528700,0.9501,0.9601,0.9454,0.947
STGUSDT,15,1661529600,0.947,0.9559,0.9454,0.9526
STGUSDT,15,1661530500,0.9526,0.9548,0.9257,0.9257
STGUSDT,15,1661531400,0.9257,0.9422,0.9221,0.9404
STGUSDT,15,1661532300,0.9404,0.9445,0.9349,0.9352
STGUSDT,15,1661533200,0.9352,0.9521,0.9352,0.9448
STGUSDT,15,1661534100,0.9448,0.9487,0.939,0.9435
STGUSDT,15,1661535000,0.9435,0.9483,0.942,0.9433
STGUSDT,15,1661535900,0.9433,0.945,0.9335,0.9378
STGUSDT,15,1661536800,0.9378,0.94,0.9257,0.9285
STGUSDT,15,1661537700,0.9285,0.929,0.886,0.892
STGUSDT,15,1661538600,0.892,0.9055,0.8904,0.9055
STGUSDT,15,1661539500,0.9055,0.9102,0.8965,0.8986
STGUSDT,15,1661540400,0.8986,0.9065,0.8931,0.8995
STGUSDT,15,1661541300,0.8995,0.905,0.8956,0.8956
STGUSDT,15,1661542200,0.8956,0.8996,0.8945,0.8985
STGUSDT,15,1661543100,0.8985,0.9097,0.8985,0.9033
STGUSDT,15,1661544000,0.9033,0.9109,0.8994,0.9099
STGUSDT,15,1661544900,0.9099,0.9105,0.9017,0.902
STGUSDT,15,1661545800,0.902,0.9036,0.8925,0.894
STGUSDT,15,1661546700,0.894,0.9013,0.8878,0.8995
STGUSDT,15,1661547600,0.8995,0.9053,0.8961,0.9052
STGUSDT,15,1661548500,0.9052,0.9052,0.8936,0.8964
STGUSDT,15,1661549400,0.8964,0.9021,0.896,0.8975
STGUSDT,15,1661550300,0.8975,0.9075,0.8972,0.9001
STGUSDT,15,1661551200,0.9001,0.9236,0.9001,0.9168
STGUSDT,15,1661552100,0.9168,0.9471,0.9167,0.9355
STGUSDT,15,1661553000,0.9355,0.9413,0.922,0.9259
STGUSDT,15,1661553900,0.9259,0.9291,0.9215,0.927
STGUSDT,15,1661554800,0.927,0.9279,0.8984,0.9021
STGUSDT,15,1661555700,0.9021,0.9341,0.8988,0.918
STGUSDT,15,1661556600,0.918,0.9285,0.9125,0.9208
STGUSDT,15,1661557500,0.9208,0.9356,0.9197,0.93
STGUSDT,15,1661558400,0.93,0.9332,0.9067,0.9086
STGUSDT,15,1661559300,0.9086,0.923,0.8997,0.9212
STGUSDT,15,1661560200,0.9212,0.9429,0.9181,0.9207
STGUSDT,15,1661561100,0.9207,0.9402,0.9147,0.9295
STGUSDT,15,1661562000,0.9295,0.9339,0.9206,0.9315
STGUSDT,15,1661562900,0.9315,0.9327,0.9254,0.9284
STGUSDT,15,1661563800,0.9284,0.9304,0.9204,0.9304
STGUSDT,15,1661564700,0.9304,0.9376,0.9285,0.9338
STGUSDT,15,1661565600,0.9338,0.9345,0.9247,0.9291
STGUSDT,15,1661566500,0.9291,0.93,0.923,0.923
STGUSDT,15,1661567400,0.923,0.9233,0.9072,0.914
STGUSDT,15,1661568300,0.914,0.9159,0.9082,0.9118
STGUSDT,15,1661569200,0.9118,0.9119,0.8496,0.8621
STGUSDT,15,1661570100,0.8621,0.865,0.8457,0.8493
STGUSDT,15,1661571000,0.8493,0.8551,0.8406,0.8474
STGUSDT,15,1661571900,0.8474,0.8531,0.8466,0.852
STGUSDT,15,1661572800,0.852,0.8627,0.852,0.857
STGUSDT,15,1661573700,0.857,0.8627,0.855,0.856
STGUSDT,15,1661574600,0.856,0.856,0.8316,0.8345
STGUSDT,15,1661575500,0.8345,0.8451,0.8228,0.8271
STGUSDT,15,1661576400,0.8271,0.8324,0.8167,0.8201
STGUSDT,15,1661577300,0.8201,0.8374,0.8161,0.8319
STGUSDT,15,1661578200,0.8319,0.8334,0.8228,0.824
STGUSDT,15,1661579100,0.824,0.8311,0.8232,0.8309
STGUSDT,15,1661580000,0.8309,0.8364,0.816,0.8254
STGUSDT,15,1661580900,0.8254,0.83,0.8224,0.8293
STGUSDT,15,1661581800,0.8293,0.8454,0.8287,0.8429
STGUSDT,15,1669935600,0.4245,0.4249,0.4245,0.4246
STGUSDT,15,1669935600,0.4245,0.425,0.4244,0.4249
STGUSDT,1,1669935600,0.4245,0.4249,0.4245,0.4248
STGUSDT,1,1669935660,0.4248,0.4248,0.4245,0.4246
STGUSDT,1,1669935720,0.4246,0.425,0.4246,0.4246
STGUSDT,1,1669935780,0.4246,0.4246,0.4244,0.4246
STGUSDT,1,1669935840,0.4246,0.4249,0.4246,0.4248
STGUSDT,1,1669935900,0.4248,0.425,0.4248,0.425
