symbol,period,start_at,open,high,low,close
WAVESUSDT,15,1652565600,6.638,6.696,6.619,6.67
WAVESUSDT,15,1652566500,6.67,6.698,6.62,6.643
WAVESUSDT,15,1652567400,6.643,6.679,6.611,6.679
WAVESUSDT,15,1652568300,6.679,6.838,6.679,6.814
WAVESUSDT,15,1652569200,6.814,6.832,6.771,6.81
WAVESUSDT,15,1652570100,6.81,7.028,6.769,7.028
WAVESUSDT,15,1652571000,7.028,7.121,6.973,7.121
WAVESUSDT,15,1652571900,7.121,7.153,7.033,7.141
WAVESUSDT,15,1652572800,7.141,7.141,6.862,6.903
WAVESUSDT,15,1652573700,6.903,7.013,6.902,6.954
WAVESUSDT,15,1652574600,6.954,6.996,6.859,6.879
WAVESUSDT,15,1652575500,6.879,6.879,6.835,6.86
WAVESUSDT,15,1652576400,6.86,6.881,6.794,6.8
WAVESUSDT,15,1652577300,6.8,6.838,6.792,6.801
WAVESUSDT,15,1652578200,6.801,6.834,6.753,6.782
WAVESUSDT,15,1652579100,6.782,6.824,6.769,6.801
WAVESUSDT,15,1652580000,6.801,6.857,6.72,6.731
WAVESUSDT,15,1652580900,6.731,6.731,6.674,6.681
WAVESUSDT,15,1652581800,6.681,6.7,6.663,6.684
WAVESUSDT,15,1652582700,6.684,6.722,6.668,6.698
WAVESUSDT,15,1652583600,6.698,6.755,6.698,6.731
WAVESUSDT,15,1652584500,6.731,6.752,6.677,6.692
WAVESUSDT,15,1652585400,6.692,6.702,6.638,6.688
WAVESUSDT,15,1652586300,6.688,6.723,6.686,6.714
WAVESUSDT,15,1652587200,6.714,6.763,6.686,6.75
WAVESUSDT,15,1652588100,6.75,6.778,6.736,6.745
WAVESUSDT,15,1652589000,6.745,6.745,6.658,6.692
WAVESUSDT,15,1652589900,6.692,6.717,6.677,6.704
WAVESUSDT,15,1652590800,6.704,6.717,6.655,6.685
WAVESUSDT,15,1652591700,6.685,6.734,6.678,6.726
WAVESUSDT,15,1652592600,6.726,6.783,6.726,6.783
WAVESUSDT,15,1652593500,6.783,6.881,6.772,6.853
WAVESUSDT,15,1652594400,6.853,6.896,6.796,6.805
WAVESUSDT,15,1652595300,6.805,6.863,6.79,6.828
WAVESUSDT,15,1652596200,6.828,6.837,6.8,6.812
WAVESUSDT,15,1652597100,6.812,6.889,6.777,6.87
WAVESUSDT,15,1652598000,6.87,6.929,6.86,6.894
WAVESUSDT,15,1652598900,6.894,6.899,6.851,6.852
WAVESUSDT,15,1652599800,6.852,6.862,6.827,6.857
WAVESUSDT,15,1652600700,6.857,6.861,6.804,6.823
WAVESUSDT,15,1652601600,6.823,6.823,6.716,6.723
WAVESUSDT,15,1652602500,6.723,6.724,6.653,6.699
WAVESUSDT,15,1652603400,6.699,6.741,6.673,6.729
WAVESUSDT,15,1652604300,6.729,6.729,6.657,6.68
WAVESUSDT,15,1652605200,6.68,6.71,6.64,6.658
WAVESUSDT,15,1652606100,6.658,6.748,6.654,6.716
WAVESUSDT,15,1652607000,6.716,6.738,6.684,6.73
WAVESUSDT,15,1652607900,6.73,6.763,6.723,6.75
WAVESUSDT,15,1652608800,6.75,6.769,6.697,6.715
WAVESUSDT,15,1652609700,6.715,6.73,6.691,6.722
WAVESUSDT,15,1652610600,6.722,6.743,6.693,6.73
WAVESUSDT,15,1652611500,6.73,6.849,6.728,6.848
WAVESUSDT,15,1652612400,6.848,6.848,6.798,6.801
WAVESUSDT,15,1652613300,6.801,6.851,6.755,6.84
WAVESUSDT,15,1652614200,6.84,6.946,6.836,6.894
WAVESUSDT,15,1652615100,6.894,6.946,6.885,6.917
WAVESUSDT,15,1652616000,6.917,7.04,6.917,6.944
WAVESUSDT,15,1652616900,6.944,6.99,6.876,6.889
WAVESUSDT,15,1652617800,6.889,6.926,6.844,6.916
WAVESUSDT,15,1652618700,6.916,6.926,6.856,6.881
WAVESUSDT,15,1652619600,6.881,6.887,6.817,6.883
WAVESUSDT,15,1652620500,6.883,6.904,6.828,6.842
WAVESUSDT,15,1652621400,6.842,6.85,6.78,6.787
WAVESUSDT,15,1652622300,6.787,6.82,6.761,6.772
WAVESUSDT,15,1652623200,6.772,6.795,6.697,6.734
WAVESUSDT,15,1652624100,6.734,6.739,6.641,6.679
WAVESUSDT,15,1652625000,6.679,6.759,6.633,6.759
WAVESUSDT,15,1652625900,6.759,6.78,6.73,6.758
WAVESUSDT,15,1652626800,6.758,6.823,6.753,6.823
WAVESUSDT,15,1652627700,6.823,6.825,6.765,6.784
WAVESUSDT,15,1652628600,6.784,6.785,6.721,6.732
WAVESUSDT,15,1652629500,6.732,6.77,6.684,6.753
WAVESUSDT,15,1652630400,6.753,6.768,6.708,6.718
WAVESUSDT,15,1652631300,6.718,6.799,6.718,6.793
WAVESUSDT,15,1652632200,6.793,6.861,6.77,6.857
WAVESUSDT,15,1652633100,6.857,6.864,6.832,6.839
WAVESUSDT,15,1652634000,6.839,6.857,6.813,6.83
WAVESUSDT,15,1652634900,6.83,6.853,6.825,6.835
WAVESUSDT,15,1652635800,6.835,6.836,6.794,6.806
WAVESUSDT,15,1652636700,6.806,6.817,6.762,6.781
WAVESUSDT,15,1652637600,6.781,6.786,6.745,6.775
WAVESUSDT,15,1652638500,6.775,6.838,6.775,6.821
WAVESUSDT,15,1652639400,6.821,6.918,6.815,6.89
WAVESUSDT,15,1652640300,6.89,6.891,6.82,6.829
WAVESUSDT,15,1652641200,6.829,6.829,6.789,6.796
WAVESUSDT,15,1652642100,6.796,6.83,6.787,6.812
WAVESUSDT,15,1652643000,6.812,6.865,6.812,6.854
WAVESUSDT,15,1652643900,6.854,6.89,6.854,6.885
WAVESUSDT,15,1652644800,6.885,6.968,6.856,6.952
WAVESUSDT,15,1652645700,6.952,7.0,6.919,6.934
WAVESUSDT,15,1652646600,6.934,6.942,6.835,6.928
WAVESUSDT,15,1652647500,6.928,6.969,6.908,6.955
WAVESUSDT,15,1652648400,6.955,6.981,6.917,6.946
WAVESUSDT,15,1652649300,6.946,6.962,6.916,6.926
WAVESUSDT,15,1652650200,6.926,6.973,6.917,6.959
WAVESUSDT,15,1652651100,6.959,7.049,6.956,7.037
WAVESUSDT,15,1669935600,2.341,2.352,2.341,2.352
WAVESUSDT,15,1669935600,2.341,2.354,2.341,2.35
WAVESUSDT,1,1669935600,2.341,2.347,2.341,2.347
WAVESUSDT,1,1669935660,2.347,2.351,2.347,2.351
WAVESUSDT,1,1669935720,2.351,2.354,2.35,2.353
WAVESUSDT,1,1669935780,2.353,2.354,2.349,2.351
WAVESUSDT,1,1669935840,2.351,2.351,2.349,2.35
WAVESUSDT,1,1669935900,2.35,2.35,2.349,2.349
