symbol,period,start_at,open,high,low,close
DOGEUSDT,15,1652565600,0.0881,0.0886,0.0878,0.0885
DOGEUSDT,15,1652566500,0.0885,0.0886,0.088,0.0881
DOGEUSDT,15,1652567400,0.0881,0.0887,0.0876,0.0881
DOGEUSDT,15,1652568300,0.0881,0.0897,0.0881,0.0894
DOGEUSDT,15,1652569200,0.0894,0.0898,0.0889,0.0891
DOGEUSDT,15,1652570100,0.0891,0.0898,0.0889,0.0897
DOGEUSDT,15,1652571000,0.0897,0.09,0.0893,0.0899
DOGEUSDT,15,1652571900,0.0899,0.0901,0.0894,0.0894
DOGEUSDT,15,1652572800,0.0894,0.0898,0.089,0.089
DOGEUSDT,15,1652573700,0.089,0.0906,0.089,0.0901
DOGEUSDT,15,1652574600,0.0901,0.0903,0.0891,0.0893
DOGEUSDT,15,1652575500,0.0893,0.0894,0.0887,0.0889
DOGEUSDT,15,1652576400,0.0889,0.0891,0.0882,0.0884
DOGEUSDT,15,1652577300,0.0884,0.0886,0.0882,0.0882
DOGEUSDT,15,1652578200,0.0882,0.0885,0.0879,0.0882
DOGEUSDT,15,1652579100,0.0882,0.0888,0.0882,0.0885
DOGEUSDT,15,1652580000,0.0885,0.0891,0.0877,0.0878
DOGEUSDT,15,1652580900,0.0878,0.0879,0.0873,0.0875
DOGEUSDT,15,1652581800,0.0875,0.0877,0.0873,0.0875
DOGEUSDT,15,1652582700,0.0875,0.0882,0.0872,0.0879
DOGEUSDT,15,1652583600,0.0879,0.0882,0.0877,0.0879
DOGEUSDT,15,1652584500,0.0879,0.0879,0.0868,0.087
DOGEUSDT,15,1652585400,0.087,0.0875,0.0868,0.0874
DOGEUSDT,15,1652586300,0.0874,0.0874,0.0872,0.0874
DOGEUSDT,15,1652587200,0.0874,0.0878,0.0871,0.0877
DOGEUSDT,15,1652588100,0.0877,0.0879,0.0873,0.0874
DOGEUSDT,15,1652589000,0.0874,0.0874,0.0865,0.087
DOGEUSDT,15,1652589900,0.087,0.0874,0.0869,0.087
DOGEUSDT,15,1652590800,0.087,0.0872,0.0866,0.087
DOGEUSDT,15,1652591700,0.087,0.0873,0.0869,0.0873
DOGEUSDT,15,1652592600,0.0873,0.0876,0.0871,0.0876
DOGEUSDT,15,1652593500,0.0876,0.088,0.0875,0.0878
DOGEUSDT,15,1652594400,0.0878,0.0881,0.0877,0.0878
DOGEUSDT,15,1652595300,0.0878,0.0883,0.0877,0.0881
DOGEUSDT,15,1652596200,0.0881,0.0881,0.0877,0.0877
DOGEUSDT,15,1652597100,0.0877,0.0884,0.0876,0.0884
DOGEUSDT,15,1652598000,0.0884,0.0899,0.0882,0.0888
DOGEUSDT,15,1652598900,0.0888,0.0897,0.0886,0.0893
DOGEUSDT,15,1652599800,0.0893,0.0897,0.0884,0.0888
DOGEUSDT,15,1652600700,0.0888,0.0889,0.088,0.0882
DOGEUSDT,15,1652601600,0.0882,0.0883,0.0878,0.0879
DOGEUSDT,15,1652602500,0.0879,0.0884,0.0872,0.0881
DOGEUSDT,15,1652603400,0.0881,0.0882,0.0875,0.0878
DOGEUSDT,15,1652604300,0.0878,0.0878,0.087,0.0871
DOGEUSDT,15,1652605200,0.0871,0.0876,0.087,0.0871
DOGEUSDT,15,1652606100,0.0871,0.0881,0.0871,0.0879
DOGEUSDT,15,1652607000,0.0879,0.0882,0.0877,0.0881
DOGEUSDT,15,1652607900,0.0881,0.0883,0.088,0.0883
DOGEUSDT,15,1652608800,0.0883,0.0883,0.0877,0.0879
DOGEUSDT,15,1652609700,0.0879,0.0882,0.0879,0.088
DOGEUSDT,15,1652610600,0.088,0.0882,0.0877,0.088
DOGEUSDT,15,1652611500,0.088,0.0891,0.088,0.0891
DOGEUSDT,15,1652612400,0.0891,0.0893,0.0889,0.089
DOGEUSDT,15,1652613300,0.089,0.0896,0.0885,0.0896
DOGEUSDT,15,1652614200,0.0896,0.0901,0.0894,0.0896
DOGEUSDT,15,1652615100,0.0896,0.0902,0.0896,0.0899
DOGEUSDT,15,1652616000,0.0899,0.0906,0.0898,0.09
DOGEUSDT,15,1652616900,0.09,0.0907,0.0895,0.0895
DOGEUSDT,15,1652617800,0.0895,0.0897,0.0888,0.0897
DOGEUSDT,15,1652618700,0.0897,0.09,0.0894,0.0896
DOGEUSDT,15,1652619600,0.0896,0.0897,0.0892,0.0896
DOGEUSDT,15,1652620500,0.0896,0.0898,0.0888,0.0892
DOGEUSDT,15,1652621400,0.0892,0.0892,0.0887,0.0888
DOGEUSDT,15,1652622300,0.0888,0.0891,0.0887,0.0888
DOGEUSDT,15,1652623200,0.0888,0.089,0.0881,0.0885
DOGEUSDT,15,1652624100,0.0885,0.0886,0.0877,0.0883
DOGEUSDT,15,1652625000,0.0883,0.0887,0.0878,0.0887
DOGEUSDT,15,1652625900,0.0887,0.089,0.0885,0.0887
DOGEUSDT,15,1652626800,0.0887,0.0895,0.0887,0.0892
DOGEUSDT,15,1652627700,0.0892,0.0893,0.0886,0.0887
DOGEUSDT,15,1652628600,0.0887,0.0887,0.0883,0.0886
DOGEUSDT,15,1652629500,0.0886,0.089,0.0882,0.0888
DOGEUSDT,15,1652630400,0.0888,0.0893,0.0885,0.0888
DOGEUSDT,15,1652631300,0.0888,0.0894,0.0887,0.0893
DOGEUSDT,15,1652632200,0.0893,0.09,0.089,0.0899
DOGEUSDT,15,1652633100,0.0899,0.0899,0.0895,0.0897
DOGEUSDT,15,1652634000,0.0897,0.09,0.0895,0.0899
DOGEUSDT,15,1652634900,0.0899,0.09,0.0896,0.0897
DOGEUSDT,15,1652635800,0.0897,0.0897,0.0893,0.0894
DOGEUSDT,15,1652636700,0.0894,0.0896,0.0892,0.0895
DOGEUSDT,15,1652637600,0.0895,0.0896,0.0891,0.0895
DOGEUSDT,15,1652638500,0.0895,0.0899,0.0895,0.0898
DOGEUSDT,15,1652639400,0.0898,0.0907,0.0897,0.0906
DOGEUSDT,15,1652640300,0.0906,0.0908,0.0898,0.0902
DOGEUSDT,15,1652641200,0.0902,0.0903,0.0897,0.0898
DOGEUSDT,15,1652642100,0.0898,0.09,0.0896,0.0896
DOGEUSDT,15,1652643000,0.0896,0.0902,0.0896,0.0901
DOGEUSDT,15,1652643900,0.0901,0.0911,0.09,0.0909
DOGEUSDT,15,1652644800,0.0909,0.0918,0.0903,0.0916
DOGEUSDT,15,1652645700,0.0916,0.0918,0.0911,0.0915
DOGEUSDT,15,1652646600,0.0915,0.0917,0.0913,0.0914
DOGEUSDT,15,1652647500,0.0914,0.0918,0.0912,0.0917
DOGEUSDT,15,1652648400,0.0917,0.0919,0.0909,0.091
DOGEUSDT,15,1652649300,0.091,0.091,0.0905,0.0905
DOGEUSDT,15,1652650200,0.0905,0.0912,0.0904,0.0911
DOGEUSDT,15,1652651100,0.0911,0.0919,0.0909,0.0918
DOGEUSDT,15,1669935600,0.10153,0.10173,0.10153,0.10173
DOGEUSDT,15,1669935600,0.10153,0.10183,0.10153,0.10173
DOGEUSDT,1,1669935600,0.10153,0.10173,0.10153,0.10173
DOGEUSDT,1,1669935660,0.10173,0.10183,0.10173,0.10183
DOGEUSDT,1,1669935720,0.10183,0.10183,0.10173,0.10178
DOGEUSDT,1,1669935780,0.10178,0.10178,0.10178,0.10178
DOGEUSDT,1,1669935840,0.10178,0.10178,0.10163,0.10173
DOGEUSDT,1,1669935900,0.10173,0.10184,0.10163,0.10184
