symbol,period,start_at,open,high,low,close
CVCUSDT,15,1652565600,0.1773,0.1801,0.1769,0.18
CVCUSDT,15,1652566500,0.18,0.1819,0.1791,0.1808
CVCUSDT,15,1652567400,0.1808,0.181,0.1771,0.1793
CVCUSDT,15,1652568300,0.1793,0.182,0.1781,0.1782
CVCUSDT,15,1652569200,0.1782,0.1867,0.1782,0.184
CVCUSDT,15,1652570100,0.184,0.1867,0.1809,0.182
CVCUSDT,15,1652571000,0.182,0.1849,0.1815,0.1834
CVCUSDT,15,1652571900,0.1834,0.1857,0.1819,0.1839
CVCUSDT,15,1652572800,0.1839,0.1867,0.1825,0.1836
CVCUSDT,15,1652573700,0.1836,0.1875,0.1835,0.1854
CVCUSDT,15,1652574600,0.1854,0.1864,0.1832,0.1845
CVCUSDT,15,1652575500,0.1845,0.1846,0.1815,0.1825
CVCUSDT,15,1652576400,0.1825,0.1838,0.1807,0.182
CVCUSDT,15,1652577300,0.182,0.1837,0.1819,0.1825
CVCUSDT,15,1652578200,0.1825,0.1825,0.1792,0.1797
CVCUSDT,15,1652579100,0.1797,0.1809,0.1792,0.1799
CVCUSDT,15,1652580000,0.1799,0.1809,0.1766,0.177
CVCUSDT,15,1652580900,0.177,0.1791,0.176,0.1776
CVCUSDT,15,1652581800,0.1776,0.1779,0.1762,0.177
CVCUSDT,15,1652582700,0.177,0.1775,0.1753,0.176
CVCUSDT,15,1652583600,0.176,0.1764,0.1742,0.1745
CVCUSDT,15,1652584500,0.1745,0.1746,0.1729,0.174
CVCUSDT,15,1652585400,0.174,0.1753,0.1726,0.1745
CVCUSDT,15,1652586300,0.1745,0.1747,0.1732,0.1738
CVCUSDT,15,1652587200,0.1738,0.1767,0.1728,0.1757
CVCUSDT,15,1652588100,0.1757,0.1769,0.1754,0.1764
CVCUSDT,15,1652589000,0.1764,0.1766,0.1744,0.1756
CVCUSDT,15,1652589900,0.1756,0.1761,0.1752,0.1757
CVCUSDT,15,1652590800,0.1757,0.1757,0.1733,0.1739
CVCUSDT,15,1652591700,0.1739,0.1766,0.1735,0.1757
CVCUSDT,15,1652592600,0.1757,0.1784,0.1749,0.1782
CVCUSDT,15,1652593500,0.1782,0.179,0.1776,0.178
CVCUSDT,15,1652594400,0.178,0.1783,0.177,0.177
CVCUSDT,15,1652595300,0.177,0.1782,0.1747,0.1755
CVCUSDT,15,1652596200,0.1755,0.1765,0.1755,0.1758
CVCUSDT,15,1652597100,0.1758,0.1773,0.1756,0.1772
CVCUSDT,15,1652598000,0.1772,0.1776,0.1763,0.1775
CVCUSDT,15,1652598900,0.1775,0.1777,0.1752,0.1752
CVCUSDT,15,1652599800,0.1752,0.1754,0.1744,0.1752
CVCUSDT,15,1652600700,0.1752,0.1752,0.1731,0.1736
CVCUSDT,15,1652601600,0.1736,0.1743,0.1723,0.1723
CVCUSDT,15,1652602500,0.1723,0.1736,0.1713,0.1724
CVCUSDT,15,1652603400,0.1724,0.1734,0.1717,0.1734
CVCUSDT,15,1652604300,0.1734,0.1734,0.1718,0.1718
CVCUSDT,15,1652605200,0.1718,0.1719,0.1709,0.1712
CVCUSDT,15,1652606100,0.1712,0.1736,0.1711,0.1729
CVCUSDT,15,1652607000,0.1729,0.173,0.1722,0.1728
CVCUSDT,15,1652607900,0.1728,0.1745,0.1727,0.1737
CVCUSDT,15,1652608800,0.1737,0.1737,0.1719,0.1722
CVCUSDT,15,1652609700,0.1722,0.1722,0.1716,0.1719
CVCUSDT,15,1652610600,0.1719,0.173,0.1712,0.1726
CVCUSDT,15,1652611500,0.1726,0.176,0.1725,0.1759
CVCUSDT,15,1652612400,0.1759,0.1759,0.1741,0.1741
CVCUSDT,15,1652613300,0.1741,0.1746,0.1731,0.1742
CVCUSDT,15,1652614200,0.1742,0.1755,0.1739,0.1739
CVCUSDT,15,1652615100,0.1739,0.1759,0.1738,0.1754
CVCUSDT,15,1652616000,0.1754,0.1775,0.1754,0.1774
CVCUSDT,15,1652616900,0.1774,0.1835,0.1772,0.1819
CVCUSDT,15,1652617800,0.1819,0.1824,0.1801,0.1812
CVCUSDT,15,1652618700,0.1812,0.1812,0.1801,0.1811
CVCUSDT,15,1652619600,0.1811,0.1838,0.1801,0.1803
CVCUSDT,15,1652620500,0.1803,0.1821,0.1802,0.1803
CVCUSDT,15,1652621400,0.1803,0.1803,0.1779,0.178
CVCUSDT,15,1652622300,0.178,0.1784,0.1771,0.1783
CVCUSDT,15,1652623200,0.1783,0.1786,0.1763,0.1765
CVCUSDT,15,1652624100,0.1765,0.1766,0.1739,0.175
CVCUSDT,15,1652625000,0.175,0.1781,0.1739,0.1773
CVCUSDT,15,1652625900,0.1773,0.178,0.1767,0.1772
CVCUSDT,15,1652626800,0.1772,0.1813,0.1772,0.1789
CVCUSDT,15,1652627700,0.1789,0.1789,0.1771,0.1776
CVCUSDT,15,1652628600,0.1776,0.1777,0.1759,0.1774
CVCUSDT,15,1652629500,0.1774,0.1776,0.1746,0.176
CVCUSDT,15,1652630400,0.176,0.1761,0.1737,0.1741
CVCUSDT,15,1652631300,0.1741,0.1742,0.1735,0.174
CVCUSDT,15,1652632200,0.174,0.1754,0.1719,0.1754
CVCUSDT,15,1652633100,0.1754,0.1757,0.1746,0.1755
CVCUSDT,15,1652634000,0.1755,0.1755,0.1747,0.175
CVCUSDT,15,1652634900,0.175,0.1755,0.1746,0.1746
CVCUSDT,15,1652635800,0.1746,0.175,0.1736,0.1749
CVCUSDT,15,1652636700,0.1749,0.1754,0.1739,0.1749
CVCUSDT,15,1652637600,0.1749,0.1768,0.1744,0.1756
CVCUSDT,15,1652638500,0.1756,0.1763,0.1735,0.1735
CVCUSDT,15,1652639400,0.1735,0.1765,0.1727,0.1765
CVCUSDT,15,1652640300,0.1765,0.1768,0.1753,0.1757
CVCUSDT,15,1652641200,0.1757,0.1757,0.1748,0.1749
CVCUSDT,15,1652642100,0.1749,0.1763,0.1749,0.175
CVCUSDT,15,1652643000,0.175,0.1765,0.175,0.1763
CVCUSDT,15,1652643900,0.1763,0.1768,0.1758,0.1768
CVCUSDT,15,1652644800,0.1768,0.1788,0.1762,0.1779
CVCUSDT,15,1652645700,0.1779,0.1785,0.177,0.1778
CVCUSDT,15,1652646600,0.1778,0.1796,0.1773,0.1794
CVCUSDT,15,1652647500,0.1794,0.1807,0.1794,0.1803
CVCUSDT,15,1652648400,0.1803,0.1809,0.1798,0.1801
CVCUSDT,15,1652649300,0.1801,0.1801,0.1785,0.1797
CVCUSDT,15,1652650200,0.1797,0.1811,0.1791,0.181
CVCUSDT,15,1652651100,0.181,0.1827,0.181,0.1827
CVCUSDT,15,1669935600,0.10402,0.10402,0.10396,0.10396
CVCUSDT,15,1669935600,0.10402,0.10402,0.10388,0.10388
CVCUSDT,1,1669935600,0.10402,0.10402,0.10396,0.10396
CVCUSDT,1,1669935660,0.10396,0.10396,0.1039,0.1039
CVCUSDT,1,1669935720,0.1039,0.1039,0.1039,0.1039
CVCUSDT,1,1669935780,0.1039,0.1039,0.1039,0.1039
CVCUSDT,1,1669935840,0.1039,0.1039,0.10388,0.10388
CVCUSDT,1,1669935900,0.10388,0.10388,0.10388,0.10388
