symbol,period,start_at,open,high,low,close
MTLUSDT,15,1652565600,1.084,1.085,1.078,1.079
MTLUSDT,15,1652566500,1.079,1.085,1.079,1.082
MTLUSDT,15,1652567400,1.082,1.095,1.079,1.095
MTLUSDT,15,1652568300,1.095,1.109,1.095,1.106
MTLUSDT,15,1652569200,1.106,1.107,1.094,1.094
MTLUSDT,15,1652570100,1.094,1.111,1.093,1.109
MTLUSDT,15,1652571000,1.109,1.118,1.105,1.117
MTLUSDT,15,1652571900,1.117,1.125,1.115,1.12
MTLUSDT,15,1652572800,1.12,1.161,1.109,1.147
MTLUSDT,15,1652573700,1.147,1.185,1.134,1.172
MTLUSDT,15,1652574600,1.172,1.201,1.156,1.172
MTLUSDT,15,1652575500,1.172,1.222,1.162,1.219
MTLUSDT,15,1652576400,1.219,1.272,1.208,1.268
MTLUSDT,15,1652577300,1.268,1.296,1.231,1.243
MTLUSDT,15,1652578200,1.243,1.285,1.232,1.271
MTLUSDT,15,1652579100,1.271,1.274,1.256,1.257
MTLUSDT,15,1652580000,1.257,1.268,1.239,1.244
MTLUSDT,15,1652580900,1.244,1.247,1.234,1.237
MTLUSDT,15,1652581800,1.237,1.238,1.201,1.208
MTLUSDT,15,1652582700,1.208,1.231,1.208,1.223
MTLUSDT,15,1652583600,1.223,1.24,1.223,1.231
MTLUSDT,15,1652584500,1.231,1.239,1.216,1.231
MTLUSDT,15,1652585400,1.231,1.253,1.222,1.243
MTLUSDT,15,1652586300,1.243,1.269,1.24,1.26
MTLUSDT,15,1652587200,1.26,1.264,1.244,1.245
MTLUSDT,15,1652588100,1.245,1.247,1.235,1.246
MTLUSDT,15,1652589000,1.246,1.252,1.234,1.245
MTLUSDT,15,1652589900,1.245,1.266,1.245,1.262
MTLUSDT,15,1652590800,1.262,1.281,1.256,1.268
MTLUSDT,15,1652591700,1.268,1.304,1.262,1.303
MTLUSDT,15,1652592600,1.303,1.318,1.29,1.304
MTLUSDT,15,1652593500,1.304,1.305,1.275,1.283
MTLUSDT,15,1652594400,1.283,1.29,1.271,1.271
MTLUSDT,15,1652595300,1.271,1.286,1.271,1.276
MTLUSDT,15,1652596200,1.276,1.283,1.268,1.281
MTLUSDT,15,1652597100,1.281,1.296,1.277,1.29
MTLUSDT,15,1652598000,1.29,1.293,1.275,1.277
MTLUSDT,15,1652598900,1.277,1.291,1.27,1.282
MTLUSDT,15,1652599800,1.282,1.306,1.28,1.294
MTLUSDT,15,1652600700,1.294,1.325,1.28,1.309
MTLUSDT,15,1652601600,1.309,1.314,1.289,1.299
MTLUSDT,15,1652602500,1.299,1.363,1.299,1.342
MTLUSDT,15,1652603400,1.342,1.381,1.342,1.367
MTLUSDT,15,1652604300,1.367,1.373,1.341,1.347
MTLUSDT,15,1652605200,1.347,1.359,1.317,1.32
MTLUSDT,15,1652606100,1.32,1.345,1.319,1.332
MTLUSDT,15,1652607000,1.332,1.343,1.319,1.323
MTLUSDT,15,1652607900,1.323,1.33,1.321,1.329
MTLUSDT,15,1652608800,1.329,1.343,1.323,1.323
MTLUSDT,15,1652609700,1.323,1.332,1.319,1.324
MTLUSDT,15,1652610600,1.324,1.335,1.313,1.331
MTLUSDT,15,1652611500,1.331,1.359,1.328,1.353
MTLUSDT,15,1652612400,1.353,1.363,1.34,1.341
MTLUSDT,15,1652613300,1.341,1.343,1.33,1.341
MTLUSDT,15,1652614200,1.341,1.35,1.335,1.341
MTLUSDT,15,1652615100,1.341,1.358,1.34,1.346
MTLUSDT,15,1652616000,1.346,1.35,1.284,1.296
MTLUSDT,15,1652616900,1.296,1.302,1.293,1.302
MTLUSDT,15,1652617800,1.302,1.302,1.283,1.298
MTLUSDT,15,1652618700,1.298,1.307,1.29,1.297
MTLUSDT,15,1652619600,1.297,1.298,1.264,1.281
MTLUSDT,15,1652620500,1.281,1.282,1.266,1.273
MTLUSDT,15,1652621400,1.273,1.292,1.266,1.277
MTLUSDT,15,1652622300,1.277,1.279,1.27,1.271
MTLUSDT,15,1652623200,1.271,1.276,1.257,1.268
MTLUSDT,15,1652624100,1.268,1.28,1.266,1.273
MTLUSDT,15,1652625000,1.273,1.289,1.266,1.283
MTLUSDT,15,1652625900,1.283,1.286,1.27,1.272
MTLUSDT,15,1652626800,1.272,1.285,1.271,1.279
MTLUSDT,15,1652627700,1.279,1.28,1.264,1.266
MTLUSDT,15,1652628600,1.266,1.266,1.241,1.244
MTLUSDT,15,1652629500,1.244,1.251,1.238,1.247
MTLUSDT,15,1652630400,1.247,1.258,1.232,1.24
MTLUSDT,15,1652631300,1.24,1.243,1.236,1.243
MTLUSDT,15,1652632200,1.243,1.262,1.236,1.259
MTLUSDT,15,1652633100,1.259,1.259,1.248,1.251
MTLUSDT,15,1652634000,1.251,1.26,1.24,1.26
MTLUSDT,15,1652634900,1.26,1.263,1.253,1.257
MTLUSDT,15,1652635800,1.257,1.262,1.249,1.262
MTLUSDT,15,1652636700,1.262,1.278,1.257,1.26
MTLUSDT,15,1652637600,1.26,1.274,1.246,1.274
MTLUSDT,15,1652638500,1.274,1.291,1.272,1.281
MTLUSDT,15,1652639400,1.281,1.346,1.277,1.345
MTLUSDT,15,1652640300,1.345,1.364,1.328,1.337
MTLUSDT,15,1652641200,1.337,1.35,1.33,1.334
MTLUSDT,15,1652642100,1.334,1.35,1.323,1.335
MTLUSDT,15,1652643000,1.335,1.351,1.331,1.348
MTLUSDT,15,1652643900,1.348,1.383,1.348,1.368
MTLUSDT,15,1652644800,1.368,1.39,1.35,1.381
MTLUSDT,15,1652645700,1.381,1.384,1.363,1.367
MTLUSDT,15,1652646600,1.367,1.378,1.353,1.369
MTLUSDT,15,1652647500,1.369,1.37,1.356,1.36
MTLUSDT,15,1652648400,1.36,1.369,1.354,1.365
MTLUSDT,15,1652649300,1.365,1.369,1.358,1.365
MTLUSDT,15,1652650200,1.365,1.365,1.346,1.349
MTLUSDT,15,1652651100,1.349,1.364,1.343,1.362
MTLUSDT,15,1669935600,0.758,0.759,0.758,0.759
MTLUSDT,15,1669935600,0.758,0.759,0.758,0.758
MTLUSDT,1,1669935600,0.758,0.758,0.758,0.758
MTLUSDT,1,1669935660,0.758,0.759,0.758,0.759
MTLUSDT,1,1669935720,0.759,0.759,0.759,0.759
MTLUSDT,1,1669935780,0.759,0.759,0.759,0.759
MTLUSDT,1,1669935840,0.759,0.759,0.758,0.759
MTLUSDT,1,1669935900,0.759,0.759,0.758,0.759
