symbol,period,start_at,open,high,low,close
SLPUSDT,15,1652565600,0.0053,0.00533,0.00525,0.00527
SLPUSDT,15,1652566500,0.00527,0.00528,0.00526,0.00527
SLPUSDT,15,1652567400,0.00527,0.00527,0.00523,0.00524
SLPUSDT,15,1652568300,0.00524,0.00546,0.00524,0.00545
SLPUSDT,15,1652569200,0.00545,0.00551,0.00535,0.00536
SLPUSDT,15,1652570100,0.00536,0.00541,0.00536,0.0054
SLPUSDT,15,1652571000,0.0054,0.00551,0.00539,0.00551
SLPUSDT,15,1652571900,0.00551,0.0056,0.00546,0.00546
SLPUSDT,15,1652572800,0.00546,0.00548,0.00541,0.00541
SLPUSDT,15,1652573700,0.00541,0.00551,0.00541,0.00548
SLPUSDT,15,1652574600,0.00548,0.00548,0.00538,0.00539
SLPUSDT,15,1652575500,0.00539,0.00539,0.0053,0.00531
SLPUSDT,15,1652576400,0.00531,0.00535,0.00526,0.00526
SLPUSDT,15,1652577300,0.00526,0.0053,0.00526,0.0053
SLPUSDT,15,1652578200,0.0053,0.00531,0.00526,0.00526
SLPUSDT,15,1652579100,0.00526,0.00529,0.00525,0.00526
SLPUSDT,15,1652580000,0.00526,0.00531,0.00518,0.00518
SLPUSDT,15,1652580900,0.00518,0.00519,0.00513,0.00519
SLPUSDT,15,1652581800,0.00519,0.00519,0.00514,0.00515
SLPUSDT,15,1652582700,0.00515,0.00517,0.00514,0.00515
SLPUSDT,15,1652583600,0.00515,0.0052,0.00515,0.00515
SLPUSDT,15,1652584500,0.00515,0.00516,0.00507,0.00508
SLPUSDT,15,1652585400,0.00508,0.00513,0.00507,0.00511
SLPUSDT,15,1652586300,0.00511,0.00518,0.0051,0.00518
SLPUSDT,15,1652587200,0.00518,0.00524,0.00518,0.00523
SLPUSDT,15,1652588100,0.00523,0.00526,0.00523,0.00524
SLPUSDT,15,1652589000,0.00524,0.00525,0.00515,0.00516
SLPUSDT,15,1652589900,0.00516,0.00516,0.00515,0.00516
SLPUSDT,15,1652590800,0.00516,0.00517,0.00511,0.00511
SLPUSDT,15,1652591700,0.00511,0.00517,0.00511,0.00517
SLPUSDT,15,1652592600,0.00517,0.00523,0.00516,0.00523
SLPUSDT,15,1652593500,0.00523,0.00537,0.00523,0.00536
SLPUSDT,15,1652594400,0.00536,0.00539,0.00528,0.00531
SLPUSDT,15,1652595300,0.00531,0.00536,0.00526,0.00536
SLPUSDT,15,1652596200,0.00536,0.00536,0.0053,0.00531
SLPUSDT,15,1652597100,0.00531,0.00541,0.0053,0.0054
SLPUSDT,15,1652598000,0.0054,0.00545,0.00537,0.00542
SLPUSDT,15,1652598900,0.00542,0.0055,0.00534,0.00538
SLPUSDT,15,1652599800,0.00538,0.00538,0.00535,0.00538
SLPUSDT,15,1652600700,0.00538,0.00538,0.00533,0.00534
SLPUSDT,15,1652601600,0.00534,0.00534,0.00528,0.00529
SLPUSDT,15,1652602500,0.00529,0.0053,0.00527,0.00528
SLPUSDT,15,1652603400,0.00528,0.0053,0.00526,0.00529
SLPUSDT,15,1652604300,0.00529,0.00529,0.0052,0.00521
SLPUSDT,15,1652605200,0.00521,0.00523,0.00521,0.00523
SLPUSDT,15,1652606100,0.00523,0.00527,0.00522,0.00526
SLPUSDT,15,1652607000,0.00526,0.00533,0.00526,0.00532
SLPUSDT,15,1652607900,0.00532,0.00538,0.00532,0.00537
SLPUSDT,15,1652608800,0.00537,0.00543,0.00535,0.00536
SLPUSDT,15,1652609700,0.00536,0.00538,0.00535,0.00535
SLPUSDT,15,1652610600,0.00535,0.00538,0.00533,0.00537
SLPUSDT,15,1652611500,0.00537,0.00553,0.00537,0.00553
SLPUSDT,15,1652612400,0.00553,0.00553,0.00547,0.0055
SLPUSDT,15,1652613300,0.0055,0.0055,0.00541,0.00546
SLPUSDT,15,1652614200,0.00546,0.00554,0.00544,0.00553
SLPUSDT,15,1652615100,0.00553,0.00561,0.00552,0.00559
SLPUSDT,15,1652616000,0.00559,0.00569,0.00556,0.00556
SLPUSDT,15,1652616900,0.00556,0.00566,0.00551,0.00553
SLPUSDT,15,1652617800,0.00553,0.00553,0.00546,0.00551
SLPUSDT,15,1652618700,0.00551,0.00553,0.00546,0.00547
SLPUSDT,15,1652619600,0.00547,0.00548,0.00543,0.00548
SLPUSDT,15,1652620500,0.00548,0.00548,0.00538,0.00538
SLPUSDT,15,1652621400,0.00538,0.00541,0.00536,0.00536
SLPUSDT,15,1652622300,0.00536,0.00537,0.00535,0.00535
SLPUSDT,15,1652623200,0.00535,0.00536,0.00525,0.00528
SLPUSDT,15,1652624100,0.00528,0.00531,0.00522,0.00523
SLPUSDT,15,1652625000,0.00523,0.0053,0.0052,0.00528
SLPUSDT,15,1652625900,0.00528,0.0053,0.00527,0.00527
SLPUSDT,15,1652626800,0.00527,0.00541,0.00527,0.00539
SLPUSDT,15,1652627700,0.00539,0.00539,0.00533,0.00535
SLPUSDT,15,1652628600,0.00535,0.00535,0.00528,0.00528
SLPUSDT,15,1652629500,0.00528,0.0053,0.00525,0.00527
SLPUSDT,15,1652630400,0.00527,0.00534,0.00527,0.00528
SLPUSDT,15,1652631300,0.00528,0.00534,0.00528,0.00533
SLPUSDT,15,1652632200,0.00533,0.00543,0.00533,0.00543
SLPUSDT,15,1652633100,0.00543,0.00543,0.00538,0.00539
SLPUSDT,15,1652634000,0.00539,0.0054,0.00531,0.00532
SLPUSDT,15,1652634900,0.00532,0.00536,0.00531,0.00535
SLPUSDT,15,1652635800,0.00535,0.00536,0.00528,0.00528
SLPUSDT,15,1652636700,0.00528,0.00529,0.00524,0.00525
SLPUSDT,15,1652637600,0.00525,0.00527,0.00523,0.00524
SLPUSDT,15,1652638500,0.00524,0.00531,0.00524,0.0053
SLPUSDT,15,1652639400,0.0053,0.00537,0.0053,0.00536
SLPUSDT,15,1652640300,0.00536,0.00544,0.00535,0.00541
SLPUSDT,15,1652641200,0.00541,0.00554,0.00539,0.00543
SLPUSDT,15,1652642100,0.00543,0.00545,0.00542,0.00545
SLPUSDT,15,1652643000,0.00545,0.00553,0.00545,0.00552
SLPUSDT,15,1652643900,0.00552,0.00558,0.0055,0.00555
SLPUSDT,15,1652644800,0.00555,0.00571,0.00548,0.00563
SLPUSDT,15,1652645700,0.00563,0.00565,0.00556,0.00557
SLPUSDT,15,1652646600,0.00557,0.00559,0.00553,0.00558
SLPUSDT,15,1652647500,0.00558,0.00566,0.00558,0.00566
SLPUSDT,15,1652648400,0.00566,0.00573,0.00563,0.00563
SLPUSDT,15,1652649300,0.00563,0.00564,0.00559,0.00561
SLPUSDT,15,1652650200,0.00561,0.00561,0.00556,0.00558
SLPUSDT,15,1652651100,0.00558,0.00563,0.00556,0.00561
SLPUSDT,15,1669935600,0.00258,0.00258,0.00257,0.00257
SLPUSDT,15,1669935600,0.00258,0.00258,0.00257,0.00257
SLPUSDT,1,1669935600,0.00258,0.00258,0.00257,0.00257
SLPUSDT,1,1669935660,0.00257,0.00257,0.00257,0.00257
SLPUSDT,1,1669935720,0.00257,0.00257,0.00257,0.00257
SLPUSDT,1,1669935780,0.00257,0.00257,0.00257,0.00257
SLPUSDT,1,1669935840,0.00257,0.00257,0.00257,0.00257
SLPUSDT,1,1669935900,0.00257,0.00257,0.00257,0.00257
