symbol,period,start_at,open,high,low,close
LRCUSDT,15,1652565600,0.4654,0.4673,0.4632,0.4668
LRCUSDT,15,1652566500,0.4668,0.4677,0.4647,0.4652
LRCUSDT,15,1652567400,0.4652,0.4659,0.4624,0.4644
LRCUSDT,15,1652568300,0.4644,0.4772,0.4635,0.4746
LRCUSDT,15,1652569200,0.4746,0.4766,0.4712,0.4716
LRCUSDT,15,1652570100,0.4716,0.4761,0.4709,0.4758
LRCUSDT,15,1652571000,0.4758,0.4788,0.474,0.4786
LRCUSDT,15,1652571900,0.4786,0.4807,0.4754,0.4768
LRCUSDT,15,1652572800,0.4768,0.4801,0.4729,0.4747
LRCUSDT,15,1652573700,0.4747,0.4839,0.4747,0.4828
LRCUSDT,15,1652574600,0.4828,0.4837,0.478,0.4788
LRCUSDT,15,1652575500,0.4788,0.4789,0.4734,0.4741
LRCUSDT,15,1652576400,0.4741,0.4747,0.4689,0.4696
LRCUSDT,15,1652577300,0.4696,0.4706,0.4665,0.4665
LRCUSDT,15,1652578200,0.4665,0.4677,0.4627,0.467
LRCUSDT,15,1652579100,0.467,0.4695,0.4661,0.4688
LRCUSDT,15,1652580000,0.4688,0.4718,0.4634,0.4642
LRCUSDT,15,1652580900,0.4642,0.4645,0.4575,0.4581
LRCUSDT,15,1652581800,0.4581,0.4587,0.454,0.4544
LRCUSDT,15,1652582700,0.4544,0.4592,0.453,0.4585
LRCUSDT,15,1652583600,0.4585,0.4612,0.4585,0.46
LRCUSDT,15,1652584500,0.46,0.4603,0.4561,0.4568
LRCUSDT,15,1652585400,0.4568,0.4586,0.4554,0.4577
LRCUSDT,15,1652586300,0.4577,0.4601,0.4577,0.4598
LRCUSDT,15,1652587200,0.4598,0.4639,0.4579,0.4636
LRCUSDT,15,1652588100,0.4636,0.4653,0.463,0.4636
LRCUSDT,15,1652589000,0.4636,0.4645,0.4603,0.4621
LRCUSDT,15,1652589900,0.4621,0.465,0.4617,0.4644
LRCUSDT,15,1652590800,0.4644,0.4651,0.4624,0.4644
LRCUSDT,15,1652591700,0.4644,0.4685,0.4632,0.4679
LRCUSDT,15,1652592600,0.4679,0.4745,0.4679,0.4745
LRCUSDT,15,1652593500,0.4745,0.4772,0.4731,0.4746
LRCUSDT,15,1652594400,0.4746,0.4767,0.4739,0.4743
LRCUSDT,15,1652595300,0.4743,0.4776,0.4733,0.4772
LRCUSDT,15,1652596200,0.4772,0.4773,0.4744,0.4744
LRCUSDT,15,1652597100,0.4744,0.4783,0.4741,0.4776
LRCUSDT,15,1652598000,0.4776,0.4877,0.4776,0.4876
LRCUSDT,15,1652598900,0.4876,0.4925,0.4855,0.4925
LRCUSDT,15,1652599800,0.4925,0.5002,0.4838,0.4855
LRCUSDT,15,1652600700,0.4855,0.4855,0.4756,0.477
LRCUSDT,15,1652601600,0.477,0.4779,0.4702,0.4704
LRCUSDT,15,1652602500,0.4704,0.4741,0.4687,0.4709
LRCUSDT,15,1652603400,0.4709,0.4732,0.4705,0.4725
LRCUSDT,15,1652604300,0.4725,0.4725,0.4684,0.4685
LRCUSDT,15,1652605200,0.4685,0.4704,0.4676,0.4677
LRCUSDT,15,1652606100,0.4677,0.4755,0.4674,0.4731
LRCUSDT,15,1652607000,0.4731,0.4752,0.4723,0.475
LRCUSDT,15,1652607900,0.475,0.4786,0.4748,0.4784
LRCUSDT,15,1652608800,0.4784,0.4787,0.4718,0.4726
LRCUSDT,15,1652609700,0.4726,0.4753,0.4716,0.4746
LRCUSDT,15,1652610600,0.4746,0.4759,0.4731,0.4748
LRCUSDT,15,1652611500,0.4748,0.4799,0.4742,0.4799
LRCUSDT,15,1652612400,0.4799,0.4825,0.4789,0.4801
LRCUSDT,15,1652613300,0.4801,0.4822,0.4772,0.4816
LRCUSDT,15,1652614200,0.4816,0.4887,0.4808,0.486
LRCUSDT,15,1652615100,0.486,0.4899,0.4852,0.486
LRCUSDT,15,1652616000,0.486,0.49,0.4853,0.4859
LRCUSDT,15,1652616900,0.4859,0.4931,0.483,0.483
LRCUSDT,15,1652617800,0.483,0.4845,0.4795,0.4844
LRCUSDT,15,1652618700,0.4844,0.4858,0.4821,0.4833
LRCUSDT,15,1652619600,0.4833,0.4833,0.4794,0.4823
LRCUSDT,15,1652620500,0.4823,0.4836,0.4769,0.4789
LRCUSDT,15,1652621400,0.4789,0.4796,0.4767,0.4773
LRCUSDT,15,1652622300,0.4773,0.4779,0.4751,0.4767
LRCUSDT,15,1652623200,0.4767,0.4773,0.4717,0.4729
LRCUSDT,15,1652624100,0.4729,0.4734,0.4673,0.4691
LRCUSDT,15,1652625000,0.4691,0.4711,0.4655,0.471
LRCUSDT,15,1652625900,0.471,0.4732,0.4708,0.4732
LRCUSDT,15,1652626800,0.4732,0.4824,0.4729,0.4816
LRCUSDT,15,1652627700,0.4816,0.4816,0.4772,0.4773
LRCUSDT,15,1652628600,0.4773,0.4773,0.4711,0.473
LRCUSDT,15,1652629500,0.473,0.4739,0.4683,0.4727
LRCUSDT,15,1652630400,0.4727,0.4753,0.4714,0.4721
LRCUSDT,15,1652631300,0.4721,0.4756,0.4721,0.4753
LRCUSDT,15,1652632200,0.4753,0.4829,0.4741,0.4822
LRCUSDT,15,1652633100,0.4822,0.4825,0.4793,0.4812
LRCUSDT,15,1652634000,0.4812,0.4826,0.4783,0.4824
LRCUSDT,15,1652634900,0.4824,0.4852,0.482,0.4852
LRCUSDT,15,1652635800,0.4852,0.4857,0.48,0.4807
LRCUSDT,15,1652636700,0.4807,0.4814,0.479,0.4811
LRCUSDT,15,1652637600,0.4811,0.4895,0.479,0.4895
LRCUSDT,15,1652638500,0.4895,0.4926,0.4878,0.4912
LRCUSDT,15,1652639400,0.4912,0.5006,0.4895,0.4958
LRCUSDT,15,1652640300,0.4958,0.4966,0.4888,0.4897
LRCUSDT,15,1652641200,0.4897,0.4903,0.4871,0.4883
LRCUSDT,15,1652642100,0.4883,0.4894,0.4845,0.485
LRCUSDT,15,1652643000,0.485,0.4884,0.485,0.4881
LRCUSDT,15,1652643900,0.4881,0.4934,0.4881,0.4934
LRCUSDT,15,1652644800,0.4934,0.4968,0.487,0.4959
LRCUSDT,15,1652645700,0.4959,0.4973,0.4934,0.4962
LRCUSDT,15,1652646600,0.4962,0.5,0.4945,0.4997
LRCUSDT,15,1652647500,0.4997,0.503,0.4977,0.5024
LRCUSDT,15,1652648400,0.5024,0.5051,0.5008,0.501
LRCUSDT,15,1652649300,0.501,0.501,0.4965,0.4965
LRCUSDT,15,1652650200,0.4965,0.4993,0.495,0.498
LRCUSDT,15,1652651100,0.498,0.5034,0.498,0.5029
LRCUSDT,15,1669935600,0.2583,0.2602,0.2583,0.2601
LRCUSDT,15,1669935600,0.2583,0.2602,0.2583,0.2589
LRCUSDT,1,1669935600,0.2583,0.2595,0.2583,0.2595
LRCUSDT,1,1669935660,0.2595,0.2602,0.2595,0.26
LRCUSDT,1,1669935720,0.26,0.2601,0.2594,0.2594
LRCUSDT,1,1669935780,0.2594,0.2595,0.259,0.259
LRCUSDT,1,1669935840,0.259,0.259,0.2589,0.2589
LRCUSDT,1,1669935900,0.2589,0.259,0.2589,0.259
