symbol,interval,open_time,open,high,low,close,volume,turnover
ETHUSD,15,1652565600,2024.95,2033,2018.55,2032.8,1683690,831.19224606
ETHUSD,15,1652566500,2032.8,2034.05,2022.55,2023.75,1482738,731.08125271
ETHUSD,15,1652567400,2023.75,2029.5,2019.6,2029.4,2302157,1137.11311641
ETHUSD,15,1652568300,2029.4,2061.2,2028,2051.95,7261227,3547.66636371
ETHUSD,15,1652569200,2051.95,2059.35,2043.2,2043.95,4231550,2061.08631026
ETHUSD,15,1652570100,2043.95,2053.35,2038.9,2049.2,2505515,1224.40420596
ETHUSD,15,1652571000,2049.2,2056.65,2044,2056.4,3479357,1695.60787274
ETHUSD,15,1652571900,2056.4,2063.35,2048.1,2052.05,2433850,1184.26210737
ETHUSD,15,1652572800,2052.05,2058.65,2042.45,2046.75,6882041,3362.94787016
ETHUSD,15,1652573700,2046.75,2075.9,2046.7,2065.5,6059367,2930.68390486
ETHUSD,15,1652574600,2065.5,2067,2052,2053.2,3395469,1649.8802195
ETHUSD,15,1652575500,2053.2,2053.2,2046,2049.85,1422319,694.2468102
ETHUSD,15,1652576400,2049.85,2052.8,2033.15,2036.2,1921930,941.67884317
ETHUSD,15,1652577300,2036.2,2039.4,2032.5,2032.5,1346796,661.58431889
ETHUSD,15,1652578200,2032.5,2038.25,2028.3,2036.05,1714471,843.2632697
ETHUSD,15,1652579100,2036.05,2042.75,2035.15,2036.2,1725569,845.64020583
ETHUSD,15,1652580000,2036.2,2045.55,2024.5,2025.4,3464095,1705.57795406
ETHUSD,15,1652580900,2025.4,2032.45,2020.3,2026,8163661,4027.87011404
ETHUSD,15,1652581800,2026,2027.85,2021.25,2022.6,1291377,637.77660947
ETHUSD,15,1652582700,2022.6,2028.95,2017.8,2028.15,3164853,1565.46668977
ETHUSD,15,1652583600,2028.15,2030.65,2020,2021.8,1695077,837.77751336
ETHUSD,15,1652584500,2021.8,2022.7,1997.25,2002.2,10759004,5352.28270098
ETHUSD,15,1652585400,2002.2,2009.7,1996.2,2007.7,3191359,1591.39678317
ETHUSD,15,1652586300,2007.7,2011.85,2006.65,2010.1,1372697,683.20154909
ETHUSD,15,1652587200,2010.1,2017.95,2006.6,2016.35,1314105,653.19863492
ETHUSD,15,1652588100,2016.35,2017.85,2012.45,2013.9,419113,207.97632148
ETHUSD,15,1652589000,2013.9,2014.8,1998.3,2008.3,3247121,1618.93331691
ETHUSD,15,1652589900,2008.3,2013.7,2005.8,2010.85,739587,367.76594617
ETHUSD,15,1652590800,2010.85,2015,2002.05,2010.85,1136279,565.85400787
ETHUSD,15,1652591700,2010.85,2017.55,2009.1,2016.4,2010414,998.05447163
ETHUSD,15,1652592600,2016.4,2026.8,2012.45,2026.1,2607173,1289.97388119
ETHUSD,15,1652593500,2026.1,2032.9,2023.85,2028.85,4066117,2003.76085391
ETHUSD,15,1652594400,2028.85,2035.7,2023.55,2024.1,1473331,726.22997869
ETHUSD,15,1652595300,2024.1,2033.45,2020.4,2031.1,2052625,1013.08502021
ETHUSD,15,1652596200,2031.1,2032,2020.9,2021.7,712806,351.69172179
ETHUSD,15,1652597100,2021.7,2034.15,2018.45,2032.3,2504063,1235.12084715
ETHUSD,15,1652598000,2032.3,2045.6,2032.3,2040.75,4617316,2264.2929626
ETHUSD,15,1652598900,2040.75,2044.45,2035.5,2036.1,1230310,603.06374674
ETHUSD,15,1652599800,2036.1,2040,2032.45,2036.5,697078,342.27055296
ETHUSD,15,1652600700,2036.5,2038,2029.6,2033.5,1032646,507.8101595
ETHUSD,15,1652601600,2033.5,2036.15,2026.05,2026.8,955030,470.2520606
ETHUSD,15,1652602500,2026.8,2032.35,2020.25,2026.05,2120984,1046.7607947
ETHUSD,15,1652603400,2026.05,2030.5,2022.95,2026.75,1351285,666.6644689
ETHUSD,15,1652604300,2026.75,2027,2012.75,2017.7,6068915,3007.00368202
ETHUSD,15,1652605200,2017.7,2021.75,2015.85,2016.45,2356954,1167.19979989
ETHUSD,15,1652606100,2016.45,2030.45,2015.6,2026.65,1677741,829.03820206
ETHUSD,15,1652607000,2026.65,2032.35,2025.05,2031.4,560750,276.57613029
ETHUSD,15,1652607900,2031.4,2035,2027.3,2031.9,307819,151.5520192
ETHUSD,15,1652608800,2031.9,2034.55,2021.25,2024.95,888141,437.93649012
ETHUSD,15,1652609700,2024.95,2029.2,2023.05,2028.85,708626,349.74476622
ETHUSD,15,1652610600,2028.85,2031.95,2022,2030.3,710634,350.47802443
ETHUSD,15,1652611500,2030.3,2051.1,2028.85,2050.6,4898261,2394.79440647
ETHUSD,15,1652612400,2050.6,2054.6,2046.8,2049.8,1595074,777.61536676
ETHUSD,15,1652613300,2049.8,2064,2043.8,2057.1,2652361,1290.66912889
ETHUSD,15,1652614200,2057.1,2082.8,2055.55,2069.3,5845301,2819.34566664
ETHUSD,15,1652615100,2069.3,2080.9,2069.25,2076.5,2863848,1379.82402828
ETHUSD,15,1652616000,2076.5,2091.85,2076.5,2080.55,6997054,3355.43037688
ETHUSD,15,1652616900,2080.55,2096.9,2076.6,2079,3312686,1587.43649253
ETHUSD,15,1652617800,2079,2086.25,2072.2,2084.05,3876744,1866.58425736
ETHUSD,15,1652618700,2084.05,2089.2,2075.8,2080.5,1510744,726.00363504
ETHUSD,15,1652619600,2080.5,2080.65,2068.5,2079.95,2909671,1401.50211337
ETHUSD,15,1652620500,2079.95,2081.55,2064.55,2068.45,1142130,551.46686288
ETHUSD,15,1652621400,2068.45,2070,2061.9,2066.3,2002459,969.79501459
ETHUSD,15,1652622300,2066.3,2069.95,2063,2066.6,1148378,555.79807117
ETHUSD,15,1652623200,2066.6,2069.2,2056.6,2060.65,3244853,1574.31479701
ETHUSD,15,1652624100,2060.65,2064.25,2053.4,2058.1,1949716,947.20082593
ETHUSD,15,1652625000,2058.1,2064.7,2051.4,2061.15,3130415,1521.44069981
ETHUSD,15,1652625900,2061.15,2067.1,2060.25,2064.6,1716533,831.58868466
ETHUSD,15,1652626800,2064.6,2081.2,2063,2074.1,10017900,4824.46323601
ETHUSD,15,1652627700,2074.1,2074.15,2058.45,2059.75,2446984,1184.84120293
ETHUSD,15,1652628600,2059.75,2060.55,2047.7,2051.5,12465704,6074.17326464
ETHUSD,15,1652629500,2051.5,2060.75,2044.45,2059.35,2479913,1208.24934272
ETHUSD,15,1652630400,2059.35,2065.5,2053.5,2055.4,1511464,733.87981566
ETHUSD,15,1652631300,2055.4,2070,2055.25,2067.15,726438,351.79910678
ETHUSD,15,1652632200,2067.15,2087,2062.5,2084.65,16031131,7728.93450805
ETHUSD,15,1652633100,2084.65,2085.9,2076.4,2080.15,1910270,917.87322733
ETHUSD,15,1652634000,2080.15,2088.8,2076.1,2086.6,2464953,1183.41597204
ETHUSD,15,1652634900,2086.6,2088.65,2079.2,2081.65,1707115,819.58567189
ETHUSD,15,1652635800,2081.65,2081.7,2069.3,2070.6,1479655,713.52908259
ETHUSD,15,1652636700,2070.6,2074.2,2063,2064.2,1216506,588.31656183
ETHUSD,15,1652637600,2064.2,2071.5,2062.75,2071.5,1096242,530.24635807
ETHUSD,15,1652638500,2071.5,2081.5,2071,2076.55,1841092,887.1294465
ETHUSD,15,1652639400,2076.55,2092.3,2074.3,2091.75,5096398,2442.79082934
ETHUSD,15,1652640300,2091.75,2094.3,2079.55,2085.45,1741786,834.59421203
ETHUSD,15,1652641200,2085.45,2089.9,2077.55,2079.8,1351253,648.66987918
ETHUSD,15,1652642100,2079.8,2082.9,2076.75,2077.45,839657,403.48505299
ETHUSD,15,1652643000,2077.45,2090,2077.45,2087.1,978110,468.79814687
ETHUSD,15,1652643900,2087.1,2103,2086.8,2101.35,2731653,1303.15237414
ETHUSD,15,1652644800,2101.35,2131.25,2093.1,2123.25,14387587,6803.51127292
ETHUSD,15,1652645700,2123.25,2131,2116,2118.95,8086804,3812.34347024
ETHUSD,15,1652646600,2118.95,2123.8,2113.85,2119.15,9006836,4251.74122455
ETHUSD,15,1652647500,2119.15,2129.7,2116.85,2128.7,2216718,1044.42665712
ETHUSD,15,1652648400,2128.7,2135.3,2121.2,2123.4,5312974,2497.12520398
ETHUSD,15,1652649300,2123.4,2123.4,2115,2116.1,2392391,1129.62711943
ETHUSD,15,1652650200,2116.1,2128.85,2115.4,2124,972423,458.35561978
ETHUSD,15,1652651100,2124,2132.45,2123,2131.5,1141336,536.31807765
