symbol,period,start_at,open,high,low,close
CROUSDT,15,1652565600,0.18448,0.18461,0.18406,0.18427
CROUSDT,15,1652566500,0.18427,0.18466,0.18387,0.18391
CROUSDT,15,1652567400,0.18391,0.18452,0.18344,0.18452
CROUSDT,15,1652568300,0.18452,0.19411,0.18452,0.18852
CROUSDT,15,1652569200,0.18852,0.18908,0.18706,0.18769
CROUSDT,15,1652570100,0.18769,0.18791,0.18642,0.18775
CROUSDT,15,1652571000,0.18775,0.18912,0.18746,0.18887
CROUSDT,15,1652571900,0.18887,0.18963,0.18832,0.189
CROUSDT,15,1652572800,0.189,0.19247,0.1884,0.18901
CROUSDT,15,1652573700,0.18901,0.19136,0.18901,0.18971
CROUSDT,15,1652574600,0.18971,0.19039,0.18832,0.18852
CROUSDT,15,1652575500,0.18852,0.18852,0.18794,0.18822
CROUSDT,15,1652576400,0.18822,0.18841,0.18728,0.18766
CROUSDT,15,1652577300,0.18766,0.18841,0.18761,0.18763
CROUSDT,15,1652578200,0.18763,0.18788,0.18705,0.18752
CROUSDT,15,1652579100,0.18752,0.18822,0.1873,0.1879
CROUSDT,15,1652580000,0.1879,0.18882,0.18661,0.18678
CROUSDT,15,1652580900,0.18678,0.18817,0.18571,0.18625
CROUSDT,15,1652581800,0.18625,0.18632,0.18574,0.18586
CROUSDT,15,1652582700,0.18586,0.18643,0.18566,0.18626
CROUSDT,15,1652583600,0.18626,0.18694,0.18573,0.18592
CROUSDT,15,1652584500,0.18592,0.18597,0.18398,0.18433
CROUSDT,15,1652585400,0.18433,0.18483,0.18385,0.18462
CROUSDT,15,1652586300,0.18462,0.18506,0.18457,0.18506
CROUSDT,15,1652587200,0.18506,0.18603,0.18494,0.18596
CROUSDT,15,1652588100,0.18596,0.18609,0.18558,0.18559
CROUSDT,15,1652589000,0.18559,0.18571,0.18414,0.18438
CROUSDT,15,1652589900,0.18438,0.18474,0.18407,0.18412
CROUSDT,15,1652590800,0.18412,0.18448,0.18362,0.18402
CROUSDT,15,1652591700,0.18402,0.18463,0.18401,0.18452
CROUSDT,15,1652592600,0.18452,0.18543,0.18424,0.18537
CROUSDT,15,1652593500,0.18537,0.18652,0.18505,0.18619
CROUSDT,15,1652594400,0.18619,0.18687,0.18602,0.18604
CROUSDT,15,1652595300,0.18604,0.18657,0.18565,0.1865
CROUSDT,15,1652596200,0.1865,0.18656,0.18611,0.18615
CROUSDT,15,1652597100,0.18615,0.18747,0.18583,0.18716
CROUSDT,15,1652598000,0.18716,0.18797,0.18655,0.18735
CROUSDT,15,1652598900,0.18735,0.18749,0.18648,0.18654
CROUSDT,15,1652599800,0.18654,0.1869,0.18634,0.18678
CROUSDT,15,1652600700,0.18678,0.18689,0.1856,0.18596
CROUSDT,15,1652601600,0.18596,0.18629,0.18541,0.18557
CROUSDT,15,1652602500,0.18557,0.18577,0.18507,0.18544
CROUSDT,15,1652603400,0.18544,0.18604,0.18538,0.18588
CROUSDT,15,1652604300,0.18588,0.18661,0.18486,0.18524
CROUSDT,15,1652605200,0.18524,0.18567,0.1851,0.18529
CROUSDT,15,1652606100,0.18529,0.1865,0.18518,0.18616
CROUSDT,15,1652607000,0.18616,0.18755,0.18606,0.18677
CROUSDT,15,1652607900,0.18677,0.18731,0.18673,0.18714
CROUSDT,15,1652608800,0.18714,0.18728,0.18651,0.18668
CROUSDT,15,1652609700,0.18668,0.18671,0.1863,0.18635
CROUSDT,15,1652610600,0.18635,0.18687,0.18594,0.18687
CROUSDT,15,1652611500,0.18687,0.1891,0.18676,0.1891
CROUSDT,15,1652612400,0.1891,0.18942,0.1887,0.18875
CROUSDT,15,1652613300,0.18875,0.18962,0.18796,0.18944
CROUSDT,15,1652614200,0.18944,0.19147,0.18915,0.19061
CROUSDT,15,1652615100,0.19061,0.19435,0.1906,0.19168
CROUSDT,15,1652616000,0.19168,0.19369,0.19163,0.19308
CROUSDT,15,1652616900,0.19308,0.19434,0.19257,0.19266
CROUSDT,15,1652617800,0.19266,0.19308,0.1916,0.19308
CROUSDT,15,1652618700,0.19308,0.19347,0.19249,0.19292
CROUSDT,15,1652619600,0.19292,0.19349,0.19216,0.19347
CROUSDT,15,1652620500,0.19347,0.19369,0.19265,0.19274
CROUSDT,15,1652621400,0.19274,0.19276,0.19196,0.19199
CROUSDT,15,1652622300,0.19199,0.19255,0.1918,0.19199
CROUSDT,15,1652623200,0.19199,0.19216,0.19123,0.19162
CROUSDT,15,1652624100,0.19162,0.19164,0.19041,0.19073
CROUSDT,15,1652625000,0.19073,0.19107,0.18993,0.19104
CROUSDT,15,1652625900,0.19104,0.1915,0.19102,0.19135
CROUSDT,15,1652626800,0.19135,0.19338,0.19129,0.19314
CROUSDT,15,1652627700,0.19314,0.19314,0.19147,0.19186
CROUSDT,15,1652628600,0.19186,0.19194,0.19083,0.19104
CROUSDT,15,1652629500,0.19104,0.19123,0.18961,0.19045
CROUSDT,15,1652630400,0.19045,0.19145,0.19023,0.19072
CROUSDT,15,1652631300,0.19072,0.19219,0.19065,0.192
CROUSDT,15,1652632200,0.192,0.19366,0.19161,0.19347
CROUSDT,15,1652633100,0.19347,0.19369,0.19292,0.19331
CROUSDT,15,1652634000,0.19331,0.19455,0.19292,0.19436
CROUSDT,15,1652634900,0.19436,0.19486,0.19381,0.19396
CROUSDT,15,1652635800,0.19396,0.19396,0.1932,0.1933
CROUSDT,15,1652636700,0.1933,0.19342,0.19271,0.19285
CROUSDT,15,1652637600,0.19285,0.19297,0.19249,0.19297
CROUSDT,15,1652638500,0.19297,0.19342,0.19274,0.19279
CROUSDT,15,1652639400,0.19279,0.19457,0.19219,0.19457
CROUSDT,15,1652640300,0.19457,0.19477,0.19353,0.19393
CROUSDT,15,1652641200,0.19393,0.19446,0.19351,0.19362
CROUSDT,15,1652642100,0.19362,0.19403,0.1936,0.19376
CROUSDT,15,1652643000,0.19376,0.1945,0.19365,0.19441
CROUSDT,15,1652643900,0.19441,0.19649,0.19437,0.19614
CROUSDT,15,1652644800,0.19614,0.19994,0.19558,0.19837
CROUSDT,15,1652645700,0.19837,0.19934,0.19726,0.19861
CROUSDT,15,1652646600,0.19861,0.19869,0.19788,0.19813
CROUSDT,15,1652647500,0.19813,0.19967,0.19795,0.19937
CROUSDT,15,1652648400,0.19937,0.19993,0.19872,0.19899
CROUSDT,15,1652649300,0.19899,0.19913,0.1984,0.19889
CROUSDT,15,1652650200,0.19889,0.20318,0.19863,0.20008
CROUSDT,15,1652651100,0.20008,0.2035,0.19988,0.20237
CROUSDT,15,1669935600,0.06532,0.06534,0.06529,0.06532
CROUSDT,15,1669935600,0.06532,0.0654,0.06528,0.06539
CROUSDT,1,1669935600,0.06532,0.06532,0.06529,0.06532
CROUSDT,1,1669935660,0.06532,0.06534,0.06532,0.06532
CROUSDT,1,1669935720,0.06532,0.06532,0.06531,0.06531
CROUSDT,1,1669935780,0.06531,0.06531,0.06528,0.06528
CROUSDT,1,1669935840,0.06528,0.0654,0.06528,0.06539
CROUSDT,1,1669935900,0.06539,0.0654,0.06536,0.06538
