symbol,period,start_at,open,high,low,close
ZENUSDT,15,1652565600,20.78,20.8,20.64,20.68
ZENUSDT,15,1652566500,20.68,20.85,20.66,20.7
ZENUSDT,15,1652567400,20.7,20.79,20.57,20.63
ZENUSDT,15,1652568300,20.63,21.06,20.63,20.92
ZENUSDT,15,1652569200,20.92,21.02,20.8,20.95
ZENUSDT,15,1652570100,20.95,21.21,20.93,21.18
ZENUSDT,15,1652571000,21.18,21.38,21.11,21.27
ZENUSDT,15,1652571900,21.27,21.44,21.2,21.25
ZENUSDT,15,1652572800,21.25,21.35,21.04,21.08
ZENUSDT,15,1652573700,21.08,21.44,21.08,21.38
ZENUSDT,15,1652574600,21.38,21.44,21.11,21.29
ZENUSDT,15,1652575500,21.29,21.29,21.18,21.26
ZENUSDT,15,1652576400,21.26,21.3,20.95,21.08
ZENUSDT,15,1652577300,21.08,21.2,21.08,21.13
ZENUSDT,15,1652578200,21.13,21.18,20.92,21.05
ZENUSDT,15,1652579100,21.05,21.21,21.01,21.1
ZENUSDT,15,1652580000,21.1,21.21,20.71,20.74
ZENUSDT,15,1652580900,20.74,20.74,20.54,20.62
ZENUSDT,15,1652581800,20.62,20.69,20.59,20.6
ZENUSDT,15,1652582700,20.6,20.64,20.53,20.64
ZENUSDT,15,1652583600,20.64,20.69,20.51,20.52
ZENUSDT,15,1652584500,20.52,20.57,20.4,20.42
ZENUSDT,15,1652585400,20.42,20.55,20.4,20.55
ZENUSDT,15,1652586300,20.55,20.63,20.52,20.61
ZENUSDT,15,1652587200,20.61,20.92,20.6,20.88
ZENUSDT,15,1652588100,20.88,20.92,20.83,20.88
ZENUSDT,15,1652589000,20.88,20.89,20.73,20.86
ZENUSDT,15,1652589900,20.86,21.04,20.76,20.78
ZENUSDT,15,1652590800,20.78,20.88,20.62,20.65
ZENUSDT,15,1652591700,20.65,20.85,20.65,20.83
ZENUSDT,15,1652592600,20.83,21.04,20.82,21.04
ZENUSDT,15,1652593500,21.04,21.27,20.99,21.21
ZENUSDT,15,1652594400,21.21,21.27,21.16,21.16
ZENUSDT,15,1652595300,21.16,21.39,21.12,21.37
ZENUSDT,15,1652596200,21.37,21.4,21.3,21.4
ZENUSDT,15,1652597100,21.4,21.56,21.36,21.54
ZENUSDT,15,1652598000,21.54,21.68,21.47,21.49
ZENUSDT,15,1652598900,21.49,21.53,21.41,21.44
ZENUSDT,15,1652599800,21.44,21.45,21.34,21.39
ZENUSDT,15,1652600700,21.39,21.39,21.09,21.11
ZENUSDT,15,1652601600,21.11,21.12,20.89,20.89
ZENUSDT,15,1652602500,20.89,21.05,20.82,20.92
ZENUSDT,15,1652603400,20.92,21.11,20.9,21.08
ZENUSDT,15,1652604300,21.08,21.08,20.92,21.0
ZENUSDT,15,1652605200,21.0,21.02,20.88,20.89
ZENUSDT,15,1652606100,20.89,21.16,20.88,21.12
ZENUSDT,15,1652607000,21.12,21.14,20.98,21.02
ZENUSDT,15,1652607900,21.02,21.13,21.02,21.13
ZENUSDT,15,1652608800,21.13,21.13,20.95,20.99
ZENUSDT,15,1652609700,20.99,21.0,20.89,20.98
ZENUSDT,15,1652610600,20.98,21.02,20.92,21.0
ZENUSDT,15,1652611500,21.0,21.43,20.97,21.41
ZENUSDT,15,1652612400,21.41,21.42,21.34,21.37
ZENUSDT,15,1652613300,21.37,21.38,21.17,21.36
ZENUSDT,15,1652614200,21.36,21.66,21.36,21.62
ZENUSDT,15,1652615100,21.62,21.76,21.61,21.64
ZENUSDT,15,1652616000,21.64,21.79,21.6,21.79
ZENUSDT,15,1652616900,21.79,22.03,21.65,21.65
ZENUSDT,15,1652617800,21.65,21.65,21.38,21.42
ZENUSDT,15,1652618700,21.42,21.52,21.34,21.4
ZENUSDT,15,1652619600,21.4,21.4,21.25,21.31
ZENUSDT,15,1652620500,21.31,21.41,21.08,21.12
ZENUSDT,15,1652621400,21.12,21.12,21.01,21.06
ZENUSDT,15,1652622300,21.06,21.08,21.01,21.06
ZENUSDT,15,1652623200,21.06,21.08,20.83,20.94
ZENUSDT,15,1652624100,20.94,21.01,20.85,20.96
ZENUSDT,15,1652625000,20.96,21.21,20.82,21.21
ZENUSDT,15,1652625900,21.21,21.24,21.13,21.2
ZENUSDT,15,1652626800,21.2,21.49,21.2,21.48
ZENUSDT,15,1652627700,21.48,21.48,21.21,21.22
ZENUSDT,15,1652628600,21.22,21.23,21.09,21.18
ZENUSDT,15,1652629500,21.18,21.19,20.99,21.13
ZENUSDT,15,1652630400,21.13,21.2,21.05,21.11
ZENUSDT,15,1652631300,21.11,21.3,21.11,21.3
ZENUSDT,15,1652632200,21.3,21.59,21.26,21.57
ZENUSDT,15,1652633100,21.57,21.65,21.4,21.4
ZENUSDT,15,1652634000,21.4,21.45,21.33,21.38
ZENUSDT,15,1652634900,21.38,21.44,21.38,21.41
ZENUSDT,15,1652635800,21.41,21.42,20.97,20.98
ZENUSDT,15,1652636700,20.98,21.09,20.87,20.87
ZENUSDT,15,1652637600,20.87,20.87,20.7,20.76
ZENUSDT,15,1652638500,20.76,20.89,20.76,20.82
ZENUSDT,15,1652639400,20.82,21.0,20.82,20.97
ZENUSDT,15,1652640300,20.97,20.98,20.77,20.8
ZENUSDT,15,1652641200,20.8,20.89,20.77,20.79
ZENUSDT,15,1652642100,20.79,20.89,20.61,20.61
ZENUSDT,15,1652643000,20.61,20.84,20.6,20.8
ZENUSDT,15,1652643900,20.8,21.14,20.8,21.14
ZENUSDT,15,1652644800,21.14,21.54,21.13,21.51
ZENUSDT,15,1652645700,21.51,21.63,21.34,21.35
ZENUSDT,15,1652646600,21.35,21.48,21.31,21.44
ZENUSDT,15,1652647500,21.44,21.66,21.43,21.64
ZENUSDT,15,1652648400,21.64,21.68,21.55,21.57
ZENUSDT,15,1652649300,21.57,21.57,21.44,21.47
ZENUSDT,15,1652650200,21.47,21.48,21.4,21.46
ZENUSDT,15,1652651100,21.46,21.67,21.44,21.64
ZENUSDT,15,1669935600,10.21,10.25,10.21,10.25
ZENUSDT,15,1669935600,10.21,10.25,10.21,10.22
ZENUSDT,1,1669935600,10.21,10.22,10.21,10.22
ZENUSDT,1,1669935660,10.22,10.24,10.22,10.24
ZENUSDT,1,1669935720,10.24,10.25,10.24,10.24
ZENUSDT,1,1669935780,10.24,10.24,10.22,10.22
ZENUSDT,1,1669935840,10.22,10.22,10.22,10.22
ZENUSDT,1,1669935900,10.22,10.22,10.22,10.22
