symbol,period,start_at,open,high,low,close
TOMOUSDT,15,1652565600,0.623,0.6329,0.6229,0.6317
TOMOUSDT,15,1652566500,0.6317,0.633,0.6281,0.6299
TOMOUSDT,15,1652567400,0.6299,0.6348,0.629,0.6347
TOMOUSDT,15,1652568300,0.6347,0.6484,0.6346,0.644
TOMOUSDT,15,1652569200,0.644,0.6498,0.644,0.6485
TOMOUSDT,15,1652570100,0.6485,0.6566,0.6476,0.6559
TOMOUSDT,15,1652571000,0.6559,0.6661,0.653,0.6661
TOMOUSDT,15,1652571900,0.6661,0.6689,0.6603,0.6609
TOMOUSDT,15,1652572800,0.6609,0.6661,0.6572,0.6607
TOMOUSDT,15,1652573700,0.6607,0.6824,0.6604,0.6816
TOMOUSDT,15,1652574600,0.6816,0.6862,0.6753,0.6767
TOMOUSDT,15,1652575500,0.6767,0.6771,0.6729,0.6743
TOMOUSDT,15,1652576400,0.6743,0.6761,0.6678,0.6692
TOMOUSDT,15,1652577300,0.6692,0.6709,0.6575,0.6575
TOMOUSDT,15,1652578200,0.6575,0.66,0.6551,0.6581
TOMOUSDT,15,1652579100,0.6581,0.6634,0.6498,0.6501
TOMOUSDT,15,1652580000,0.6501,0.6551,0.6433,0.6435
TOMOUSDT,15,1652580900,0.6435,0.6435,0.6356,0.6371
TOMOUSDT,15,1652581800,0.6371,0.6371,0.63,0.63
TOMOUSDT,15,1652582700,0.63,0.632,0.6271,0.6292
TOMOUSDT,15,1652583600,0.6292,0.631,0.6252,0.6255
TOMOUSDT,15,1652584500,0.6255,0.6269,0.6192,0.6196
TOMOUSDT,15,1652585400,0.6196,0.6259,0.6194,0.6243
TOMOUSDT,15,1652586300,0.6243,0.629,0.624,0.628
TOMOUSDT,15,1652587200,0.628,0.6351,0.6253,0.635
TOMOUSDT,15,1652588100,0.635,0.6479,0.6338,0.6466
TOMOUSDT,15,1652589000,0.6466,0.6483,0.6374,0.6409
TOMOUSDT,15,1652589900,0.6409,0.6412,0.6307,0.632
TOMOUSDT,15,1652590800,0.632,0.634,0.6251,0.6279
TOMOUSDT,15,1652591700,0.6279,0.6343,0.6271,0.6339
TOMOUSDT,15,1652592600,0.6339,0.6495,0.6339,0.6491
TOMOUSDT,15,1652593500,0.6491,0.6563,0.6476,0.6551
TOMOUSDT,15,1652594400,0.6551,0.6592,0.6546,0.6563
TOMOUSDT,15,1652595300,0.6563,0.6688,0.6558,0.6649
TOMOUSDT,15,1652596200,0.6649,0.6773,0.6649,0.6762
TOMOUSDT,15,1652597100,0.6762,0.6859,0.675,0.6848
TOMOUSDT,15,1652598000,0.6848,0.6892,0.68,0.6801
TOMOUSDT,15,1652598900,0.6801,0.6838,0.6762,0.6762
TOMOUSDT,15,1652599800,0.6762,0.679,0.6745,0.677
TOMOUSDT,15,1652600700,0.677,0.677,0.6669,0.6683
TOMOUSDT,15,1652601600,0.6683,0.6694,0.6572,0.6576
TOMOUSDT,15,1652602500,0.6576,0.6578,0.6492,0.6492
TOMOUSDT,15,1652603400,0.6492,0.6515,0.6444,0.6479
TOMOUSDT,15,1652604300,0.6479,0.648,0.6407,0.6431
TOMOUSDT,15,1652605200,0.6431,0.6471,0.6409,0.6427
TOMOUSDT,15,1652606100,0.6427,0.6475,0.6425,0.6441
TOMOUSDT,15,1652607000,0.6441,0.6466,0.6435,0.6447
TOMOUSDT,15,1652607900,0.6447,0.6487,0.6434,0.6484
TOMOUSDT,15,1652608800,0.6484,0.6506,0.6428,0.6438
TOMOUSDT,15,1652609700,0.6438,0.6467,0.6426,0.6466
TOMOUSDT,15,1652610600,0.6466,0.6491,0.6444,0.6484
TOMOUSDT,15,1652611500,0.6484,0.6578,0.6433,0.6576
TOMOUSDT,15,1652612400,0.6576,0.6595,0.6555,0.656
TOMOUSDT,15,1652613300,0.656,0.661,0.652,0.6594
TOMOUSDT,15,1652614200,0.6594,0.664,0.6593,0.6603
TOMOUSDT,15,1652615100,0.6603,0.6657,0.6602,0.6642
TOMOUSDT,15,1652616000,0.6642,0.6702,0.664,0.6652
TOMOUSDT,15,1652616900,0.6652,0.6689,0.6619,0.6619
TOMOUSDT,15,1652617800,0.6619,0.662,0.6559,0.661
TOMOUSDT,15,1652618700,0.661,0.6624,0.6588,0.6609
TOMOUSDT,15,1652619600,0.6609,0.6612,0.655,0.6579
TOMOUSDT,15,1652620500,0.6579,0.6597,0.6511,0.6533
TOMOUSDT,15,1652621400,0.6533,0.655,0.6499,0.6499
TOMOUSDT,15,1652622300,0.6499,0.652,0.6463,0.647
TOMOUSDT,15,1652623200,0.647,0.648,0.6372,0.6399
TOMOUSDT,15,1652624100,0.6399,0.6403,0.635,0.6378
TOMOUSDT,15,1652625000,0.6378,0.6432,0.6366,0.6429
TOMOUSDT,15,1652625900,0.6429,0.646,0.6428,0.6441
TOMOUSDT,15,1652626800,0.6441,0.6509,0.6437,0.649
TOMOUSDT,15,1652627700,0.649,0.65,0.6423,0.6438
TOMOUSDT,15,1652628600,0.6438,0.6448,0.6406,0.6407
TOMOUSDT,15,1652629500,0.6407,0.6417,0.6357,0.6384
TOMOUSDT,15,1652630400,0.6384,0.6417,0.6367,0.6402
TOMOUSDT,15,1652631300,0.6402,0.6436,0.6392,0.6436
TOMOUSDT,15,1652632200,0.6436,0.6587,0.6423,0.6587
TOMOUSDT,15,1652633100,0.6587,0.6609,0.6568,0.66
TOMOUSDT,15,1652634000,0.66,0.6636,0.6571,0.6623
TOMOUSDT,15,1652634900,0.6623,0.6624,0.6553,0.6556
TOMOUSDT,15,1652635800,0.6556,0.6557,0.6353,0.6353
TOMOUSDT,15,1652636700,0.6353,0.6354,0.6195,0.6195
TOMOUSDT,15,1652637600,0.6195,0.6237,0.6137,0.6137
TOMOUSDT,15,1652638500,0.6137,0.6139,0.5992,0.5992
TOMOUSDT,15,1652639400,0.5992,0.6022,0.5891,0.5962
TOMOUSDT,15,1652640300,0.5962,0.5965,0.5872,0.5909
TOMOUSDT,15,1652641200,0.5909,0.5909,0.585,0.5879
TOMOUSDT,15,1652642100,0.5879,0.5923,0.5869,0.5877
TOMOUSDT,15,1652643000,0.5877,0.5973,0.5877,0.5959
TOMOUSDT,15,1652643900,0.5959,0.604,0.5959,0.6029
TOMOUSDT,15,1652644800,0.6029,0.6055,0.595,0.6033
TOMOUSDT,15,1652645700,0.6033,0.6122,0.6033,0.612
TOMOUSDT,15,1652646600,0.612,0.62,0.6099,0.619
TOMOUSDT,15,1652647500,0.619,0.6209,0.618,0.6193
TOMOUSDT,15,1652648400,0.6193,0.622,0.6182,0.6196
TOMOUSDT,15,1652649300,0.6196,0.6196,0.6149,0.6186
TOMOUSDT,15,1652650200,0.6186,0.6257,0.6177,0.6249
TOMOUSDT,15,1652651100,0.6249,0.6282,0.6247,0.6282
TOMOUSDT,15,1669935600,0.3293,0.3303,0.3292,0.3303
TOMOUSDT,15,1669935600,0.3293,0.3306,0.3292,0.3296
TOMOUSDT,1,1669935600,0.3293,0.3293,0.3292,0.3292
TOMOUSDT,1,1669935660,0.3292,0.3302,0.3292,0.3302
TOMOUSDT,1,1669935720,0.3302,0.3306,0.3302,0.3304
TOMOUSDT,1,1669935780,0.3304,0.3304,0.3303,0.3303
TOMOUSDT,1,1669935840,0.3303,0.3303,0.3295,0.3295
TOMOUSDT,1,1669935900,0.3295,0.3296,0.3295,0.3296
