symbol,period,start_at,open,high,low,close
MINAUSDT,15,1652565600,1.036,1.039,1.03,1.038
MINAUSDT,15,1652566500,1.038,1.04,1.037,1.039
MINAUSDT,15,1652567400,1.039,1.04,1.036,1.037
MINAUSDT,15,1652568300,1.037,1.095,1.037,1.09
MINAUSDT,15,1652569200,1.09,1.095,1.066,1.068
MINAUSDT,15,1652570100,1.068,1.083,1.067,1.083
MINAUSDT,15,1652571000,1.083,1.091,1.079,1.091
MINAUSDT,15,1652571900,1.091,1.098,1.088,1.098
MINAUSDT,15,1652572800,1.098,1.113,1.082,1.084
MINAUSDT,15,1652573700,1.084,1.123,1.083,1.118
MINAUSDT,15,1652574600,1.118,1.127,1.092,1.092
MINAUSDT,15,1652575500,1.092,1.092,1.08,1.081
MINAUSDT,15,1652576400,1.081,1.084,1.062,1.062
MINAUSDT,15,1652577300,1.062,1.069,1.062,1.064
MINAUSDT,15,1652578200,1.064,1.067,1.059,1.063
MINAUSDT,15,1652579100,1.063,1.077,1.062,1.074
MINAUSDT,15,1652580000,1.074,1.084,1.061,1.062
MINAUSDT,15,1652580900,1.062,1.062,1.048,1.048
MINAUSDT,15,1652581800,1.048,1.049,1.04,1.041
MINAUSDT,15,1652582700,1.041,1.053,1.04,1.051
MINAUSDT,15,1652583600,1.051,1.054,1.047,1.047
MINAUSDT,15,1652584500,1.047,1.047,1.031,1.032
MINAUSDT,15,1652585400,1.032,1.034,1.03,1.032
MINAUSDT,15,1652586300,1.032,1.037,1.031,1.035
MINAUSDT,15,1652587200,1.035,1.047,1.033,1.046
MINAUSDT,15,1652588100,1.046,1.067,1.046,1.061
MINAUSDT,15,1652589000,1.061,1.061,1.036,1.042
MINAUSDT,15,1652589900,1.042,1.047,1.039,1.045
MINAUSDT,15,1652590800,1.045,1.048,1.034,1.043
MINAUSDT,15,1652591700,1.043,1.048,1.039,1.043
MINAUSDT,15,1652592600,1.043,1.06,1.043,1.06
MINAUSDT,15,1652593500,1.06,1.071,1.058,1.068
MINAUSDT,15,1652594400,1.068,1.075,1.064,1.067
MINAUSDT,15,1652595300,1.067,1.074,1.062,1.074
MINAUSDT,15,1652596200,1.074,1.074,1.059,1.059
MINAUSDT,15,1652597100,1.059,1.063,1.05,1.063
MINAUSDT,15,1652598000,1.063,1.071,1.062,1.07
MINAUSDT,15,1652598900,1.07,1.074,1.064,1.067
MINAUSDT,15,1652599800,1.067,1.069,1.064,1.065
MINAUSDT,15,1652600700,1.065,1.066,1.053,1.054
MINAUSDT,15,1652601600,1.054,1.055,1.04,1.04
MINAUSDT,15,1652602500,1.04,1.05,1.039,1.048
MINAUSDT,15,1652603400,1.048,1.119,1.047,1.09
MINAUSDT,15,1652604300,1.09,1.12,1.049,1.052
MINAUSDT,15,1652605200,1.052,1.065,1.052,1.061
MINAUSDT,15,1652606100,1.061,1.071,1.058,1.063
MINAUSDT,15,1652607000,1.063,1.07,1.061,1.067
MINAUSDT,15,1652607900,1.067,1.07,1.066,1.069
MINAUSDT,15,1652608800,1.069,1.071,1.054,1.056
MINAUSDT,15,1652609700,1.056,1.057,1.052,1.057
MINAUSDT,15,1652610600,1.057,1.058,1.048,1.058
MINAUSDT,15,1652611500,1.058,1.077,1.058,1.077
MINAUSDT,15,1652612400,1.077,1.081,1.073,1.075
MINAUSDT,15,1652613300,1.075,1.075,1.064,1.071
MINAUSDT,15,1652614200,1.071,1.1,1.071,1.092
MINAUSDT,15,1652615100,1.092,1.105,1.092,1.099
MINAUSDT,15,1652616000,1.099,1.111,1.093,1.093
MINAUSDT,15,1652616900,1.093,1.105,1.083,1.086
MINAUSDT,15,1652617800,1.086,1.086,1.077,1.083
MINAUSDT,15,1652618700,1.083,1.088,1.074,1.077
MINAUSDT,15,1652619600,1.077,1.079,1.071,1.075
MINAUSDT,15,1652620500,1.075,1.078,1.059,1.06
MINAUSDT,15,1652621400,1.06,1.066,1.057,1.057
MINAUSDT,15,1652622300,1.057,1.064,1.056,1.057
MINAUSDT,15,1652623200,1.057,1.06,1.028,1.04
MINAUSDT,15,1652624100,1.04,1.041,1.029,1.032
MINAUSDT,15,1652625000,1.032,1.046,1.026,1.046
MINAUSDT,15,1652625900,1.046,1.052,1.045,1.048
MINAUSDT,15,1652626800,1.048,1.068,1.048,1.065
MINAUSDT,15,1652627700,1.065,1.066,1.056,1.056
MINAUSDT,15,1652628600,1.056,1.057,1.043,1.046
MINAUSDT,15,1652629500,1.046,1.047,1.037,1.046
MINAUSDT,15,1652630400,1.046,1.052,1.043,1.045
MINAUSDT,15,1652631300,1.045,1.054,1.044,1.054
MINAUSDT,15,1652632200,1.054,1.075,1.049,1.075
MINAUSDT,15,1652633100,1.075,1.077,1.063,1.076
MINAUSDT,15,1652634000,1.076,1.079,1.073,1.078
MINAUSDT,15,1652634900,1.078,1.082,1.071,1.078
MINAUSDT,15,1652635800,1.078,1.078,1.066,1.069
MINAUSDT,15,1652636700,1.069,1.07,1.057,1.06
MINAUSDT,15,1652637600,1.06,1.06,1.052,1.058
MINAUSDT,15,1652638500,1.058,1.069,1.058,1.068
MINAUSDT,15,1652639400,1.068,1.077,1.063,1.076
MINAUSDT,15,1652640300,1.076,1.08,1.072,1.073
MINAUSDT,15,1652641200,1.073,1.073,1.065,1.069
MINAUSDT,15,1652642100,1.069,1.08,1.067,1.073
MINAUSDT,15,1652643000,1.073,1.081,1.072,1.078
MINAUSDT,15,1652643900,1.078,1.084,1.077,1.082
MINAUSDT,15,1652644800,1.082,1.097,1.078,1.097
MINAUSDT,15,1652645700,1.097,1.119,1.09,1.105
MINAUSDT,15,1652646600,1.105,1.144,1.097,1.118
MINAUSDT,15,1652647500,1.118,1.126,1.117,1.126
MINAUSDT,15,1652648400,1.126,1.137,1.116,1.121
MINAUSDT,15,1652649300,1.121,1.121,1.112,1.117
MINAUSDT,15,1652650200,1.117,1.12,1.109,1.118
MINAUSDT,15,1652651100,1.118,1.137,1.118,1.136
MINAUSDT,15,1669935600,0.565,0.565,0.565,0.565
MINAUSDT,15,1669935600,0.565,0.566,0.565,0.565
MINAUSDT,1,1669935600,0.565,0.565,0.565,0.565
MINAUSDT,1,1669935660,0.565,0.565,0.565,0.565
MINAUSDT,1,1669935720,0.565,0.565,0.565,0.565
MINAUSDT,1,1669935780,0.565,0.566,0.565,0.566
MINAUSDT,1,1669935840,0.566,0.566,0.565,0.565
MINAUSDT,1,1669935900,0.565,0.566,0.565,0.566
