symbol,period,start_at,open,high,low,close
INJUSDT,15,1660718700,2.1061,2.1067,2.0917,2.0921
INJUSDT,15,1660719600,2.0921,2.099,2.0757,2.076
INJUSDT,15,1660720500,2.076,2.1075,2.076,2.1075
INJUSDT,15,1660721400,2.1075,2.1195,2.0098,2.0098
INJUSDT,15,1660722300,2.0098,2.0425,1.9988,2.0285
INJUSDT,15,1660723200,2.0285,2.0631,2.026,2.0603
INJUSDT,15,1660724100,2.0603,2.0727,2.0423,2.0629
INJUSDT,15,1660725000,2.0629,2.0636,2.0434,2.0443
INJUSDT,15,1660725900,2.0443,2.0586,2.0151,2.0238
INJUSDT,15,1660726800,2.0238,2.0359,2.0223,2.025
INJUSDT,15,1660727700,2.025,2.0766,2.025,2.0759
INJUSDT,15,1660728600,2.0759,2.1282,2.0708,2.1011
INJUSDT,15,1660729500,2.1011,2.1547,2.1002,2.1445
INJUSDT,15,1660730400,2.1445,2.1467,2.1015,2.1047
INJUSDT,15,1660731300,2.1047,2.1211,2.0872,2.0944
INJUSDT,15,1660732200,2.0944,2.1058,2.0723,2.0822
INJUSDT,15,1660733100,2.0822,2.1062,2.0783,2.0855
INJUSDT,15,1660734000,2.0855,2.1148,2.0821,2.1136
INJUSDT,15,1660734900,2.1136,2.1285,2.0905,2.0938
INJUSDT,15,1660735800,2.0938,2.1049,2.0888,2.1038
INJUSDT,15,1660736700,2.1038,2.1048,2.0657,2.0732
INJUSDT,15,1660737600,2.0732,2.1555,2.0709,2.1494
INJUSDT,15,1660738500,2.1494,2.1512,2.0425,2.044
INJUSDT,15,1660739400,2.044,2.0696,2.0282,2.0663
INJUSDT,15,1660740300,2.0663,2.0798,2.0302,2.0337
INJUSDT,15,1660741200,2.0337,2.0588,1.9578,1.9838
INJUSDT,15,1660742100,1.9838,1.9893,1.9382,1.9743
INJUSDT,15,1660743000,1.9743,1.98,1.933,1.9474
INJUSDT,15,1660743900,1.9474,1.9509,1.9188,1.9435
INJUSDT,15,1660744800,1.9435,1.9507,1.9323,1.9387
INJUSDT,15,1660745700,1.9387,1.9549,1.9315,1.9454
INJUSDT,15,1660746600,1.9454,1.9605,1.9288,1.9304
INJUSDT,15,1660747500,1.9304,1.942,1.9084,1.9168
INJUSDT,15,1660748400,1.9168,1.9278,1.912,1.9245
INJUSDT,15,1660749300,1.9245,1.9425,1.9245,1.9422
INJUSDT,15,1660750200,1.9422,1.9423,1.9205,1.9219
INJUSDT,15,1660751100,1.9219,1.9251,1.9139,1.9176
INJUSDT,15,1660752000,1.9176,1.9234,1.9141,1.9142
INJUSDT,15,1660752900,1.9142,1.9172,1.8727,1.8934
INJUSDT,15,1660753800,1.8934,1.8981,1.878,1.88
INJUSDT,15,1660754700,1.88,1.8902,1.8798,1.8902
INJUSDT,15,1660755600,1.8902,1.8902,1.8745,1.8826
INJUSDT,15,1660756500,1.8826,1.8969,1.8763,1.8969
INJUSDT,15,1660757400,1.8969,1.8996,1.8944,1.8958
INJUSDT,15,1660758300,1.8958,1.9123,1.8849,1.9123
INJUSDT,15,1660759200,1.9123,1.9662,1.9089,1.9539
INJUSDT,15,1660760100,1.9539,1.9656,1.9255,1.958
INJUSDT,15,1660761000,1.958,1.9732,1.954,1.9649
INJUSDT,15,1660761900,1.9649,1.9669,1.939,1.939
INJUSDT,15,1660762800,1.939,1.9497,1.9053,1.9058
INJUSDT,15,1660763700,1.9058,1.9099,1.8974,1.9081
INJUSDT,15,1660764600,1.9081,1.9242,1.902,1.923
INJUSDT,15,1660765500,1.923,1.9254,1.9181,1.9224
INJUSDT,15,1660766400,1.9224,1.931,1.9115,1.931
INJUSDT,15,1660767300,1.931,1.9456,1.9253,1.9441
INJUSDT,15,1660768200,1.9441,1.949,1.9329,1.9329
INJUSDT,15,1660769100,1.9329,1.9447,1.9326,1.9447
INJUSDT,15,1660770000,1.9447,1.9474,1.9233,1.9233
INJUSDT,15,1660770900,1.9233,1.9334,1.9102,1.912
INJUSDT,15,1660771800,1.912,1.9233,1.9115,1.9229
INJUSDT,15,1660772700,1.9229,1.9259,1.9171,1.9252
INJUSDT,15,1660773600,1.9252,1.9451,1.9239,1.9441
INJUSDT,15,1660774500,1.9441,1.9731,1.9441,1.9676
INJUSDT,15,1660775400,1.9676,1.9681,1.9311,1.9311
INJUSDT,15,1660776300,1.9311,1.9482,1.9241,1.9413
INJUSDT,15,1660777200,1.9413,1.9599,1.9412,1.9434
INJUSDT,15,1660778100,1.9434,1.9446,1.9125,1.9261
INJUSDT,15,1660779000,1.9261,1.9424,1.9239,1.9397
INJUSDT,15,1660779900,1.9397,1.9399,1.9079,1.9137
INJUSDT,15,1660780800,1.9137,1.9142,1.8981,1.9106
INJUSDT,15,1660781700,1.9106,1.9188,1.8942,1.8973
INJUSDT,15,1660782600,1.8973,1.9408,1.8973,1.9336
INJUSDT,15,1660783500,1.9336,1.9487,1.9292,1.9407
INJUSDT,15,1660784400,1.9407,1.9407,1.9316,1.9316
INJUSDT,15,1660785300,1.9316,1.9375,1.928,1.9334
INJUSDT,15,1660786200,1.9334,1.9499,1.9334,1.9499
INJUSDT,15,1660787100,1.9499,1.958,1.9499,1.9565
INJUSDT,15,1660788000,1.9565,1.9565,1.9287,1.9323
INJUSDT,15,1660788900,1.9323,1.9332,1.9141,1.9155
INJUSDT,15,1660789800,1.9155,1.9225,1.9154,1.9217
INJUSDT,15,1660790700,1.9217,1.9301,1.9215,1.9291
INJUSDT,15,1660791600,1.9291,1.9307,1.9129,1.9157
INJUSDT,15,1660792500,1.9157,1.9329,1.9157,1.9288
INJUSDT,15,1660793400,1.9288,1.9484,1.9287,1.9447
INJUSDT,15,1660794300,1.9447,1.9487,1.9314,1.9431
INJUSDT,15,1660795200,1.9431,1.9466,1.9367,1.942
INJUSDT,15,1660796100,1.942,1.9466,1.9359,1.9378
INJUSDT,15,1660797000,1.9378,1.9378,1.925,1.925
INJUSDT,15,1660797900,1.925,1.9443,1.9229,1.9443
INJUSDT,15,1660798800,1.9443,1.9452,1.9256,1.9279
INJUSDT,15,1660799700,1.9279,1.9305,1.9223,1.9302
INJUSDT,15,1660800600,1.9302,1.9399,1.9301,1.9364
INJUSDT,15,1660801500,1.9364,1.9364,1.9261,1.9261
INJUSDT,15,1660802400,1.9261,1.9375,1.9261,1.9367
INJUSDT,15,1660803300,1.9367,1.9392,1.9294,1.93
INJUSDT,15,1660804200,1.93,1.9334,1.9176,1.9205
INJUSDT,15,1669935600,1.6839,1.6924,1.683,1.6916
INJUSDT,15,1669935600,1.6839,1.6944,1.683,1.6921
INJUSDT,1,1669935600,1.6839,1.6892,1.683,1.6892
INJUSDT,1,1669935660,1.6892,1.6933,1.6892,1.6933
INJUSDT,1,1669935720,1.6933,1.6935,1.6899,1.6916
INJUSDT,1,1669935780,1.6916,1.6917,1.6899,1.6916
INJUSDT,1,1669935840,1.6916,1.6944,1.6916,1.6936
INJUSDT,1,1669935900,1.6936,1.6936,1.6891,1.6891
