symbol,period,start_at,open,high,low,close
TWTUSDT,15,1668670200,2.1895,2.1931,2.1641,2.1843
TWTUSDT,15,1668671100,2.1843,2.1864,2.1575,2.1605
TWTUSDT,15,1668672000,2.1605,2.1866,2.1525,2.1643
TWTUSDT,15,1668672900,2.1643,2.197,2.1626,2.1913
TWTUSDT,15,1668673800,2.1913,2.1919,2.1738,2.178
TWTUSDT,15,1668674700,2.178,2.187,2.162,2.1625
TWTUSDT,15,1668675600,2.1625,2.165,2.1042,2.1097
TWTUSDT,15,1668676500,2.1097,2.1355,2.0773,2.0837
TWTUSDT,15,1668677400,2.0837,2.1218,2.0837,2.1196
TWTUSDT,15,1668678300,2.1196,2.1336,2.1083,2.1251
TWTUSDT,15,1668679200,2.1251,2.1315,2.0854,2.1103
TWTUSDT,15,1668680100,2.1103,2.1471,2.1052,2.1266
TWTUSDT,15,1668681000,2.1266,2.1608,2.1115,2.1599
TWTUSDT,15,1668681900,2.1599,2.1704,2.1369,2.1519
TWTUSDT,15,1668682800,2.1519,2.1771,2.1283,2.1311
TWTUSDT,15,1668683700,2.1311,2.1387,2.1131,2.1151
TWTUSDT,15,1668684600,2.1151,2.1268,2.1078,2.1194
TWTUSDT,15,1668685500,2.1194,2.1383,2.1137,2.1379
TWTUSDT,15,1668686400,2.1379,2.1458,2.1228,2.1385
TWTUSDT,15,1668687300,2.1385,2.1723,2.1385,2.1524
TWTUSDT,15,1668688200,2.1524,2.1648,2.1329,2.1602
TWTUSDT,15,1668689100,2.1602,2.195,2.1602,2.1713
TWTUSDT,15,1668690000,2.1713,2.2384,2.1705,2.2262
TWTUSDT,15,1668690900,2.2262,2.2288,2.1606,2.1654
TWTUSDT,15,1668691800,2.1654,2.1997,2.162,2.1783
TWTUSDT,15,1668692700,2.1783,2.1823,2.1224,2.1543
TWTUSDT,15,1668693600,2.1543,2.1555,2.1167,2.1287
TWTUSDT,15,1668694500,2.1287,2.1297,2.0968,2.1225
TWTUSDT,15,1668695400,2.1225,2.1234,2.0948,2.1066
TWTUSDT,15,1668696300,2.1066,2.1302,2.0806,2.1302
TWTUSDT,15,1668697200,2.1302,2.1305,2.1034,2.1172
TWTUSDT,15,1668698100,2.1172,2.1482,2.1165,2.1345
TWTUSDT,15,1668699000,2.1345,2.1378,2.1056,2.1129
TWTUSDT,15,1668699900,2.1129,2.1184,2.0937,2.1178
TWTUSDT,15,1668700800,2.1178,2.1281,2.1099,2.1196
TWTUSDT,15,1668701700,2.1196,2.1316,2.119,2.1237
TWTUSDT,15,1668702600,2.1237,2.1478,2.1235,2.1412
TWTUSDT,15,1668703500,2.1412,2.1422,2.1128,2.118
TWTUSDT,15,1668704400,2.118,2.1277,2.1139,2.1214
TWTUSDT,15,1668705300,2.1214,2.1264,2.1108,2.1133
TWTUSDT,15,1668706200,2.1133,2.1448,2.1003,2.1318
TWTUSDT,15,1668707100,2.1318,2.1454,2.1212,2.1244
TWTUSDT,15,1668708000,2.1244,2.1447,2.1214,2.135
TWTUSDT,15,1668708900,2.135,2.1706,2.134,2.1644
TWTUSDT,15,1668709800,2.1644,2.1826,2.1521,2.1588
TWTUSDT,15,1668710700,2.1588,2.1608,2.1366,2.1368
TWTUSDT,15,1668711600,2.1368,2.1556,2.1252,2.1266
TWTUSDT,15,1668712500,2.1266,2.1394,2.1255,2.1361
TWTUSDT,15,1668713400,2.1361,2.1615,2.1313,2.1563
TWTUSDT,15,1668714300,2.1563,2.1563,2.1369,2.1395
TWTUSDT,15,1668715200,2.1395,2.1528,2.1371,2.1408
TWTUSDT,15,1668716100,2.1408,2.1463,2.1342,2.1456
TWTUSDT,15,1668717000,2.1456,2.1789,2.1456,2.1763
TWTUSDT,15,1668717900,2.1763,2.1789,2.1542,2.1574
TWTUSDT,15,1668718800,2.1574,2.177,2.1574,2.1699
TWTUSDT,15,1668719700,2.1699,2.2169,2.1699,2.2053
TWTUSDT,15,1668720600,2.2053,2.2056,2.1528,2.1596
TWTUSDT,15,1668721500,2.1596,2.1711,2.1561,2.1568
TWTUSDT,15,1668722400,2.1568,2.1694,2.1522,2.1587
TWTUSDT,15,1668723300,2.1587,2.1587,2.1515,2.157
TWTUSDT,15,1668724200,2.157,2.1743,2.157,2.1693
TWTUSDT,15,1668725100,2.1693,2.1693,2.1492,2.1492
TWTUSDT,15,1668726000,2.1492,2.1549,2.1319,2.1319
TWTUSDT,15,1668726900,2.1319,2.1568,2.1235,2.1415
TWTUSDT,15,1668727800,2.1415,2.1465,2.1232,2.1242
TWTUSDT,15,1668728700,2.1242,2.1303,2.1055,2.1176
TWTUSDT,15,1668729600,2.1176,2.1542,2.1163,2.1521
TWTUSDT,15,1668730500,2.1521,2.1571,2.1381,2.149
TWTUSDT,15,1668731400,2.149,2.1589,2.1425,2.1575
TWTUSDT,15,1668732300,2.1575,2.1911,2.1528,2.1761
TWTUSDT,15,1668733200,2.1761,2.178,2.1566,2.1582
TWTUSDT,15,1668734100,2.1582,2.1742,2.1582,2.1589
TWTUSDT,15,1668735000,2.1589,2.2292,2.1589,2.1903
TWTUSDT,15,1668735900,2.1903,2.2362,2.1877,2.2318
TWTUSDT,15,1668736800,2.2318,2.2612,2.2118,2.2342
TWTUSDT,15,1668737700,2.2342,2.2438,2.1929,2.1986
TWTUSDT,15,1668738600,2.1986,2.2033,2.1799,2.1999
TWTUSDT,15,1668739500,2.1999,2.2172,2.1792,2.1802
TWTUSDT,15,1668740400,2.1802,2.2534,2.1802,2.237
TWTUSDT,15,1668741300,2.237,2.2409,2.2148,2.2241
TWTUSDT,15,1668742200,2.2241,2.2249,2.1975,2.2075
TWTUSDT,15,1668743100,2.2075,2.2197,2.1911,2.2055
TWTUSDT,15,1668744000,2.2055,2.2271,2.2002,2.2031
TWTUSDT,15,1668744900,2.2031,2.2031,2.1743,2.1745
TWTUSDT,15,1668745800,2.1745,2.1987,2.1738,2.1842
TWTUSDT,15,1668746700,2.1842,2.1957,2.1715,2.1737
TWTUSDT,15,1668747600,2.1737,2.1954,2.1728,2.191
TWTUSDT,15,1668748500,2.191,2.2247,2.191,2.2126
TWTUSDT,15,1668749400,2.2126,2.2126,2.1768,2.1838
TWTUSDT,15,1668750300,2.1838,2.2013,2.1752,2.1992
TWTUSDT,15,1668751200,2.1992,2.2079,2.1831,2.2079
TWTUSDT,15,1668752100,2.2079,2.3509,2.2077,2.3083
TWTUSDT,15,1668753000,2.3083,2.3083,2.2698,2.2882
TWTUSDT,15,1668753900,2.2882,2.3364,2.2594,2.2665
TWTUSDT,15,1668754800,2.2665,2.2992,2.2512,2.2625
TWTUSDT,15,1668755700,2.2625,2.2897,2.2624,2.2655
TWTUSDT,15,1669935600,2.271,2.2894,2.2708,2.2801
TWTUSDT,15,1669935600,2.271,2.2894,2.2708,2.274
TWTUSDT,1,1669935600,2.271,2.2887,2.2708,2.2879
TWTUSDT,1,1669935660,2.2879,2.2894,2.2802,2.2802
TWTUSDT,1,1669935720,2.2802,2.2833,2.2779,2.2792
TWTUSDT,1,1669935780,2.2792,2.2809,2.2778,2.2778
TWTUSDT,1,1669935840,2.2778,2.2828,2.2753,2.2764
TWTUSDT,1,1669935900,2.2764,2.2786,2.2732,2.2732
