symbol,interval,open_time,open,high,low,close,volume,turnover
BTCUSDH23,15,1663315200,19774.5,19800,19741.5,19741.5,133177,6.73310127
BTCUSDH23,15,1663316100,19741.5,19767,19697,19725,60345,3.05747221
BTCUSDH23,15,1663317000,19725,19738.5,19636.5,19724,49728,2.52355484
BTCUSDH23,15,1663317900,19724,19747.5,19696,19721,75253,3.81637549
BTCUSDH23,15,1663318800,19721,19805.5,19714.5,19787.5,83143,4.20512057
BTCUSDH23,15,1663319700,19787.5,19797,19766,19777.5,64516,3.26056766
BTCUSDH23,15,1663320600,19777.5,19814.5,19758.5,19814.5,6482,0.32771359
BTCUSDH23,15,1663321500,19814.5,19822,19785.5,19810,121132,6.11578081
BTCUSDH23,15,1663322400,19810,19810.5,19795,19795,24570,1.24029345
BTCUSDH23,15,1663323300,19795,19871.5,19795,19836.5,320539,16.15178202
BTCUSDH23,15,1663324200,19836.5,19893.5,19820.5,19890.5,146061,7.35092501
BTCUSDH23,15,1663325100,19890.5,19902.5,19839,19848,126385,6.35841355
BTCUSDH23,15,1663326000,19848,19872,19825,19862,89029,4.48445758
BTCUSDH23,15,1663326900,19862,19878.5,19836.5,19843,72802,3.66755779
BTCUSDH23,15,1663327800,19843,19943.5,19828,19934,81426,4.09282518
BTCUSDH23,15,1663328700,19934,19949.5,19885,19924.5,84290,4.23451526
BTCUSDH23,15,1663329600,19924.5,19929.5,19859,19864,111315,5.59436134
BTCUSDH23,15,1663330500,19864,19890.5,19829,19844.5,36233,1.82438133
BTCUSDH23,15,1663331400,19844.5,19854,19804,19839,24744,1.24712982
BTCUSDH23,15,1663332300,19839,19840,19727,19740.5,88605,4.47870883
BTCUSDH23,15,1663333200,19740.5,19802.5,19736,19796.5,42246,2.13660109
BTCUSDH23,15,1663334100,19796.5,19825.5,19779,19817,27541,1.39071745
BTCUSDH23,15,1663335000,19817,19817,19673.5,19731,121809,6.17307745
BTCUSDH23,15,1663335900,19731,19771,19505,19563.5,141425,7.20018946
BTCUSDH23,15,1663336800,19563.5,19761.5,19536.5,19756,126199,6.42242055
BTCUSDH23,15,1663337700,19756,19799.5,19672.5,19672.5,97716,4.95231427
BTCUSDH23,15,1663338600,19672.5,19848.5,19672.5,19813.5,86033,4.34975041
BTCUSDH23,15,1663339500,19813.5,19825,19727,19727,133055,6.72767646
BTCUSDH23,15,1663340400,19727,19742,19674.5,19725,106292,5.39342145
BTCUSDH23,15,1663341300,19725,19789,19703.5,19760,91187,4.61355454
BTCUSDH23,15,1663342200,19760,19790.5,19622.5,19638.5,67940,3.44929831
BTCUSDH23,15,1663343100,19638.5,19710,19613,19705.5,51915,2.63993508
BTCUSDH23,15,1663344000,19705.5,19705.5,19610,19628,56867,2.89281349
BTCUSDH23,15,1663344900,19628,19651.5,19500,19570.5,87886,4.48810455
BTCUSDH23,15,1663345800,19570.5,19622.5,19530.5,19611,133178,6.80221453
BTCUSDH23,15,1663346700,19611,19637,19546,19575.5,68457,3.49321958
BTCUSDH23,15,1663347600,19575.5,19598.5,19360.5,19509,139044,7.13367583
BTCUSDH23,15,1663348500,19509,19512,19369,19399.5,153789,7.91588499
BTCUSDH23,15,1663349400,19399.5,19517,19394.5,19517,87696,4.50651795
BTCUSDH23,15,1663350300,19517,19526,19465.5,19476,49800,2.55393124
BTCUSDH23,15,1663351200,19476,19521,19438.5,19507,65673,3.36902811
BTCUSDH23,15,1663352100,19507,19583.5,19408.5,19566.5,130084,6.66638281
BTCUSDH23,15,1663353000,19566.5,19624,19552.5,19583.5,84846,4.32996934
BTCUSDH23,15,1663353900,19583.5,19632.5,19567,19601,95282,4.85856059
BTCUSDH23,15,1663354800,19601,19671.5,19601,19635.5,84142,4.28398912
BTCUSDH23,15,1663355700,19635.5,19668,19600.5,19636,39548,2.01412047
BTCUSDH23,15,1663356600,19636,19694,19601.5,19689.5,46430,2.36407195
BTCUSDH23,15,1663357500,19689.5,19692.5,19634,19663,67240,3.42042034
BTCUSDH23,15,1663358400,19663,19738.5,19663,19716.5,75841,3.84961252
BTCUSDH23,15,1663359300,19716.5,19722.5,19686.5,19722.5,64440,3.27113203
BTCUSDH23,15,1663360200,19722.5,19798,19702,19786.5,43574,2.20553412
BTCUSDH23,15,1663361100,19786.5,19804.5,19758,19804.5,74695,3.77577451
BTCUSDH23,15,1663362000,19804.5,19804.5,19763.5,19769,47610,2.40705355
BTCUSDH23,15,1663362900,19769,19821.5,19769,19818.5,78228,3.95266162
BTCUSDH23,15,1663363800,19818.5,19864,19776,19788.5,91154,4.59683407
BTCUSDH23,15,1663364700,19788.5,19840,19767,19786.5,84290,4.25508035
BTCUSDH23,15,1663365600,19786.5,19807,19754,19754,77007,3.8917313
BTCUSDH23,15,1663366500,19754,19813,19753,19799,105503,5.3320952
BTCUSDH23,15,1663367400,19799,19828.5,19775,19794,55839,2.82096933
BTCUSDH23,15,1663368300,19794,19813.5,19766.5,19774.5,62819,3.17493566
BTCUSDH23,15,1663369200,19774.5,19788,19756.5,19770.5,79730,4.0330749
BTCUSDH23,15,1663370100,19770.5,19790.5,19758,19763.5,55395,2.80194625
BTCUSDH23,15,1663371000,19763.5,19783,19739,19755.5,46972,2.37746154
BTCUSDH23,15,1663371900,19755.5,19859,19753.5,19847.5,251955,12.70911714
BTCUSDH23,15,1663372800,19847.5,19883.5,19816.5,19879.5,49476,2.4915838
BTCUSDH23,15,1663373700,19879.5,19985.5,19832.5,19965.5,89683,4.50910728
BTCUSDH23,15,1663374600,19965.5,20121,19956,20025,91434,4.56627032
BTCUSDH23,15,1663375500,20025,20028.5,19985.5,20006,91395,4.56859001
BTCUSDH23,15,1663376400,20006,20097.5,19994.5,20077.5,68125,3.3968842
BTCUSDH23,15,1663377300,20077.5,20077.5,20015.5,20040,81152,4.04954735
BTCUSDH23,15,1663378200,20040,20098.5,20020.5,20080,104162,5.18958094
BTCUSDH23,15,1663379100,20080,20080.5,20036,20044.5,86655,4.32052837
BTCUSDH23,15,1663380000,20044.5,20064,19990.5,20007,49564,2.47625332
BTCUSDH23,15,1663380900,20007,20007,19924.5,19943,52533,2.62989858
BTCUSDH23,15,1663381800,19943,19977,19925,19944,107058,5.36565481
BTCUSDH23,15,1663382700,19944,19978,19918.5,19976,93815,4.70299534
BTCUSDH23,15,1663383600,19976,19981.5,19939.5,19947.5,48733,2.44116884
BTCUSDH23,15,1663384500,19947.5,19987.5,19939,19963,7898,0.39585859
BTCUSDH23,15,1663385400,19963,19971.5,19941,19947.5,15135,0.75860927
BTCUSDH23,15,1663386300,19947.5,19957.5,19936.5,19936.5,1775,0.08897847
BTCUSDH23,15,1663387200,19936.5,19970,19936.5,19950.5,13248,0.66395868
BTCUSDH23,15,1663388100,19950.5,20046,19950.5,20020.5,48445,2.42067443
BTCUSDH23,15,1663389000,20020.5,20038,19996.5,20001,17237,0.86135128
BTCUSDH23,15,1663389900,20001,20017,19989.5,19998,16490,0.82446684
BTCUSDH23,15,1663390800,19998,19998,19894,19912.5,53277,2.67367379
BTCUSDH23,15,1663391700,19912.5,19932.5,19868,19896,55157,2.77156344
BTCUSDH23,15,1663392600,19896,19932,19880,19887,55877,2.80775105
BTCUSDH23,15,1663393500,19887,19925.5,19872,19918.5,63422,3.18702076
BTCUSDH23,15,1663394400,19918.5,19930.5,19901,19914,14915,0.74897521
BTCUSDH23,15,1663395300,19914,19930,19895,19909,11642,0.58466767
BTCUSDH23,15,1663396200,19909,19918.5,19847.5,19873,25663,1.29160067
BTCUSDH23,15,1663397100,19873,19905,19857,19898.5,12601,0.63372708
BTCUSDH23,15,1663398000,19898.5,19921,19880,19891,34595,1.73855826
BTCUSDH23,15,1663398900,19891,19903.5,19869.5,19873.5,32418,1.63038244
BTCUSDH23,15,1663399800,19873.5,19897.5,19867,19867.5,30300,1.52450881
BTCUSDH23,15,1663400700,19867.5,19913,19847,19892,46721,2.34921545
