symbol,period,start_at,open,high,low,close
HNTUSDT,15,1652565600,9.65,9.67,9.59,9.67
HNTUSDT,15,1652566500,9.67,9.67,9.58,9.59
HNTUSDT,15,1652567400,9.59,9.59,9.55,9.58
HNTUSDT,15,1652568300,9.58,9.83,9.58,9.79
HNTUSDT,15,1652569200,9.79,9.82,9.7,9.73
HNTUSDT,15,1652570100,9.73,9.78,9.68,9.76
HNTUSDT,15,1652571000,9.76,9.87,9.71,9.87
HNTUSDT,15,1652571900,9.87,9.93,9.84,9.86
HNTUSDT,15,1652572800,9.86,9.9,9.71,9.71
HNTUSDT,15,1652573700,9.71,9.9,9.71,9.87
HNTUSDT,15,1652574600,9.87,9.92,9.69,9.71
HNTUSDT,15,1652575500,9.71,9.71,9.6,9.61
HNTUSDT,15,1652576400,9.61,9.64,9.55,9.55
HNTUSDT,15,1652577300,9.55,9.59,9.5,9.5
HNTUSDT,15,1652578200,9.5,9.53,9.46,9.52
HNTUSDT,15,1652579100,9.52,9.57,9.5,9.54
HNTUSDT,15,1652580000,9.54,9.64,9.49,9.5
HNTUSDT,15,1652580900,9.5,9.5,9.36,9.37
HNTUSDT,15,1652581800,9.37,9.37,9.27,9.27
HNTUSDT,15,1652582700,9.27,9.39,9.26,9.36
HNTUSDT,15,1652583600,9.36,9.42,9.35,9.37
HNTUSDT,15,1652584500,9.37,9.4,9.34,9.37
HNTUSDT,15,1652585400,9.37,9.41,9.36,9.41
HNTUSDT,15,1652586300,9.41,9.47,9.41,9.45
HNTUSDT,15,1652587200,9.45,9.51,9.39,9.5
HNTUSDT,15,1652588100,9.5,9.58,9.49,9.57
HNTUSDT,15,1652589000,9.57,9.59,9.44,9.51
HNTUSDT,15,1652589900,9.51,9.58,9.49,9.55
HNTUSDT,15,1652590800,9.55,9.57,9.48,9.54
HNTUSDT,15,1652591700,9.54,9.58,9.51,9.56
HNTUSDT,15,1652592600,9.56,9.67,9.56,9.67
HNTUSDT,15,1652593500,9.67,9.77,9.66,9.74
HNTUSDT,15,1652594400,9.74,9.83,9.74,9.8
HNTUSDT,15,1652595300,9.8,9.84,9.78,9.8
HNTUSDT,15,1652596200,9.8,9.8,9.72,9.72
HNTUSDT,15,1652597100,9.72,9.72,9.66,9.71
HNTUSDT,15,1652598000,9.71,9.77,9.7,9.73
HNTUSDT,15,1652598900,9.73,9.74,9.63,9.64
HNTUSDT,15,1652599800,9.64,9.68,9.64,9.66
HNTUSDT,15,1652600700,9.66,9.68,9.59,9.59
HNTUSDT,15,1652601600,9.59,9.63,9.5,9.5
HNTUSDT,15,1652602500,9.5,9.57,9.33,9.38
HNTUSDT,15,1652603400,9.38,9.49,9.38,9.46
HNTUSDT,15,1652604300,9.46,9.46,9.35,9.36
HNTUSDT,15,1652605200,9.36,9.4,9.3,9.3
HNTUSDT,15,1652606100,9.3,9.45,9.3,9.42
HNTUSDT,15,1652607000,9.42,9.5,9.42,9.48
HNTUSDT,15,1652607900,9.48,9.51,9.48,9.5
HNTUSDT,15,1652608800,9.5,9.5,9.42,9.44
HNTUSDT,15,1652609700,9.44,9.48,9.41,9.46
HNTUSDT,15,1652610600,9.46,9.48,9.42,9.48
HNTUSDT,15,1652611500,9.48,9.58,9.46,9.57
HNTUSDT,15,1652612400,9.57,9.6,9.55,9.57
HNTUSDT,15,1652613300,9.57,9.65,9.52,9.62
HNTUSDT,15,1652614200,9.62,9.73,9.62,9.72
HNTUSDT,15,1652615100,9.72,9.78,9.67,9.68
HNTUSDT,15,1652616000,9.68,9.78,9.67,9.76
HNTUSDT,15,1652616900,9.76,9.81,9.62,9.62
HNTUSDT,15,1652617800,9.62,9.62,9.54,9.57
HNTUSDT,15,1652618700,9.57,9.66,9.56,9.6
HNTUSDT,15,1652619600,9.6,9.6,9.5,9.56
HNTUSDT,15,1652620500,9.56,9.58,9.42,9.43
HNTUSDT,15,1652621400,9.43,9.44,9.29,9.32
HNTUSDT,15,1652622300,9.32,9.34,9.28,9.3
HNTUSDT,15,1652623200,9.3,9.3,9.16,9.23
HNTUSDT,15,1652624100,9.23,9.29,9.12,9.19
HNTUSDT,15,1652625000,9.19,9.26,9.17,9.25
HNTUSDT,15,1652625900,9.25,9.32,9.25,9.28
HNTUSDT,15,1652626800,9.28,9.45,9.27,9.42
HNTUSDT,15,1652627700,9.42,9.42,9.32,9.33
HNTUSDT,15,1652628600,9.33,9.33,9.23,9.25
HNTUSDT,15,1652629500,9.25,9.31,9.17,9.24
HNTUSDT,15,1652630400,9.24,9.32,9.21,9.32
HNTUSDT,15,1652631300,9.32,9.41,9.31,9.4
HNTUSDT,15,1652632200,9.4,9.54,9.38,9.53
HNTUSDT,15,1652633100,9.53,9.53,9.43,9.44
HNTUSDT,15,1652634000,9.44,9.45,9.4,9.42
HNTUSDT,15,1652634900,9.42,9.47,9.4,9.4
HNTUSDT,15,1652635800,9.4,9.4,9.22,9.23
HNTUSDT,15,1652636700,9.23,9.24,9.09,9.1
HNTUSDT,15,1652637600,9.1,9.11,8.98,9.03
HNTUSDT,15,1652638500,9.03,9.14,9.03,9.14
HNTUSDT,15,1652639400,9.14,9.22,9.13,9.21
HNTUSDT,15,1652640300,9.21,9.22,9.11,9.15
HNTUSDT,15,1652641200,9.15,9.23,9.15,9.2
HNTUSDT,15,1652642100,9.2,9.23,9.16,9.21
HNTUSDT,15,1652643000,9.21,9.37,9.21,9.33
HNTUSDT,15,1652643900,9.33,9.43,9.32,9.43
HNTUSDT,15,1652644800,9.43,9.49,9.28,9.48
HNTUSDT,15,1652645700,9.48,9.5,9.35,9.38
HNTUSDT,15,1652646600,9.38,9.59,9.36,9.4
HNTUSDT,15,1652647500,9.4,9.49,9.39,9.48
HNTUSDT,15,1652648400,9.48,9.56,9.48,9.54
HNTUSDT,15,1652649300,9.54,9.54,9.5,9.5
HNTUSDT,15,1652650200,9.5,9.5,9.42,9.47
HNTUSDT,15,1652651100,9.47,9.58,9.46,9.57
HNTUSDT,15,1669935600,2.29,2.29,2.29,2.29
HNTUSDT,15,1669935600,2.29,2.3,2.29,2.29
HNTUSDT,1,1669935600,2.29,2.29,2.29,2.29
HNTUSDT,1,1669935660,2.29,2.3,2.29,2.3
HNTUSDT,1,1669935720,2.3,2.3,2.3,2.3
HNTUSDT,1,1669935780,2.3,2.3,2.3,2.3
HNTUSDT,1,1669935840,2.3,2.3,2.3,2.3
HNTUSDT,1,1669935900,2.3,2.3,2.29,2.29
