symbol,period,start_at,open,high,low,close
FILUSDT,15,1652565600,8.56,8.59,8.51,8.59
FILUSDT,15,1652566500,8.59,8.68,8.55,8.57
FILUSDT,15,1652567400,8.57,8.58,8.52,8.58
FILUSDT,15,1652568300,8.58,8.76,8.58,8.69
FILUSDT,15,1652569200,8.69,8.71,8.62,8.63
FILUSDT,15,1652570100,8.63,8.71,8.63,8.69
FILUSDT,15,1652571000,8.69,8.8,8.66,8.8
FILUSDT,15,1652571900,8.8,8.85,8.77,8.81
FILUSDT,15,1652572800,8.81,8.87,8.74,8.77
FILUSDT,15,1652573700,8.77,8.91,8.77,8.87
FILUSDT,15,1652574600,8.87,8.88,8.78,8.8
FILUSDT,15,1652575500,8.8,8.81,8.74,8.76
FILUSDT,15,1652576400,8.76,8.77,8.66,8.67
FILUSDT,15,1652577300,8.67,8.69,8.63,8.63
FILUSDT,15,1652578200,8.63,8.66,8.59,8.64
FILUSDT,15,1652579100,8.64,8.7,8.63,8.68
FILUSDT,15,1652580000,8.68,8.72,8.61,8.62
FILUSDT,15,1652580900,8.62,8.65,8.58,8.61
FILUSDT,15,1652581800,8.61,8.63,8.56,8.57
FILUSDT,15,1652582700,8.57,8.6,8.54,8.57
FILUSDT,15,1652583600,8.57,8.6,8.55,8.57
FILUSDT,15,1652584500,8.57,8.57,8.5,8.5
FILUSDT,15,1652585400,8.5,8.56,8.47,8.53
FILUSDT,15,1652586300,8.53,8.58,8.53,8.58
FILUSDT,15,1652587200,8.58,8.63,8.55,8.62
FILUSDT,15,1652588100,8.62,8.65,8.61,8.62
FILUSDT,15,1652589000,8.62,8.62,8.51,8.55
FILUSDT,15,1652589900,8.55,8.58,8.53,8.54
FILUSDT,15,1652590800,8.54,8.57,8.49,8.54
FILUSDT,15,1652591700,8.54,8.59,8.52,8.58
FILUSDT,15,1652592600,8.58,8.64,8.57,8.64
FILUSDT,15,1652593500,8.64,8.69,8.62,8.65
FILUSDT,15,1652594400,8.65,8.7,8.63,8.65
FILUSDT,15,1652595300,8.65,8.72,8.61,8.71
FILUSDT,15,1652596200,8.71,8.75,8.68,8.68
FILUSDT,15,1652597100,8.68,8.75,8.66,8.74
FILUSDT,15,1652598000,8.74,8.79,8.73,8.77
FILUSDT,15,1652598900,8.77,8.81,8.73,8.74
FILUSDT,15,1652599800,8.74,8.75,8.72,8.74
FILUSDT,15,1652600700,8.74,8.74,8.63,8.65
FILUSDT,15,1652601600,8.65,8.7,8.64,8.65
FILUSDT,15,1652602500,8.65,8.74,8.61,8.73
FILUSDT,15,1652603400,8.73,8.75,8.69,8.71
FILUSDT,15,1652604300,8.71,8.71,8.64,8.66
FILUSDT,15,1652605200,8.66,8.72,8.65,8.65
FILUSDT,15,1652606100,8.65,8.76,8.65,8.73
FILUSDT,15,1652607000,8.73,8.77,8.71,8.76
FILUSDT,15,1652607900,8.76,8.78,8.73,8.76
FILUSDT,15,1652608800,8.76,8.77,8.7,8.71
FILUSDT,15,1652609700,8.71,8.72,8.69,8.71
FILUSDT,15,1652610600,8.71,8.77,8.67,8.76
FILUSDT,15,1652611500,8.76,8.88,8.75,8.88
FILUSDT,15,1652612400,8.88,8.89,8.82,8.82
FILUSDT,15,1652613300,8.82,8.84,8.75,8.83
FILUSDT,15,1652614200,8.83,8.91,8.82,8.85
FILUSDT,15,1652615100,8.85,8.95,8.85,8.92
FILUSDT,15,1652616000,8.92,8.98,8.9,8.91
FILUSDT,15,1652616900,8.91,8.98,8.85,8.85
FILUSDT,15,1652617800,8.85,8.87,8.82,8.85
FILUSDT,15,1652618700,8.85,8.87,8.82,8.85
FILUSDT,15,1652619600,8.85,8.85,8.8,8.83
FILUSDT,15,1652620500,8.83,8.85,8.76,8.79
FILUSDT,15,1652621400,8.79,8.8,8.76,8.78
FILUSDT,15,1652622300,8.78,8.79,8.73,8.76
FILUSDT,15,1652623200,8.76,8.79,8.69,8.72
FILUSDT,15,1652624100,8.72,8.74,8.68,8.7
FILUSDT,15,1652625000,8.7,8.75,8.65,8.74
FILUSDT,15,1652625900,8.74,8.78,8.7,8.73
FILUSDT,15,1652626800,8.73,8.84,8.73,8.82
FILUSDT,15,1652627700,8.82,8.82,8.69,8.72
FILUSDT,15,1652628600,8.72,8.72,8.66,8.66
FILUSDT,15,1652629500,8.66,8.69,8.62,8.67
FILUSDT,15,1652630400,8.67,8.73,8.65,8.67
FILUSDT,15,1652631300,8.67,8.75,8.67,8.74
FILUSDT,15,1652632200,8.74,8.84,8.73,8.83
FILUSDT,15,1652633100,8.83,8.87,8.77,8.83
FILUSDT,15,1652634000,8.83,8.89,8.79,8.89
FILUSDT,15,1652634900,8.89,8.9,8.85,8.86
FILUSDT,15,1652635800,8.86,8.86,8.79,8.8
FILUSDT,15,1652636700,8.8,8.83,8.79,8.81
FILUSDT,15,1652637600,8.81,8.85,8.78,8.85
FILUSDT,15,1652638500,8.85,8.88,8.8,8.82
FILUSDT,15,1652639400,8.82,8.95,8.82,8.94
FILUSDT,15,1652640300,8.94,8.95,8.85,8.88
FILUSDT,15,1652641200,8.88,8.91,8.85,8.86
FILUSDT,15,1652642100,8.86,8.9,8.85,8.88
FILUSDT,15,1652643000,8.88,8.97,8.88,8.95
FILUSDT,15,1652643900,8.95,9.01,8.95,9.0
FILUSDT,15,1652644800,9.0,9.04,8.94,9.02
FILUSDT,15,1652645700,9.02,9.09,8.99,9.04
FILUSDT,15,1652646600,9.04,9.08,9.01,9.03
FILUSDT,15,1652647500,9.03,9.08,9.02,9.07
FILUSDT,15,1652648400,9.07,9.09,9.03,9.06
FILUSDT,15,1652649300,9.06,9.06,9.0,9.01
FILUSDT,15,1652650200,9.01,9.02,8.98,9.01
FILUSDT,15,1652651100,9.01,9.08,9.01,9.07
FILUSDT,15,1669935600,4.38,4.38,4.37,4.38
FILUSDT,15,1669935600,4.38,4.39,4.37,4.39
FILUSDT,1,1669935600,4.38,4.38,4.37,4.38
FILUSDT,1,1669935660,4.38,4.39,4.38,4.39
FILUSDT,1,1669935720,4.39,4.39,4.38,4.39
FILUSDT,1,1669935780,4.39,4.39,4.38,4.38
FILUSDT,1,1669935840,4.38,4.39,4.38,4.39
FILUSDT,1,1669935900,4.39,4.39,4.38,4.39
