symbol,period,start_at,open,high,low,close
BLZUSDT,15,1654502400,0.10764,0.10807,0.10741,0.10803
BLZUSDT,15,1654503300,0.10803,0.10834,0.10764,0.10825
BLZUSDT,15,1654504200,0.10825,0.10989,0.1082,0.10883
BLZUSDT,15,1654505100,0.10883,0.11028,0.1083,0.11019
BLZUSDT,15,1654506000,0.11019,0.11045,0.10839,0.10867
BLZUSDT,15,1654506900,0.10867,0.10988,0.1084,0.10851
BLZUSDT,15,1654507800,0.10851,0.10856,0.10771,0.10801
BLZUSDT,15,1654508700,0.10801,0.11232,0.10796,0.11062
BLZUSDT,15,1654509600,0.11062,0.11062,0.10911,0.10959
BLZUSDT,15,1654510500,0.10959,0.11041,0.10891,0.1099
BLZUSDT,15,1654511400,0.1099,0.11053,0.10952,0.10969
BLZUSDT,15,1654512300,0.10969,0.10978,0.10874,0.10887
BLZUSDT,15,1654513200,0.10887,0.11076,0.10873,0.10885
BLZUSDT,15,1654514100,0.10885,0.10897,0.10663,0.10699
BLZUSDT,15,1654515000,0.10699,0.1071,0.10653,0.10659
BLZUSDT,15,1654515900,0.10659,0.10691,0.10614,0.10616
BLZUSDT,15,1654516800,0.10616,0.1071,0.10616,0.10677
BLZUSDT,15,1654517700,0.10677,0.10691,0.10571,0.10619
BLZUSDT,15,1654518600,0.10619,0.10853,0.10579,0.10743
BLZUSDT,15,1654519500,0.10743,0.10772,0.10632,0.1068
BLZUSDT,15,1654520400,0.1068,0.10696,0.10189,0.10246
BLZUSDT,15,1654521300,0.10246,0.10288,0.10149,0.1026
BLZUSDT,15,1654522200,0.1026,0.10342,0.10099,0.10202
BLZUSDT,15,1654523100,0.10202,0.10202,0.10102,0.1015
BLZUSDT,15,1654524000,0.1015,0.10229,0.1015,0.10212
BLZUSDT,15,1654524900,0.10212,0.10246,0.1013,0.1017
BLZUSDT,15,1654525800,0.1017,0.10193,0.10075,0.10083
BLZUSDT,15,1654526700,0.10083,0.10087,0.10024,0.10064
BLZUSDT,15,1654527600,0.10064,0.10116,0.10051,0.101
BLZUSDT,15,1654528500,0.101,0.10112,0.1004,0.10058
BLZUSDT,15,1654529400,0.10058,0.10233,0.10058,0.10233
BLZUSDT,15,1654530300,0.10233,0.10245,0.10188,0.10245
BLZUSDT,15,1654531200,0.10245,0.10272,0.10191,0.10203
BLZUSDT,15,1654532100,0.10203,0.10221,0.10135,0.10143
BLZUSDT,15,1654533000,0.10143,0.10181,0.10139,0.10146
BLZUSDT,15,1654533900,0.10146,0.10154,0.10093,0.101
BLZUSDT,15,1654534800,0.101,0.10101,0.10063,0.10079
BLZUSDT,15,1654535700,0.10079,0.1014,0.10058,0.10131
BLZUSDT,15,1654536600,0.10131,0.10163,0.10114,0.10151
BLZUSDT,15,1654537500,0.10151,0.10192,0.10135,0.10192
BLZUSDT,15,1654538400,0.10192,0.10279,0.10183,0.10279
BLZUSDT,15,1654539300,0.10279,0.10404,0.10207,0.1031
BLZUSDT,15,1654540200,0.1031,0.10346,0.10293,0.103
BLZUSDT,15,1654541100,0.103,0.10312,0.10201,0.10216
BLZUSDT,15,1654542000,0.10216,0.10254,0.10184,0.10254
BLZUSDT,15,1654542900,0.10254,0.10301,0.10238,0.10268
BLZUSDT,15,1654543800,0.10268,0.10302,0.10248,0.10302
BLZUSDT,15,1654544700,0.10302,0.10302,0.10266,0.10277
BLZUSDT,15,1654545600,0.10277,0.10336,0.101,0.10134
BLZUSDT,15,1654546500,0.10134,0.10254,0.10134,0.1024
BLZUSDT,15,1654547400,0.1024,0.10246,0.10188,0.10205
BLZUSDT,15,1654548300,0.10205,0.10252,0.10198,0.10249
BLZUSDT,15,1654549200,0.10249,0.10268,0.10219,0.10232
BLZUSDT,15,1654550100,0.10232,0.10258,0.10215,0.1025
BLZUSDT,15,1654551000,0.1025,0.10286,0.10233,0.10281
BLZUSDT,15,1654551900,0.10281,0.1037,0.10278,0.1033
BLZUSDT,15,1654552800,0.1033,0.10376,0.10327,0.10359
BLZUSDT,15,1654553700,0.10359,0.10376,0.1026,0.10321
BLZUSDT,15,1654554600,0.10321,0.10331,0.10273,0.1028
BLZUSDT,15,1654555500,0.1028,0.10287,0.10129,0.10164
BLZUSDT,15,1654556400,0.10164,0.102,0.10056,0.10076
BLZUSDT,15,1654557300,0.10076,0.10102,0.0998,0.10062
BLZUSDT,15,1654558200,0.10062,0.10126,0.10057,0.10126
BLZUSDT,15,1654559100,0.10126,0.10136,0.10063,0.10088
BLZUSDT,15,1654560000,0.10088,0.10218,0.10011,0.10129
BLZUSDT,15,1654560900,0.10129,0.10199,0.10064,0.10181
BLZUSDT,15,1654561800,0.10181,0.10369,0.10099,0.10252
BLZUSDT,15,1654562700,0.10252,0.10319,0.10172,0.10221
BLZUSDT,15,1654563600,0.10221,0.10221,0.10095,0.10209
BLZUSDT,15,1654564500,0.10209,0.1021,0.10169,0.10179
BLZUSDT,15,1654565400,0.10179,0.10179,0.09968,0.09968
BLZUSDT,15,1654566300,0.09968,0.09985,0.09945,0.09976
BLZUSDT,15,1654567200,0.09976,0.10041,0.09948,0.09999
BLZUSDT,15,1654568100,0.09999,0.10037,0.09977,0.09991
BLZUSDT,15,1654569000,0.09991,0.10035,0.09973,0.10006
BLZUSDT,15,1654569900,0.10006,0.10049,0.1,0.10042
BLZUSDT,15,1654570800,0.10042,0.10062,0.10009,0.10054
BLZUSDT,15,1654571700,0.10054,0.10246,0.10054,0.10225
BLZUSDT,15,1654572600,0.10225,0.1042,0.10188,0.1037
BLZUSDT,15,1654573500,0.1037,0.1043,0.1031,0.10323
BLZUSDT,15,1654574400,0.10323,0.10357,0.10255,0.10279
BLZUSDT,15,1654575300,0.10279,0.10425,0.10279,0.1042
BLZUSDT,15,1654576200,0.1042,0.10483,0.10394,0.10402
BLZUSDT,15,1654577100,0.10402,0.1047,0.10369,0.10451
BLZUSDT,15,1654578000,0.10451,0.10541,0.10408,0.10524
BLZUSDT,15,1654578900,0.10524,0.10562,0.10492,0.10525
BLZUSDT,15,1654579800,0.10525,0.10663,0.10525,0.10642
BLZUSDT,15,1654580700,0.10642,0.10845,0.1063,0.10799
BLZUSDT,15,1654581600,0.10799,0.10966,0.10667,0.107
BLZUSDT,15,1654582500,0.107,0.107,0.10501,0.10538
BLZUSDT,15,1654583400,0.10538,0.10662,0.10428,0.10657
BLZUSDT,15,1654584300,0.10657,0.10767,0.10657,0.1074
BLZUSDT,15,1654585200,0.1074,0.10784,0.10645,0.10659
BLZUSDT,15,1654586100,0.10659,0.10687,0.10605,0.10685
BLZUSDT,15,1654587000,0.10685,0.10686,0.10619,0.10631
BLZUSDT,15,1654587900,0.10631,0.10681,0.10576,0.1058
