symbol,period,start_at,open,high,low,close
ZILUSDT,15,1652565600,0.05042,0.05065,0.04994,0.0505
ZILUSDT,15,1652566500,0.0505,0.05051,0.05,0.05002
ZILUSDT,15,1652567400,0.05002,0.05029,0.0497,0.05019
ZILUSDT,15,1652568300,0.05019,0.05186,0.05019,0.05147
ZILUSDT,15,1652569200,0.05147,0.05175,0.05091,0.0511
ZILUSDT,15,1652570100,0.0511,0.05185,0.05097,0.05163
ZILUSDT,15,1652571000,0.05163,0.05219,0.05144,0.05212
ZILUSDT,15,1652571900,0.05212,0.05289,0.05181,0.05276
ZILUSDT,15,1652572800,0.05276,0.05309,0.0516,0.05178
ZILUSDT,15,1652573700,0.05178,0.05288,0.05174,0.05254
ZILUSDT,15,1652574600,0.05254,0.05283,0.05174,0.05187
ZILUSDT,15,1652575500,0.05187,0.05187,0.05118,0.0512
ZILUSDT,15,1652576400,0.0512,0.05143,0.05085,0.05095
ZILUSDT,15,1652577300,0.05095,0.05125,0.05068,0.05074
ZILUSDT,15,1652578200,0.05074,0.05085,0.05034,0.0506
ZILUSDT,15,1652579100,0.0506,0.05112,0.05049,0.05088
ZILUSDT,15,1652580000,0.05088,0.05137,0.05014,0.05017
ZILUSDT,15,1652580900,0.05017,0.05021,0.04968,0.04983
ZILUSDT,15,1652581800,0.04983,0.04983,0.04919,0.0493
ZILUSDT,15,1652582700,0.0493,0.04952,0.04904,0.04937
ZILUSDT,15,1652583600,0.04937,0.04966,0.04904,0.0492
ZILUSDT,15,1652584500,0.0492,0.04925,0.04884,0.04891
ZILUSDT,15,1652585400,0.04891,0.04927,0.0487,0.04917
ZILUSDT,15,1652586300,0.04917,0.04928,0.04912,0.04921
ZILUSDT,15,1652587200,0.04921,0.05,0.04898,0.04989
ZILUSDT,15,1652588100,0.04989,0.05009,0.04964,0.04998
ZILUSDT,15,1652589000,0.04998,0.05019,0.04929,0.0497
ZILUSDT,15,1652589900,0.0497,0.05061,0.04957,0.05055
ZILUSDT,15,1652590800,0.05055,0.05075,0.04981,0.05035
ZILUSDT,15,1652591700,0.05035,0.05074,0.05017,0.05057
ZILUSDT,15,1652592600,0.05057,0.05123,0.05049,0.05119
ZILUSDT,15,1652593500,0.05119,0.05159,0.0511,0.05135
ZILUSDT,15,1652594400,0.05135,0.05143,0.05086,0.05093
ZILUSDT,15,1652595300,0.05093,0.0514,0.05089,0.05126
ZILUSDT,15,1652596200,0.05126,0.05126,0.05065,0.05079
ZILUSDT,15,1652597100,0.05079,0.05135,0.05058,0.05133
ZILUSDT,15,1652598000,0.05133,0.05176,0.05115,0.05135
ZILUSDT,15,1652598900,0.05135,0.05144,0.05084,0.05091
ZILUSDT,15,1652599800,0.05091,0.05112,0.05076,0.05099
ZILUSDT,15,1652600700,0.05099,0.05101,0.05019,0.05026
ZILUSDT,15,1652601600,0.05026,0.05054,0.05002,0.05008
ZILUSDT,15,1652602500,0.05008,0.05034,0.04981,0.0501
ZILUSDT,15,1652603400,0.0501,0.05052,0.05001,0.05032
ZILUSDT,15,1652604300,0.05032,0.05032,0.04966,0.04977
ZILUSDT,15,1652605200,0.04977,0.04999,0.04951,0.04956
ZILUSDT,15,1652606100,0.04956,0.05044,0.04944,0.05017
ZILUSDT,15,1652607000,0.05017,0.05052,0.05009,0.05046
ZILUSDT,15,1652607900,0.05046,0.05078,0.05043,0.05055
ZILUSDT,15,1652608800,0.05055,0.05063,0.05003,0.05029
ZILUSDT,15,1652609700,0.05029,0.05051,0.04998,0.05044
ZILUSDT,15,1652610600,0.05044,0.05069,0.05012,0.05056
ZILUSDT,15,1652611500,0.05056,0.05159,0.05049,0.0515
ZILUSDT,15,1652612400,0.0515,0.05176,0.05121,0.05127
ZILUSDT,15,1652613300,0.05127,0.05156,0.05083,0.05151
ZILUSDT,15,1652614200,0.05151,0.05202,0.05142,0.05195
ZILUSDT,15,1652615100,0.05195,0.05239,0.05183,0.05211
ZILUSDT,15,1652616000,0.05211,0.05249,0.05196,0.05208
ZILUSDT,15,1652616900,0.05208,0.05261,0.05181,0.05193
ZILUSDT,15,1652617800,0.05193,0.05215,0.05155,0.05187
ZILUSDT,15,1652618700,0.05187,0.05217,0.05153,0.05171
ZILUSDT,15,1652619600,0.05171,0.05173,0.05125,0.05166
ZILUSDT,15,1652620500,0.05166,0.05176,0.05072,0.0509
ZILUSDT,15,1652621400,0.0509,0.05128,0.05065,0.05079
ZILUSDT,15,1652622300,0.05079,0.05116,0.05062,0.05095
ZILUSDT,15,1652623200,0.05095,0.05099,0.05012,0.05063
ZILUSDT,15,1652624100,0.05063,0.05075,0.05007,0.0504
ZILUSDT,15,1652625000,0.0504,0.05092,0.04995,0.05085
ZILUSDT,15,1652625900,0.05085,0.05178,0.05078,0.05108
ZILUSDT,15,1652626800,0.05108,0.05222,0.05099,0.0519
ZILUSDT,15,1652627700,0.0519,0.0519,0.05132,0.05141
ZILUSDT,15,1652628600,0.05141,0.05141,0.05089,0.05114
ZILUSDT,15,1652629500,0.05114,0.05129,0.05045,0.05099
ZILUSDT,15,1652630400,0.05099,0.0514,0.05071,0.05109
ZILUSDT,15,1652631300,0.05109,0.05161,0.05109,0.05149
ZILUSDT,15,1652632200,0.05149,0.05236,0.05129,0.05217
ZILUSDT,15,1652633100,0.05217,0.05229,0.05172,0.05195
ZILUSDT,15,1652634000,0.05195,0.05227,0.05172,0.0521
ZILUSDT,15,1652634900,0.0521,0.05232,0.05171,0.05182
ZILUSDT,15,1652635800,0.05182,0.05193,0.05148,0.0516
ZILUSDT,15,1652636700,0.0516,0.0517,0.05122,0.05147
ZILUSDT,15,1652637600,0.05147,0.05188,0.05111,0.05188
ZILUSDT,15,1652638500,0.05188,0.05319,0.05188,0.05236
ZILUSDT,15,1652639400,0.05236,0.0533,0.0519,0.0533
ZILUSDT,15,1652640300,0.0533,0.05339,0.0525,0.05258
ZILUSDT,15,1652641200,0.05258,0.05264,0.05211,0.05225
ZILUSDT,15,1652642100,0.05225,0.05263,0.05207,0.05214
ZILUSDT,15,1652643000,0.05214,0.05267,0.05212,0.05267
ZILUSDT,15,1652643900,0.05267,0.05277,0.05222,0.05265
ZILUSDT,15,1652644800,0.05265,0.05355,0.05224,0.05351
ZILUSDT,15,1652645700,0.05351,0.05405,0.05326,0.05354
ZILUSDT,15,1652646600,0.05354,0.05367,0.05326,0.05347
ZILUSDT,15,1652647500,0.05347,0.05367,0.0533,0.05355
ZILUSDT,15,1652648400,0.05355,0.05386,0.05337,0.05345
ZILUSDT,15,1652649300,0.05345,0.05345,0.05308,0.05309
ZILUSDT,15,1652650200,0.05309,0.05333,0.05299,0.05329
ZILUSDT,15,1652651100,0.05329,0.05397,0.05326,0.05383
ZILUSDT,15,1669935600,0.02273,0.02281,0.02273,0.02281
ZILUSDT,15,1669935600,0.02273,0.02281,0.02273,0.02278
ZILUSDT,1,1669935600,0.02273,0.02278,0.02273,0.02278
ZILUSDT,1,1669935660,0.02278,0.02281,0.02278,0.02281
ZILUSDT,1,1669935720,0.02281,0.02281,0.02279,0.02279
ZILUSDT,1,1669935780,0.02279,0.0228,0.02278,0.02278
ZILUSDT,1,1669935840,0.02278,0.02278,0.02278,0.02278
ZILUSDT,1,1669935900,0.02278,0.02279,0.02278,0.02278
