symbol,period,start_at,open,high,low,close
ETHUSDT,15,1652565600,2027.8,2036.67,2022.75,2035.92
ETHUSDT,15,1652566500,2035.92,2037.75,2026.84,2027.97
ETHUSDT,15,1652567400,2027.97,2032.56,2023.56,2032.47
ETHUSDT,15,1652568300,2032.47,2063.64,2031.78,2055.92
ETHUSDT,15,1652569200,2055.92,2063.28,2047.82,2048.03
ETHUSDT,15,1652570100,2048.03,2057.27,2042.53,2052.96
ETHUSDT,15,1652571000,2052.96,2060.49,2047.59,2060.1
ETHUSDT,15,1652571900,2060.1,2066.52,2052.36,2056.22
ETHUSDT,15,1652572800,2056.22,2062.27,2047.73,2050.46
ETHUSDT,15,1652573700,2050.46,2079.17,2050.46,2068.99
ETHUSDT,15,1652574600,2068.99,2071.01,2056.06,2057.5
ETHUSDT,15,1652575500,2057.5,2057.5,2050.19,2053.36
ETHUSDT,15,1652576400,2053.36,2056.36,2037.49,2040.52
ETHUSDT,15,1652577300,2040.52,2043.93,2037.16,2037.18
ETHUSDT,15,1652578200,2037.18,2042.29,2033.1,2040.23
ETHUSDT,15,1652579100,2040.23,2046.65,2039.44,2040.54
ETHUSDT,15,1652580000,2040.54,2049.54,2028.51,2029.83
ETHUSDT,15,1652580900,2029.83,2036.32,2025.22,2029.51
ETHUSDT,15,1652581800,2029.51,2031.96,2025.58,2026.68
ETHUSDT,15,1652582700,2026.68,2032.64,2022.23,2031.34
ETHUSDT,15,1652583600,2031.34,2034.69,2025.46,2026.23
ETHUSDT,15,1652584500,2026.23,2026.59,2002.05,2006.33
ETHUSDT,15,1652585400,2006.33,2013.43,2000.98,2011.25
ETHUSDT,15,1652586300,2011.25,2015.74,2010.55,2014.3
ETHUSDT,15,1652587200,2014.3,2021.54,2011.1,2020.74
ETHUSDT,15,1652588100,2020.74,2021.8,2016.5,2017.93
ETHUSDT,15,1652589000,2017.93,2019.34,2002.69,2012.54
ETHUSDT,15,1652589900,2012.54,2017.77,2009.65,2015.54
ETHUSDT,15,1652590800,2015.54,2019.18,2006.3,2014.62
ETHUSDT,15,1652591700,2014.62,2021.22,2012.7,2019.99
ETHUSDT,15,1652592600,2019.99,2030.52,2016.78,2030.12
ETHUSDT,15,1652593500,2030.12,2036.77,2027.14,2033.25
ETHUSDT,15,1652594400,2033.25,2039.44,2028.05,2028.36
ETHUSDT,15,1652595300,2028.36,2037.36,2024.69,2035.61
ETHUSDT,15,1652596200,2035.61,2036.03,2025.23,2025.79
ETHUSDT,15,1652597100,2025.79,2037.74,2023.29,2036.3
ETHUSDT,15,1652598000,2036.3,2049.19,2036.3,2044.61
ETHUSDT,15,1652598900,2044.61,2048.0,2039.58,2040.09
ETHUSDT,15,1652599800,2040.09,2043.6,2036.51,2040.67
ETHUSDT,15,1652600700,2040.67,2042.02,2033.3,2037.36
ETHUSDT,15,1652601600,2037.36,2040.21,2030.01,2030.99
ETHUSDT,15,1652602500,2030.99,2036.07,2025.59,2030.4
ETHUSDT,15,1652603400,2030.4,2034.59,2027.16,2031.4
ETHUSDT,15,1652604300,2031.4,2031.46,2018.84,2022.38
ETHUSDT,15,1652605200,2022.38,2026.82,2020.69,2021.14
ETHUSDT,15,1652606100,2021.14,2034.67,2020.14,2031.14
ETHUSDT,15,1652607000,2031.14,2036.35,2029.74,2035.52
ETHUSDT,15,1652607900,2035.52,2038.96,2032.14,2036.23
ETHUSDT,15,1652608800,2036.23,2039.42,2026.82,2030.1
ETHUSDT,15,1652609700,2030.1,2033.94,2028.09,2033.7
ETHUSDT,15,1652610600,2033.7,2036.44,2027.11,2034.9
ETHUSDT,15,1652611500,2034.9,2055.46,2033.67,2055.22
ETHUSDT,15,1652612400,2055.22,2058.88,2051.15,2053.84
ETHUSDT,15,1652613300,2053.84,2067.11,2048.12,2061.54
ETHUSDT,15,1652614200,2061.54,2085.51,2059.67,2074.07
ETHUSDT,15,1652615100,2074.07,2084.07,2073.89,2080.61
ETHUSDT,15,1652616000,2080.61,2095.32,2080.61,2084.75
ETHUSDT,15,1652616900,2084.75,2099.07,2080.74,2082.7
ETHUSDT,15,1652617800,2082.7,2089.81,2076.45,2087.92
ETHUSDT,15,1652618700,2087.92,2092.19,2079.81,2084.13
ETHUSDT,15,1652619600,2084.13,2084.31,2073.28,2083.89
ETHUSDT,15,1652620500,2083.89,2085.31,2067.97,2072.0
ETHUSDT,15,1652621400,2072.0,2073.8,2066.23,2069.84
ETHUSDT,15,1652622300,2069.84,2073.88,2066.99,2070.46
ETHUSDT,15,1652623200,2070.46,2073.37,2060.46,2064.79
ETHUSDT,15,1652624100,2064.79,2068.34,2057.64,2061.85
ETHUSDT,15,1652625000,2061.85,2068.8,2055.51,2065.08
ETHUSDT,15,1652625900,2065.08,2070.69,2063.85,2068.27
ETHUSDT,15,1652626800,2068.27,2082.92,2066.52,2077.51
ETHUSDT,15,1652627700,2077.51,2077.6,2062.78,2063.29
ETHUSDT,15,1652628600,2063.29,2064.48,2051.72,2055.42
ETHUSDT,15,1652629500,2055.42,2063.99,2048.46,2062.41
ETHUSDT,15,1652630400,2062.41,2069.07,2057.7,2059.67
ETHUSDT,15,1652631300,2059.67,2073.67,2059.43,2071.17
ETHUSDT,15,1652632200,2071.17,2089.89,2066.23,2087.24
ETHUSDT,15,1652633100,2087.24,2089.18,2079.65,2083.33
ETHUSDT,15,1652634000,2083.33,2092.36,2079.78,2090.02
ETHUSDT,15,1652634900,2090.02,2091.66,2083.46,2085.45
ETHUSDT,15,1652635800,2085.45,2085.49,2073.21,2074.41
ETHUSDT,15,1652636700,2074.41,2077.92,2066.47,2067.89
ETHUSDT,15,1652637600,2067.89,2074.8,2066.09,2074.77
ETHUSDT,15,1652638500,2074.77,2084.67,2074.37,2079.66
ETHUSDT,15,1652639400,2079.66,2095.01,2078.16,2095.01
ETHUSDT,15,1652640300,2095.01,2096.4,2082.96,2089.01
ETHUSDT,15,1652641200,2089.01,2093.3,2081.03,2082.82
ETHUSDT,15,1652642100,2082.82,2086.07,2080.16,2081.08
ETHUSDT,15,1652643000,2081.08,2093.11,2080.43,2090.65
ETHUSDT,15,1652643900,2090.65,2105.07,2090.29,2104.21
ETHUSDT,15,1652644800,2104.21,2132.56,2096.66,2126.6
ETHUSDT,15,1652645700,2126.6,2134.43,2119.74,2122.77
ETHUSDT,15,1652646600,2122.77,2126.99,2117.73,2122.46
ETHUSDT,15,1652647500,2122.46,2132.82,2120.31,2132.21
ETHUSDT,15,1652648400,2132.21,2138.57,2124.13,2126.94
ETHUSDT,15,1652649300,2126.94,2126.94,2119.78,2119.89
ETHUSDT,15,1652650200,2119.89,2132.54,2119.07,2127.26
ETHUSDT,15,1652651100,2127.26,2135.84,2126.98,2135.25
ETHUSDT,15,1669935600,1276.88,1277.35,1276.88,1277.2
ETHUSDT,15,1669935600,1276.88,1278.69,1276.88,1277.81
ETHUSDT,1,1669935600,1276.88,1277.35,1276.88,1277.16
ETHUSDT,1,1669935660,1277.16,1278.56,1277.15,1278.56
ETHUSDT,1,1669935720,1278.56,1278.69,1277.3,1277.59
ETHUSDT,1,1669935780,1277.59,1277.85,1277.03,1277.34
ETHUSDT,1,1669935840,1277.34,1278.23,1277.32,1277.38
ETHUSDT,1,1669935900,1277.38,1277.85,1277.08,1277.08
