symbol,interval,open_time,open,high,low,close,volume,turnover
ETHUSDZ22,15,1654848000,1827.45,1830.35,1826.9,1828.35,54927,30.03578493
ETHUSDZ22,15,1654848900,1828.35,1829.65,1826,1826.15,64773,35.4364248
ETHUSDZ22,15,1654849800,1826.15,1826.2,1820.85,1820.95,70838,38.83429762
ETHUSDZ22,15,1654850700,1820.95,1825.8,1820.1,1821.55,86473,47.42938428
ETHUSDZ22,15,1654851600,1821.55,1823.5,1815.25,1816.75,65745,36.12403242
ETHUSDZ22,15,1654852500,1816.75,1821.25,1807.95,1820.15,71578,39.44381768
ETHUSDZ22,15,1654853400,1820.15,1821.25,1812.15,1814.25,75373,41.48310394
ETHUSDZ22,15,1654854300,1814.25,1815.45,1801.05,1803.95,70444,38.97538442
ETHUSDZ22,15,1654855200,1803.95,1807.05,1799.6,1800.2,94944,52.66418579
ETHUSDZ22,15,1654856100,1800.2,1806.75,1800.2,1803.9,323784,179.43182323
ETHUSDZ22,15,1654857000,1803.9,1807.55,1803.4,1804.6,78886,43.68648797
ETHUSDZ22,15,1654857900,1804.6,1807.35,1804.6,1806.6,70035,38.76841485
ETHUSDZ22,15,1654858800,1806.6,1808.7,1804.7,1804.85,73486,40.69014151
ETHUSDZ22,15,1654859700,1804.85,1806.45,1803.3,1804.15,82059,45.45382357
ETHUSDZ22,15,1654860600,1804.15,1812.85,1804.15,1809.95,58633,32.38938378
ETHUSDZ22,15,1654861500,1809.95,1810.6,1806.35,1807.35,68987,38.14903922
ETHUSDZ22,15,1654862400,1807.35,1812.45,1803.35,1812.05,92563,51.17735556
ETHUSDZ22,15,1654863300,1812.05,1815.1,1809.65,1812.95,74869,41.29694791
ETHUSDZ22,15,1654864200,1812.95,1812.95,1762.9,1772.95,140846,79.02721042
ETHUSDZ22,15,1654865100,1772.95,1778.1,1755.65,1761.2,70766,40.00373596
ETHUSDZ22,15,1654866000,1761.2,1767.4,1759,1764.25,70917,40.20700411
ETHUSDZ22,15,1654866900,1764.25,1764.65,1742.65,1751.65,85582,48.83239791
ETHUSDZ22,15,1654867800,1751.65,1760.4,1738.3,1760.4,78621,44.89705342
ETHUSDZ22,15,1654868700,1760.4,1766.85,1753.65,1758.2,133774,76.06861952
ETHUSDZ22,15,1654869600,1758.2,1763.1,1749.35,1761.75,49574,28.20184966
ETHUSDZ22,15,1654870500,1761.75,1768.8,1760.8,1765.1,65853,37.2952223
ETHUSDZ22,15,1654871400,1765.1,1778.7,1764.25,1778.7,108323,61.01162204
ETHUSDZ22,15,1654872300,1778.7,1781.6,1769.3,1769.3,90985,51.22003872
ETHUSDZ22,15,1654873200,1769.3,1773.55,1764.8,1766.4,57565,32.55777191
ETHUSDZ22,15,1654874100,1766.4,1766.4,1753.25,1758.05,106565,60.48834322
ETHUSDZ22,15,1654875000,1758.05,1764.55,1755.25,1762.9,96615,54.89847478
ETHUSDZ22,15,1654875900,1762.9,1766.6,1755.9,1759.75,99028,56.25634639
ETHUSDZ22,15,1654876800,1759.75,1762.6,1747.7,1747.7,98300,55.99096527
ETHUSDZ22,15,1654877700,1747.7,1752.75,1686,1697.2,214593,124.48331667
ETHUSDZ22,15,1654878600,1697.2,1716.9,1689.65,1702.6,110905,65.20870444
ETHUSDZ22,15,1654879500,1702.6,1718.85,1693.4,1713.15,367865,216.28364375
ETHUSDZ22,15,1654880400,1713.15,1715.85,1705.4,1710.75,90225,52.73692793
ETHUSDZ22,15,1654881300,1710.75,1724.8,1707.9,1722.3,113792,66.32995418
ETHUSDZ22,15,1654882200,1722.3,1722.3,1712.55,1712.8,98561,57.45030073
ETHUSDZ22,15,1654883100,1712.8,1720.2,1712,1714,96186,56.07546119
ETHUSDZ22,15,1654884000,1714,1716.9,1705.95,1715.45,101944,59.48009903
ETHUSDZ22,15,1654884900,1715.45,1718.8,1710.5,1711.1,88072,51.37095393
ETHUSDZ22,15,1654885800,1711.1,1713.55,1703.95,1705.5,115145,67.33050574
ETHUSDZ22,15,1654886700,1705.5,1713.65,1704.7,1710.45,85441,50.05353588
ETHUSDZ22,15,1654887600,1710.45,1710.5,1699.6,1708.35,102878,60.33503308
ETHUSDZ22,15,1654888500,1708.35,1715.35,1698.75,1706.4,107612,63.0516544
ETHUSDZ22,15,1654889400,1706.4,1714.35,1704.8,1706.15,102382,59.88891754
ETHUSDZ22,15,1654890300,1706.15,1706.15,1700.2,1700.2,85074,49.9665939
ETHUSDZ22,15,1654891200,1700.2,1714.65,1699.15,1712.2,91071,53.26280246
ETHUSDZ22,15,1654892100,1712.2,1716.9,1712.2,1713.85,70945,41.39542226
ETHUSDZ22,15,1654893000,1713.85,1717.15,1712.25,1713.9,96577,56.32877535
ETHUSDZ22,15,1654893900,1713.9,1714.85,1708.95,1710.85,87654,51.21261929
ETHUSDZ22,15,1654894800,1710.85,1712.05,1705,1705,82349,48.18887522
ETHUSDZ22,15,1654895700,1705,1705.4,1704.25,1704.95,113702,66.69837122
ETHUSDZ22,15,1654896600,1704.95,1707.25,1702.6,1707.15,58221,34.16510119
ETHUSDZ22,15,1654897500,1707.15,1712.7,1705.8,1708.3,111062,64.97344489
ETHUSDZ22,15,1654898400,1708.3,1715.95,1707.5,1712.65,114328,66.73815013
ETHUSDZ22,15,1654899300,1712.65,1715.85,1706.2,1706.4,97916,57.22384947
ETHUSDZ22,15,1654900200,1706.4,1707.3,1703,1703,95651,56.0874296
ETHUSDZ22,15,1654901100,1703,1710.85,1703,1706.6,89783,52.60701204
ETHUSDZ22,15,1654902000,1706.6,1707.1,1702,1703,86605,50.80626587
ETHUSDZ22,15,1654902900,1703,1704.45,1686.65,1697,100169,58.98298753
ETHUSDZ22,15,1654903800,1697,1699.7,1689.15,1690.7,93561,55.22697653
ETHUSDZ22,15,1654904700,1690.7,1694.3,1685.5,1692.75,94099,55.60389867
ETHUSDZ22,15,1654905600,1692.75,1700.95,1688.65,1698.2,72862,42.96210034
ETHUSDZ22,15,1654906500,1698.2,1704.15,1697.25,1703.4,91049,53.49950203
ETHUSDZ22,15,1654907400,1703.4,1713.55,1700.75,1711.65,84603,49.55008399
ETHUSDZ22,15,1654908300,1711.65,1712.45,1710.65,1711.05,90888,53.1085528
ETHUSDZ22,15,1654909200,1711.05,1712.5,1708.65,1708.85,78646,45.98498611
ETHUSDZ22,15,1654910100,1708.85,1709.2,1706.15,1707.45,75345,44.11319633
ETHUSDZ22,15,1654911000,1707.45,1710.3,1706.95,1709.45,72327,42.34566881
ETHUSDZ22,15,1654911900,1709.45,1709.5,1705.95,1706.45,125411,73.42735636
ETHUSDZ22,15,1654912800,1706.45,1707.2,1699.35,1701.35,85021,49.9224609
ETHUSDZ22,15,1654913700,1701.35,1703.55,1697.65,1703.55,95372,56.0510652
ETHUSDZ22,15,1654914600,1703.55,1704.55,1701.4,1702.55,69117,40.59454557
ETHUSDZ22,15,1654915500,1702.55,1707.2,1699.6,1703.65,85298,50.08431221
ETHUSDZ22,15,1654916400,1703.65,1706.2,1702.2,1702.65,87950,51.60902655
ETHUSDZ22,15,1654917300,1702.65,1703.1,1700.95,1701.65,64308,37.77904445
ETHUSDZ22,15,1654918200,1701.65,1703.65,1700.9,1701.05,90000,52.87645942
ETHUSDZ22,15,1654919100,1701.05,1701.6,1700.05,1700.05,96994,57.02426573
ETHUSDZ22,15,1654920000,1700.05,1704.55,1699,1704.3,107369,63.1033974
ETHUSDZ22,15,1654920900,1704.3,1705.85,1702.15,1703.9,72377,42.47108222
ETHUSDZ22,15,1654921800,1703.9,1706,1703.05,1705.2,104992,61.62921444
ETHUSDZ22,15,1654922700,1705.2,1709,1704.75,1707.8,89613,52.51170416
ETHUSDZ22,15,1654923600,1707.8,1708.8,1705.95,1707.2,120382,70.51218485
ETHUSDZ22,15,1654924500,1707.2,1707.25,1700.75,1702.35,80049,47.02083815
ETHUSDZ22,15,1654925400,1702.35,1703.3,1700.7,1702,118503,69.62655137
ETHUSDZ22,15,1654926300,1702,1703.7,1693.7,1698.1,185009,108.81165218
ETHUSDZ22,15,1654927200,1698.1,1700.45,1697.55,1699.35,74427,43.80839135
ETHUSDZ22,15,1654928100,1699.35,1700.9,1698.25,1698.25,66975,39.40076142
ETHUSDZ22,15,1654929000,1698.25,1699.35,1695.6,1697.55,80978,47.68759679
ETHUSDZ22,15,1654929900,1697.55,1697.95,1694.35,1696.75,67172,39.59638057
ETHUSDZ22,15,1654930800,1696.75,1699.85,1693.9,1695.1,99395,58.55128095
ETHUSDZ22,15,1654931700,1695.1,1699.7,1693.95,1697.8,83185,49.01017565
ETHUSDZ22,15,1654932600,1697.8,1700.3,1697.8,1700.15,100500,59.1376145
ETHUSDZ22,15,1654933500,1700.15,1700.5,1696.75,1697.25,84139,49.56396172
