symbol,period,start_at,open,high,low,close
SUNUSDT,15,1652565600,0.009181,0.009197,0.009138,0.009197
SUNUSDT,15,1652566500,0.009197,0.00921,0.009172,0.00918
SUNUSDT,15,1652567400,0.00918,0.00918,0.009161,0.009168
SUNUSDT,15,1652568300,0.009168,0.009262,0.009168,0.009253
SUNUSDT,15,1652569200,0.009253,0.009283,0.009223,0.009231
SUNUSDT,15,1652570100,0.009231,0.009282,0.009231,0.009276
SUNUSDT,15,1652571000,0.009276,0.009311,0.009271,0.009299
SUNUSDT,15,1652571900,0.009299,0.009324,0.009279,0.009309
SUNUSDT,15,1652572800,0.009309,0.00931,0.00924,0.00924
SUNUSDT,15,1652573700,0.00924,0.009358,0.00924,0.009339
SUNUSDT,15,1652574600,0.009339,0.009342,0.00925,0.009263
SUNUSDT,15,1652575500,0.009263,0.009272,0.009216,0.009232
SUNUSDT,15,1652576400,0.009232,0.009254,0.00918,0.009192
SUNUSDT,15,1652577300,0.009192,0.009214,0.009192,0.00921
SUNUSDT,15,1652578200,0.00921,0.009232,0.009172,0.009185
SUNUSDT,15,1652579100,0.009185,0.009229,0.009179,0.009223
SUNUSDT,15,1652580000,0.009223,0.009232,0.009157,0.009158
SUNUSDT,15,1652580900,0.009158,0.009162,0.009125,0.009134
SUNUSDT,15,1652581800,0.009134,0.009143,0.009123,0.00913
SUNUSDT,15,1652582700,0.00913,0.009168,0.009124,0.009152
SUNUSDT,15,1652583600,0.009152,0.009161,0.00913,0.00913
SUNUSDT,15,1652584500,0.00913,0.009133,0.009084,0.00909
SUNUSDT,15,1652585400,0.00909,0.009128,0.009085,0.009112
SUNUSDT,15,1652586300,0.009112,0.009131,0.009109,0.009121
SUNUSDT,15,1652587200,0.009121,0.0099,0.009109,0.009633
SUNUSDT,15,1652588100,0.009633,0.009638,0.009288,0.009357
SUNUSDT,15,1652589000,0.009357,0.009362,0.00893,0.009114
SUNUSDT,15,1652589900,0.009114,0.009131,0.008821,0.008821
SUNUSDT,15,1652590800,0.008821,0.008965,0.00882,0.008902
SUNUSDT,15,1652591700,0.008902,0.008972,0.008891,0.008942
SUNUSDT,15,1652592600,0.008942,0.008988,0.008932,0.008983
SUNUSDT,15,1652593500,0.008983,0.009018,0.008952,0.00896
SUNUSDT,15,1652594400,0.00896,0.008988,0.00895,0.008959
SUNUSDT,15,1652595300,0.008959,0.008973,0.008933,0.008962
SUNUSDT,15,1652596200,0.008962,0.008968,0.008931,0.008932
SUNUSDT,15,1652597100,0.008932,0.009001,0.008925,0.008972
SUNUSDT,15,1652598000,0.008972,0.009561,0.008972,0.009538
SUNUSDT,15,1652598900,0.009538,0.009744,0.009078,0.009081
SUNUSDT,15,1652599800,0.009081,0.009108,0.009023,0.009059
SUNUSDT,15,1652600700,0.009059,0.009064,0.008978,0.008994
SUNUSDT,15,1652601600,0.008994,0.009029,0.008972,0.009006
SUNUSDT,15,1652602500,0.009006,0.009022,0.008923,0.009004
SUNUSDT,15,1652603400,0.009004,0.009084,0.008991,0.00907
SUNUSDT,15,1652604300,0.00907,0.009348,0.008911,0.009003
SUNUSDT,15,1652605200,0.009003,0.009029,0.008978,0.009029
SUNUSDT,15,1652606100,0.009029,0.009091,0.009023,0.009063
SUNUSDT,15,1652607000,0.009063,0.009072,0.009031,0.009043
SUNUSDT,15,1652607900,0.009043,0.00909,0.009032,0.009068
SUNUSDT,15,1652608800,0.009068,0.009068,0.008998,0.009013
SUNUSDT,15,1652609700,0.009013,0.009018,0.009002,0.009002
SUNUSDT,15,1652610600,0.009002,0.009022,0.008981,0.009009
SUNUSDT,15,1652611500,0.009009,0.00912,0.009003,0.009119
SUNUSDT,15,1652612400,0.009119,0.009146,0.009092,0.0091
SUNUSDT,15,1652613300,0.0091,0.00912,0.009053,0.009119
SUNUSDT,15,1652614200,0.009119,0.009229,0.009119,0.009161
SUNUSDT,15,1652615100,0.009161,0.009242,0.009141,0.009146
SUNUSDT,15,1652616000,0.009146,0.00917,0.009121,0.009141
SUNUSDT,15,1652616900,0.009141,0.009213,0.009138,0.009157
SUNUSDT,15,1652617800,0.009157,0.009159,0.009099,0.009135
SUNUSDT,15,1652618700,0.009135,0.009159,0.009093,0.0091
SUNUSDT,15,1652619600,0.0091,0.009121,0.009076,0.009102
SUNUSDT,15,1652620500,0.009102,0.009108,0.009009,0.009022
SUNUSDT,15,1652621400,0.009022,0.00903,0.008981,0.00899
SUNUSDT,15,1652622300,0.00899,0.008994,0.008919,0.008936
SUNUSDT,15,1652623200,0.008936,0.008942,0.008872,0.008891
SUNUSDT,15,1652624100,0.008891,0.008913,0.008837,0.008841
SUNUSDT,15,1652625000,0.008841,0.008926,0.008836,0.008925
SUNUSDT,15,1652625900,0.008925,0.00895,0.00891,0.008919
SUNUSDT,15,1652626800,0.008919,0.00901,0.008912,0.009004
SUNUSDT,15,1652627700,0.009004,0.009008,0.00895,0.008977
SUNUSDT,15,1652628600,0.008977,0.008977,0.008881,0.008882
SUNUSDT,15,1652629500,0.008882,0.008892,0.008826,0.00887
SUNUSDT,15,1652630400,0.00887,0.008953,0.008863,0.008917
SUNUSDT,15,1652631300,0.008917,0.009003,0.008911,0.009003
SUNUSDT,15,1652632200,0.009003,0.009039,0.008977,0.009002
SUNUSDT,15,1652633100,0.009002,0.009044,0.008995,0.00904
SUNUSDT,15,1652634000,0.00904,0.00904,0.009003,0.00901
SUNUSDT,15,1652634900,0.00901,0.00902,0.008979,0.008982
SUNUSDT,15,1652635800,0.008982,0.008982,0.008948,0.008953
SUNUSDT,15,1652636700,0.008953,0.008963,0.008943,0.008953
SUNUSDT,15,1652637600,0.008953,0.008953,0.008932,0.008943
SUNUSDT,15,1652638500,0.008943,0.008981,0.008942,0.00896
SUNUSDT,15,1652639400,0.00896,0.009022,0.00896,0.009022
SUNUSDT,15,1652640300,0.009022,0.009031,0.008979,0.009003
SUNUSDT,15,1652641200,0.009003,0.00901,0.008987,0.00899
SUNUSDT,15,1652642100,0.00899,0.009002,0.008971,0.008971
SUNUSDT,15,1652643000,0.008971,0.009042,0.008971,0.009022
SUNUSDT,15,1652643900,0.009022,0.009088,0.009019,0.009074
SUNUSDT,15,1652644800,0.009074,0.00922,0.009048,0.009177
SUNUSDT,15,1652645700,0.009177,0.009243,0.009122,0.009218
SUNUSDT,15,1652646600,0.009218,0.009232,0.009172,0.009207
SUNUSDT,15,1652647500,0.009207,0.009216,0.00919,0.009198
SUNUSDT,15,1652648400,0.009198,0.009259,0.009198,0.00923
SUNUSDT,15,1652649300,0.00923,0.00923,0.00915,0.009159
SUNUSDT,15,1652650200,0.009159,0.009191,0.009142,0.009171
SUNUSDT,15,1652651100,0.009171,0.009211,0.009171,0.009194
SUNUSDT,15,1669935600,0.005423,0.005425,0.005423,0.005425
SUNUSDT,15,1669935600,0.005423,0.005428,0.005423,0.005427
SUNUSDT,1,1669935600,0.005423,0.005425,0.005423,0.005423
SUNUSDT,1,1669935660,0.005423,0.005425,0.005423,0.005425
SUNUSDT,1,1669935720,0.005425,0.005428,0.005425,0.005427
SUNUSDT,1,1669935780,0.005427,0.005427,0.005424,0.005426
SUNUSDT,1,1669935840,0.005426,0.005427,0.005424,0.005427
SUNUSDT,1,1669935900,0.005427,0.005427,0.005425,0.005425
