symbol,period,start_at,open,high,low,close
NEOUSDT,15,1652565600,10.47,10.54,10.45,10.54
NEOUSDT,15,1652566500,10.54,10.56,10.45,10.47
NEOUSDT,15,1652567400,10.47,10.49,10.44,10.49
NEOUSDT,15,1652568300,10.49,10.68,10.49,10.61
NEOUSDT,15,1652569200,10.61,10.64,10.52,10.53
NEOUSDT,15,1652570100,10.53,10.59,10.52,10.59
NEOUSDT,15,1652571000,10.59,10.68,10.57,10.67
NEOUSDT,15,1652571900,10.67,10.72,10.63,10.67
NEOUSDT,15,1652572800,10.67,10.72,10.55,10.56
NEOUSDT,15,1652573700,10.56,10.77,10.56,10.72
NEOUSDT,15,1652574600,10.72,10.76,10.63,10.65
NEOUSDT,15,1652575500,10.65,10.66,10.62,10.63
NEOUSDT,15,1652576400,10.63,10.65,10.56,10.56
NEOUSDT,15,1652577300,10.56,10.6,10.56,10.57
NEOUSDT,15,1652578200,10.57,10.59,10.53,10.57
NEOUSDT,15,1652579100,10.57,10.61,10.55,10.59
NEOUSDT,15,1652580000,10.59,10.69,10.51,10.51
NEOUSDT,15,1652580900,10.51,10.52,10.42,10.43
NEOUSDT,15,1652581800,10.43,10.45,10.38,10.38
NEOUSDT,15,1652582700,10.38,10.42,10.35,10.39
NEOUSDT,15,1652583600,10.39,10.41,10.32,10.32
NEOUSDT,15,1652584500,10.32,10.32,10.24,10.25
NEOUSDT,15,1652585400,10.25,10.33,10.24,10.32
NEOUSDT,15,1652586300,10.32,10.36,10.32,10.36
NEOUSDT,15,1652587200,10.36,10.42,10.31,10.41
NEOUSDT,15,1652588100,10.41,10.43,10.37,10.38
NEOUSDT,15,1652589000,10.38,10.39,10.26,10.31
NEOUSDT,15,1652589900,10.31,10.37,10.29,10.34
NEOUSDT,15,1652590800,10.34,10.36,10.29,10.31
NEOUSDT,15,1652591700,10.31,10.4,10.3,10.39
NEOUSDT,15,1652592600,10.39,10.5,10.37,10.5
NEOUSDT,15,1652593500,10.5,10.58,10.49,10.55
NEOUSDT,15,1652594400,10.55,10.59,10.53,10.53
NEOUSDT,15,1652595300,10.53,10.61,10.52,10.59
NEOUSDT,15,1652596200,10.59,10.6,10.52,10.53
NEOUSDT,15,1652597100,10.53,10.62,10.52,10.62
NEOUSDT,15,1652598000,10.62,10.68,10.6,10.64
NEOUSDT,15,1652598900,10.64,10.66,10.6,10.6
NEOUSDT,15,1652599800,10.6,10.61,10.58,10.6
NEOUSDT,15,1652600700,10.6,10.6,10.49,10.52
NEOUSDT,15,1652601600,10.52,10.54,10.44,10.44
NEOUSDT,15,1652602500,10.44,10.46,10.39,10.44
NEOUSDT,15,1652603400,10.44,10.49,10.42,10.47
NEOUSDT,15,1652604300,10.47,10.47,10.39,10.41
NEOUSDT,15,1652605200,10.41,10.47,10.39,10.42
NEOUSDT,15,1652606100,10.42,10.52,10.4,10.49
NEOUSDT,15,1652607000,10.49,10.55,10.49,10.55
NEOUSDT,15,1652607900,10.55,10.58,10.53,10.55
NEOUSDT,15,1652608800,10.55,10.56,10.49,10.51
NEOUSDT,15,1652609700,10.51,10.55,10.49,10.54
NEOUSDT,15,1652610600,10.54,10.57,10.5,10.56
NEOUSDT,15,1652611500,10.56,10.65,10.56,10.65
NEOUSDT,15,1652612400,10.65,10.68,10.63,10.65
NEOUSDT,15,1652613300,10.65,10.68,10.59,10.67
NEOUSDT,15,1652614200,10.67,10.76,10.67,10.72
NEOUSDT,15,1652615100,10.72,10.81,10.72,10.79
NEOUSDT,15,1652616000,10.79,10.87,10.78,10.82
NEOUSDT,15,1652616900,10.82,10.89,10.77,10.77
NEOUSDT,15,1652617800,10.77,10.77,10.69,10.73
NEOUSDT,15,1652618700,10.73,10.75,10.68,10.73
NEOUSDT,15,1652619600,10.73,10.73,10.63,10.69
NEOUSDT,15,1652620500,10.69,10.7,10.59,10.61
NEOUSDT,15,1652621400,10.61,10.63,10.56,10.57
NEOUSDT,15,1652622300,10.57,10.58,10.54,10.56
NEOUSDT,15,1652623200,10.56,10.57,10.45,10.49
NEOUSDT,15,1652624100,10.49,10.5,10.42,10.47
NEOUSDT,15,1652625000,10.47,10.54,10.41,10.52
NEOUSDT,15,1652625900,10.52,10.57,10.52,10.56
NEOUSDT,15,1652626800,10.56,10.67,10.55,10.67
NEOUSDT,15,1652627700,10.67,10.67,10.57,10.57
NEOUSDT,15,1652628600,10.57,10.58,10.49,10.5
NEOUSDT,15,1652629500,10.5,10.53,10.43,10.52
NEOUSDT,15,1652630400,10.52,10.56,10.46,10.47
NEOUSDT,15,1652631300,10.47,10.53,10.47,10.53
NEOUSDT,15,1652632200,10.53,10.7,10.52,10.7
NEOUSDT,15,1652633100,10.7,10.7,10.64,10.65
NEOUSDT,15,1652634000,10.65,10.7,10.63,10.7
NEOUSDT,15,1652634900,10.7,10.71,10.63,10.64
NEOUSDT,15,1652635800,10.64,10.64,10.5,10.5
NEOUSDT,15,1652636700,10.5,10.52,10.4,10.4
NEOUSDT,15,1652637600,10.4,10.44,10.38,10.4
NEOUSDT,15,1652638500,10.4,10.44,10.37,10.42
NEOUSDT,15,1652639400,10.42,10.51,10.4,10.5
NEOUSDT,15,1652640300,10.5,10.51,10.44,10.47
NEOUSDT,15,1652641200,10.47,10.48,10.44,10.45
NEOUSDT,15,1652642100,10.45,10.48,10.42,10.42
NEOUSDT,15,1652643000,10.42,10.49,10.42,10.46
NEOUSDT,15,1652643900,10.46,10.55,10.46,10.55
NEOUSDT,15,1652644800,10.55,10.7,10.51,10.7
NEOUSDT,15,1652645700,10.7,10.83,10.67,10.76
NEOUSDT,15,1652646600,10.76,10.79,10.72,10.78
NEOUSDT,15,1652647500,10.78,10.83,10.77,10.83
NEOUSDT,15,1652648400,10.83,10.86,10.79,10.8
NEOUSDT,15,1652649300,10.8,10.81,10.74,10.74
NEOUSDT,15,1652650200,10.74,10.78,10.74,10.78
NEOUSDT,15,1652651100,10.78,10.89,10.78,10.88
NEOUSDT,15,1669935600,6.79,6.8,6.79,6.8
NEOUSDT,15,1669935600,6.79,6.81,6.79,6.79
NEOUSDT,1,1669935600,6.79,6.8,6.79,6.8
NEOUSDT,1,1669935660,6.8,6.8,6.8,6.8
NEOUSDT,1,1669935720,6.8,6.81,6.8,6.81
NEOUSDT,1,1669935780,6.81,6.81,6.8,6.8
NEOUSDT,1,1669935840,6.8,6.8,6.79,6.79
NEOUSDT,1,1669935900,6.79,6.79,6.79,6.79
