symbol,period,start_at,open,high,low,close
THETAUSDT,15,1652565600,1.387,1.389,1.37,1.381
THETAUSDT,15,1652566500,1.381,1.387,1.381,1.381
THETAUSDT,15,1652567400,1.381,1.383,1.372,1.382
THETAUSDT,15,1652568300,1.382,1.421,1.382,1.411
THETAUSDT,15,1652569200,1.411,1.421,1.394,1.4
THETAUSDT,15,1652570100,1.4,1.42,1.399,1.418
THETAUSDT,15,1652571000,1.418,1.432,1.413,1.426
THETAUSDT,15,1652571900,1.426,1.443,1.426,1.433
THETAUSDT,15,1652572800,1.433,1.44,1.416,1.417
THETAUSDT,15,1652573700,1.417,1.448,1.417,1.447
THETAUSDT,15,1652574600,1.447,1.455,1.422,1.428
THETAUSDT,15,1652575500,1.428,1.428,1.416,1.419
THETAUSDT,15,1652576400,1.419,1.423,1.406,1.412
THETAUSDT,15,1652577300,1.412,1.419,1.403,1.403
THETAUSDT,15,1652578200,1.403,1.407,1.391,1.398
THETAUSDT,15,1652579100,1.398,1.406,1.397,1.399
THETAUSDT,15,1652580000,1.399,1.416,1.383,1.385
THETAUSDT,15,1652580900,1.385,1.387,1.372,1.374
THETAUSDT,15,1652581800,1.374,1.38,1.369,1.373
THETAUSDT,15,1652582700,1.373,1.38,1.368,1.373
THETAUSDT,15,1652583600,1.373,1.377,1.367,1.369
THETAUSDT,15,1652584500,1.369,1.37,1.351,1.358
THETAUSDT,15,1652585400,1.358,1.367,1.353,1.365
THETAUSDT,15,1652586300,1.365,1.369,1.362,1.367
THETAUSDT,15,1652587200,1.367,1.38,1.363,1.378
THETAUSDT,15,1652588100,1.378,1.38,1.371,1.377
THETAUSDT,15,1652589000,1.377,1.378,1.351,1.364
THETAUSDT,15,1652589900,1.364,1.392,1.36,1.379
THETAUSDT,15,1652590800,1.379,1.385,1.371,1.377
THETAUSDT,15,1652591700,1.377,1.377,1.368,1.373
THETAUSDT,15,1652592600,1.373,1.394,1.373,1.394
THETAUSDT,15,1652593500,1.394,1.407,1.39,1.403
THETAUSDT,15,1652594400,1.403,1.42,1.4,1.403
THETAUSDT,15,1652595300,1.403,1.41,1.394,1.407
THETAUSDT,15,1652596200,1.407,1.407,1.385,1.386
THETAUSDT,15,1652597100,1.386,1.407,1.384,1.406
THETAUSDT,15,1652598000,1.406,1.415,1.401,1.407
THETAUSDT,15,1652598900,1.407,1.411,1.398,1.399
THETAUSDT,15,1652599800,1.399,1.407,1.395,1.403
THETAUSDT,15,1652600700,1.403,1.404,1.384,1.386
THETAUSDT,15,1652601600,1.386,1.39,1.37,1.371
THETAUSDT,15,1652602500,1.371,1.384,1.364,1.376
THETAUSDT,15,1652603400,1.376,1.385,1.371,1.382
THETAUSDT,15,1652604300,1.382,1.382,1.367,1.369
THETAUSDT,15,1652605200,1.369,1.379,1.366,1.37
THETAUSDT,15,1652606100,1.37,1.388,1.366,1.383
THETAUSDT,15,1652607000,1.383,1.386,1.377,1.384
THETAUSDT,15,1652607900,1.384,1.39,1.381,1.383
THETAUSDT,15,1652608800,1.383,1.387,1.372,1.381
THETAUSDT,15,1652609700,1.381,1.381,1.369,1.374
THETAUSDT,15,1652610600,1.374,1.393,1.369,1.392
THETAUSDT,15,1652611500,1.392,1.401,1.39,1.398
THETAUSDT,15,1652612400,1.398,1.406,1.393,1.398
THETAUSDT,15,1652613300,1.398,1.409,1.39,1.404
THETAUSDT,15,1652614200,1.404,1.431,1.401,1.425
THETAUSDT,15,1652615100,1.425,1.439,1.424,1.43
THETAUSDT,15,1652616000,1.43,1.451,1.43,1.441
THETAUSDT,15,1652616900,1.441,1.45,1.428,1.429
THETAUSDT,15,1652617800,1.429,1.435,1.423,1.433
THETAUSDT,15,1652618700,1.433,1.441,1.422,1.427
THETAUSDT,15,1652619600,1.427,1.427,1.413,1.426
THETAUSDT,15,1652620500,1.426,1.427,1.397,1.403
THETAUSDT,15,1652621400,1.403,1.407,1.393,1.393
THETAUSDT,15,1652622300,1.393,1.399,1.385,1.387
THETAUSDT,15,1652623200,1.387,1.391,1.367,1.379
THETAUSDT,15,1652624100,1.379,1.381,1.365,1.373
THETAUSDT,15,1652625000,1.373,1.381,1.361,1.375
THETAUSDT,15,1652625900,1.375,1.383,1.374,1.379
THETAUSDT,15,1652626800,1.379,1.406,1.378,1.403
THETAUSDT,15,1652627700,1.403,1.403,1.39,1.39
THETAUSDT,15,1652628600,1.39,1.391,1.381,1.387
THETAUSDT,15,1652629500,1.387,1.392,1.372,1.385
THETAUSDT,15,1652630400,1.385,1.396,1.379,1.393
THETAUSDT,15,1652631300,1.393,1.398,1.383,1.395
THETAUSDT,15,1652632200,1.395,1.432,1.395,1.429
THETAUSDT,15,1652633100,1.429,1.429,1.418,1.423
THETAUSDT,15,1652634000,1.423,1.428,1.408,1.42
THETAUSDT,15,1652634900,1.42,1.431,1.416,1.431
THETAUSDT,15,1652635800,1.431,1.431,1.405,1.411
THETAUSDT,15,1652636700,1.411,1.412,1.387,1.387
THETAUSDT,15,1652637600,1.387,1.401,1.38,1.396
THETAUSDT,15,1652638500,1.396,1.397,1.382,1.386
THETAUSDT,15,1652639400,1.386,1.392,1.367,1.373
THETAUSDT,15,1652640300,1.373,1.374,1.352,1.354
THETAUSDT,15,1652641200,1.354,1.372,1.353,1.363
THETAUSDT,15,1652642100,1.363,1.375,1.363,1.372
THETAUSDT,15,1652643000,1.372,1.392,1.372,1.388
THETAUSDT,15,1652643900,1.388,1.408,1.387,1.404
THETAUSDT,15,1652644800,1.404,1.43,1.395,1.426
THETAUSDT,15,1652645700,1.426,1.445,1.417,1.439
THETAUSDT,15,1652646600,1.439,1.448,1.425,1.437
THETAUSDT,15,1652647500,1.437,1.451,1.428,1.444
THETAUSDT,15,1652648400,1.444,1.459,1.427,1.437
THETAUSDT,15,1652649300,1.437,1.437,1.426,1.427
THETAUSDT,15,1652650200,1.427,1.436,1.424,1.435
THETAUSDT,15,1652651100,1.435,1.451,1.434,1.449
THETAUSDT,15,1669935600,0.922,0.922,0.921,0.922
THETAUSDT,15,1669935600,0.922,0.923,0.921,0.922
THETAUSDT,1,1669935600,0.922,0.922,0.921,0.921
THETAUSDT,1,1669935660,0.921,0.922,0.921,0.922
THETAUSDT,1,1669935720,0.922,0.923,0.922,0.923
THETAUSDT,1,1669935780,0.923,0.923,0.922,0.922
THETAUSDT,1,1669935840,0.922,0.922,0.922,0.922
THETAUSDT,1,1669935900,0.922,0.922,0.922,0.922
