symbol,period,start_at,open,high,low,close
ZRXUSDT,15,1652565600,0.4155,0.4168,0.4069,0.4098
ZRXUSDT,15,1652566500,0.4098,0.4099,0.406,0.4061
ZRXUSDT,15,1652567400,0.4061,0.4095,0.4053,0.4095
ZRXUSDT,15,1652568300,0.4095,0.4239,0.4094,0.4204
ZRXUSDT,15,1652569200,0.4204,0.4219,0.4106,0.4115
ZRXUSDT,15,1652570100,0.4115,0.4179,0.4094,0.4176
ZRXUSDT,15,1652571000,0.4176,0.4205,0.4156,0.4191
ZRXUSDT,15,1652571900,0.4191,0.4202,0.4171,0.4183
ZRXUSDT,15,1652572800,0.4183,0.4342,0.4146,0.4202
ZRXUSDT,15,1652573700,0.4202,0.4267,0.4201,0.4228
ZRXUSDT,15,1652574600,0.4228,0.4249,0.4164,0.4221
ZRXUSDT,15,1652575500,0.4221,0.4221,0.4153,0.4179
ZRXUSDT,15,1652576400,0.4179,0.4196,0.4132,0.4161
ZRXUSDT,15,1652577300,0.4161,0.4343,0.4161,0.4246
ZRXUSDT,15,1652578200,0.4246,0.4367,0.422,0.4254
ZRXUSDT,15,1652579100,0.4254,0.4342,0.4252,0.4285
ZRXUSDT,15,1652580000,0.4285,0.4301,0.4206,0.4218
ZRXUSDT,15,1652580900,0.4218,0.4229,0.4189,0.4191
ZRXUSDT,15,1652581800,0.4191,0.4192,0.4144,0.4159
ZRXUSDT,15,1652582700,0.4159,0.4159,0.4119,0.4128
ZRXUSDT,15,1652583600,0.4128,0.4132,0.4086,0.4091
ZRXUSDT,15,1652584500,0.4091,0.4103,0.4071,0.4094
ZRXUSDT,15,1652585400,0.4094,0.412,0.4059,0.4119
ZRXUSDT,15,1652586300,0.4119,0.4133,0.4103,0.4129
ZRXUSDT,15,1652587200,0.4129,0.4175,0.4121,0.4168
ZRXUSDT,15,1652588100,0.4168,0.4185,0.4154,0.416
ZRXUSDT,15,1652589000,0.416,0.417,0.4115,0.4165
ZRXUSDT,15,1652589900,0.4165,0.4192,0.4146,0.4171
ZRXUSDT,15,1652590800,0.4171,0.4171,0.4106,0.4128
ZRXUSDT,15,1652591700,0.4128,0.4156,0.4119,0.4149
ZRXUSDT,15,1652592600,0.4149,0.4205,0.4146,0.4204
ZRXUSDT,15,1652593500,0.4204,0.4247,0.4197,0.4239
ZRXUSDT,15,1652594400,0.4239,0.4247,0.4207,0.4211
ZRXUSDT,15,1652595300,0.4211,0.4259,0.4207,0.4218
ZRXUSDT,15,1652596200,0.4218,0.4237,0.4196,0.42
ZRXUSDT,15,1652597100,0.42,0.4239,0.4188,0.4232
ZRXUSDT,15,1652598000,0.4232,0.4262,0.4219,0.4235
ZRXUSDT,15,1652598900,0.4235,0.4239,0.4173,0.418
ZRXUSDT,15,1652599800,0.418,0.4196,0.4173,0.4174
ZRXUSDT,15,1652600700,0.4174,0.4178,0.414,0.4152
ZRXUSDT,15,1652601600,0.4152,0.4177,0.4139,0.4147
ZRXUSDT,15,1652602500,0.4147,0.4167,0.4126,0.4147
ZRXUSDT,15,1652603400,0.4147,0.4207,0.4147,0.4199
ZRXUSDT,15,1652604300,0.4199,0.4199,0.4124,0.4132
ZRXUSDT,15,1652605200,0.4132,0.4138,0.4096,0.4097
ZRXUSDT,15,1652606100,0.4097,0.4185,0.4092,0.4168
ZRXUSDT,15,1652607000,0.4168,0.418,0.4146,0.4169
ZRXUSDT,15,1652607900,0.4169,0.4177,0.4158,0.4169
ZRXUSDT,15,1652608800,0.4169,0.4169,0.4119,0.4126
ZRXUSDT,15,1652609700,0.4126,0.4137,0.4107,0.4124
ZRXUSDT,15,1652610600,0.4124,0.4127,0.4107,0.4124
ZRXUSDT,15,1652611500,0.4124,0.4202,0.4124,0.4201
ZRXUSDT,15,1652612400,0.4201,0.4228,0.4192,0.4201
ZRXUSDT,15,1652613300,0.4201,0.4207,0.4172,0.4202
ZRXUSDT,15,1652614200,0.4202,0.4239,0.4193,0.4194
ZRXUSDT,15,1652615100,0.4194,0.4225,0.4193,0.4202
ZRXUSDT,15,1652616000,0.4202,0.4239,0.4201,0.4226
ZRXUSDT,15,1652616900,0.4226,0.4255,0.4211,0.4211
ZRXUSDT,15,1652617800,0.4211,0.4211,0.4181,0.42
ZRXUSDT,15,1652618700,0.42,0.4217,0.4194,0.4208
ZRXUSDT,15,1652619600,0.4208,0.4212,0.4179,0.4211
ZRXUSDT,15,1652620500,0.4211,0.4251,0.4209,0.4218
ZRXUSDT,15,1652621400,0.4218,0.4252,0.4207,0.4224
ZRXUSDT,15,1652622300,0.4224,0.4249,0.4213,0.4236
ZRXUSDT,15,1652623200,0.4236,0.424,0.4136,0.4154
ZRXUSDT,15,1652624100,0.4154,0.416,0.4089,0.411
ZRXUSDT,15,1652625000,0.411,0.4154,0.4075,0.4149
ZRXUSDT,15,1652625900,0.4149,0.4166,0.4137,0.4153
ZRXUSDT,15,1652626800,0.4153,0.4233,0.4152,0.4232
ZRXUSDT,15,1652627700,0.4232,0.4276,0.4203,0.4245
ZRXUSDT,15,1652628600,0.4245,0.4245,0.4182,0.4186
ZRXUSDT,15,1652629500,0.4186,0.419,0.4093,0.4121
ZRXUSDT,15,1652630400,0.4121,0.4145,0.4099,0.4119
ZRXUSDT,15,1652631300,0.4119,0.4146,0.4118,0.4141
ZRXUSDT,15,1652632200,0.4141,0.4181,0.4137,0.4168
ZRXUSDT,15,1652633100,0.4168,0.4177,0.413,0.4137
ZRXUSDT,15,1652634000,0.4137,0.4168,0.4132,0.4162
ZRXUSDT,15,1652634900,0.4162,0.4177,0.4156,0.4163
ZRXUSDT,15,1652635800,0.4163,0.4164,0.4142,0.415
ZRXUSDT,15,1652636700,0.415,0.4159,0.4131,0.4147
ZRXUSDT,15,1652637600,0.4147,0.4267,0.4144,0.4267
ZRXUSDT,15,1652638500,0.4267,0.4352,0.4266,0.435
ZRXUSDT,15,1652639400,0.435,0.4393,0.4336,0.4378
ZRXUSDT,15,1652640300,0.4378,0.4384,0.4322,0.4324
ZRXUSDT,15,1652641200,0.4324,0.4335,0.4293,0.4306
ZRXUSDT,15,1652642100,0.4306,0.4324,0.4284,0.4284
ZRXUSDT,15,1652643000,0.4284,0.4316,0.4277,0.4278
ZRXUSDT,15,1652643900,0.4278,0.4304,0.4276,0.429
ZRXUSDT,15,1652644800,0.429,0.4353,0.4258,0.434
ZRXUSDT,15,1652645700,0.434,0.4382,0.4326,0.4344
ZRXUSDT,15,1652646600,0.4344,0.4356,0.4321,0.4344
ZRXUSDT,15,1652647500,0.4344,0.4355,0.433,0.4332
ZRXUSDT,15,1652648400,0.4332,0.4341,0.4296,0.431
ZRXUSDT,15,1652649300,0.431,0.4319,0.4298,0.4298
ZRXUSDT,15,1652650200,0.4298,0.432,0.4296,0.4313
ZRXUSDT,15,1652651100,0.4313,0.4348,0.4313,0.4344
ZRXUSDT,15,1669935600,0.1923,0.1929,0.1923,0.1929
ZRXUSDT,15,1669935600,0.1923,0.1932,0.1923,0.193
ZRXUSDT,1,1669935600,0.1923,0.1927,0.1923,0.1927
ZRXUSDT,1,1669935660,0.1927,0.1929,0.1927,0.1929
ZRXUSDT,1,1669935720,0.1929,0.1932,0.1929,0.1931
ZRXUSDT,1,1669935780,0.1931,0.1931,0.1929,0.1929
ZRXUSDT,1,1669935840,0.1929,0.193,0.1929,0.193
ZRXUSDT,1,1669935900,0.193,0.193,0.1929,0.1929
