symbol,interval,open_time,open,high,low,close,volume,turnover
XRPUSD,15,1652565600,0.4214,0.4232,0.4184,0.4226,2850921,6780744.74931351
XRPUSD,15,1652566500,0.4226,0.4236,0.4194,0.4195,1327464,3151420.78311961
XRPUSD,15,1652567400,0.4195,0.4244,0.4194,0.424,2135114,5068114.34076555
XRPUSD,15,1652568300,0.424,0.4297,0.4234,0.4258,5808948,13607126.45590201
XRPUSD,15,1652569200,0.4258,0.4274,0.4226,0.4238,2261544,5320469.01312096
XRPUSD,15,1652570100,0.4238,0.4257,0.4222,0.4254,1553392,3662716.96499323
XRPUSD,15,1652571000,0.4254,0.4277,0.4238,0.4273,1221726,2867595.83491809
XRPUSD,15,1652571900,0.4273,0.4276,0.4244,0.4248,1200247,2818889.28609933
XRPUSD,15,1652572800,0.4248,0.4263,0.4213,0.4224,1728900,4083016.15025996
XRPUSD,15,1652573700,0.4224,0.4296,0.4224,0.4279,1889699,4422145.75013384
XRPUSD,15,1652574600,0.4279,0.4293,0.4242,0.4246,1014388,2377049.2262466
XRPUSD,15,1652575500,0.4246,0.4252,0.4235,0.4247,731752,1724821.77003745
XRPUSD,15,1652576400,0.4247,0.4256,0.4213,0.4217,915835,2167004.07105154
XRPUSD,15,1652577300,0.4217,0.4227,0.4206,0.4208,865727,2054387.81391081
XRPUSD,15,1652578200,0.4208,0.4215,0.4177,0.4197,1811910,4319774.45825508
XRPUSD,15,1652579100,0.4197,0.4224,0.4195,0.4205,869254,2064237.821182
XRPUSD,15,1652580000,0.4205,0.4235,0.4167,0.4174,1236626,2944967.42724293
XRPUSD,15,1652580900,0.4174,0.4184,0.415,0.4169,1607645,3857353.94151777
XRPUSD,15,1652581800,0.4169,0.4181,0.4158,0.417,907017,2176133.46260849
XRPUSD,15,1652582700,0.417,0.4204,0.4162,0.4192,819468,1956921.93199411
XRPUSD,15,1652583600,0.4192,0.4204,0.4181,0.4181,379702,905576.94873658
XRPUSD,15,1652584500,0.4181,0.4184,0.4141,0.4153,1056186,2540535.48108275
XRPUSD,15,1652585400,0.4153,0.4174,0.4136,0.417,646569,1556434.6880056
XRPUSD,15,1652586300,0.417,0.4183,0.4169,0.4182,436578,1045124.28964428
XRPUSD,15,1652587200,0.4182,0.4197,0.4165,0.4193,703270,1681045.05201974
XRPUSD,15,1652588100,0.4193,0.42,0.4176,0.4177,512146,1223045.15487985
XRPUSD,15,1652589000,0.4177,0.4181,0.414,0.4165,829015,1994743.25255406
XRPUSD,15,1652589900,0.4165,0.4179,0.4158,0.4161,524320,1257857.69959433
XRPUSD,15,1652590800,0.4161,0.4179,0.4155,0.4178,775026,1860604.6067754
XRPUSD,15,1652591700,0.4178,0.419,0.4169,0.4187,413189,988096.09739834
XRPUSD,15,1652592600,0.4187,0.422,0.4176,0.4215,785621,1869953.49314773
XRPUSD,15,1652593500,0.4215,0.4233,0.4205,0.422,1149200,2721331.10977107
XRPUSD,15,1652594400,0.422,0.4234,0.4201,0.4202,789639,1873055.73409448
XRPUSD,15,1652595300,0.4202,0.423,0.4188,0.4218,989568,2347559.71777124
XRPUSD,15,1652596200,0.4218,0.4218,0.4194,0.4195,479931,1140551.28667978
XRPUSD,15,1652597100,0.4195,0.4247,0.4188,0.424,1285315,3046031.57312511
XRPUSD,15,1652598000,0.424,0.4255,0.4228,0.4238,1311668,3093769.13376362
XRPUSD,15,1652598900,0.4238,0.4244,0.4221,0.4225,460521,1087503.33346486
XRPUSD,15,1652599800,0.4225,0.4243,0.4218,0.4227,359576,850246.68973473
XRPUSD,15,1652600700,0.4227,0.423,0.4189,0.4198,1322643,3144365.88238801
XRPUSD,15,1652601600,0.4198,0.4205,0.4178,0.4184,1125276,2683964.80154298
XRPUSD,15,1652602500,0.4184,0.4194,0.4161,0.4183,1238733,2966697.42107749
XRPUSD,15,1652603400,0.4183,0.4201,0.4174,0.4187,407805,974291.73368859
XRPUSD,15,1652604300,0.4187,0.4187,0.4163,0.4178,1256392,3013169.06718629
XRPUSD,15,1652605200,0.4178,0.4186,0.4169,0.4171,224322,536993.13571751
XRPUSD,15,1652606100,0.4171,0.42,0.4168,0.4191,681229,1626728.22269353
XRPUSD,15,1652607000,0.4191,0.42,0.4188,0.42,298991,713182.04043849
XRPUSD,15,1652607900,0.42,0.4209,0.4198,0.4209,404878,962988.85270913
XRPUSD,15,1652608800,0.4209,0.4213,0.4188,0.4193,451870,1075887.45308856
XRPUSD,15,1652609700,0.4193,0.4194,0.4187,0.4192,367212,876369.41987739
XRPUSD,15,1652610600,0.4192,0.4205,0.4178,0.4201,429766,1024210.16438701
XRPUSD,15,1652611500,0.4201,0.4233,0.42,0.4228,1336682,3167937.83539907
XRPUSD,15,1652612400,0.4228,0.4242,0.4221,0.4229,1208382,2855247.64907749
XRPUSD,15,1652613300,0.4229,0.4267,0.4213,0.4258,1655836,3903687.46026244
XRPUSD,15,1652614200,0.4258,0.4292,0.4252,0.426,2483326,5812179.33200097
XRPUSD,15,1652615100,0.426,0.4295,0.4258,0.4291,1171713,2736461.06148539
XRPUSD,15,1652616000,0.4291,0.4338,0.429,0.4316,3548127,8222470.1650814
XRPUSD,15,1652616900,0.4316,0.434,0.429,0.4297,2006840,4649105.43638194
XRPUSD,15,1652617800,0.4297,0.4313,0.427,0.4304,1292117,3012686.23429367
XRPUSD,15,1652618700,0.4304,0.4319,0.4291,0.4314,940016,2181729.08415098
XRPUSD,15,1652619600,0.4314,0.4325,0.4288,0.4323,1084592,2519783.62312806
XRPUSD,15,1652620500,0.4323,0.4336,0.4281,0.4286,1672817,3882932.74748278
XRPUSD,15,1652621400,0.4286,0.429,0.4252,0.4255,1869357,4377393.72882383
XRPUSD,15,1652622300,0.4255,0.4263,0.4234,0.4248,2153342,5070966.22793166
XRPUSD,15,1652623200,0.4248,0.4256,0.4211,0.423,1996004,4723532.19867428
XRPUSD,15,1652624100,0.423,0.4244,0.4191,0.4224,1650078,3911622.15585886
XRPUSD,15,1652625000,0.4224,0.4252,0.4204,0.4247,1276260,3017295.64202258
XRPUSD,15,1652625900,0.4247,0.4273,0.4236,0.4246,1618435,3803403.79640629
XRPUSD,15,1652626800,0.4246,0.4287,0.4242,0.4272,1467042,3437922.95176314
XRPUSD,15,1652627700,0.4272,0.4272,0.4243,0.4251,750210,1763135.39538746
XRPUSD,15,1652628600,0.4251,0.4252,0.4226,0.424,1623739,3832510.72737149
XRPUSD,15,1652629500,0.424,0.4253,0.4216,0.4253,1103241,2601295.40269938
XRPUSD,15,1652630400,0.4253,0.4272,0.4236,0.4245,1165838,2739424.4963541
XRPUSD,15,1652631300,0.4245,0.4257,0.4221,0.4242,936625,2213737.29761623
XRPUSD,15,1652632200,0.4242,0.4277,0.4229,0.4271,665156,1563920.73998883
XRPUSD,15,1652633100,0.4271,0.4277,0.4254,0.4265,696118,1631627.59050319
XRPUSD,15,1652634000,0.4265,0.4285,0.4259,0.4278,1350901,3161428.75291877
XRPUSD,15,1652634900,0.4278,0.4285,0.4263,0.4268,472049,1105214.19892279
XRPUSD,15,1652635800,0.4268,0.427,0.4247,0.4249,310651,730015.94237248
XRPUSD,15,1652636700,0.4249,0.4252,0.423,0.4238,554175,1307690.13081814
XRPUSD,15,1652637600,0.4238,0.4247,0.4222,0.4247,728872,1720804.35491938
XRPUSD,15,1652638500,0.4247,0.4259,0.4236,0.4252,572080,1346116.64204069
XRPUSD,15,1652639400,0.4252,0.4294,0.4252,0.4289,2264181,5296199.34510253
XRPUSD,15,1652640300,0.4289,0.4294,0.4265,0.4276,809716,1893599.9401671
XRPUSD,15,1652641200,0.4276,0.4285,0.4261,0.4264,836715,1957585.61682855
XRPUSD,15,1652642100,0.4264,0.4275,0.4261,0.4262,257665,603578.68452114
XRPUSD,15,1652643000,0.4262,0.4292,0.4262,0.4284,321036,749354.44927185
XRPUSD,15,1652643900,0.4284,0.4313,0.4284,0.4309,1067683,2483649.61554812
XRPUSD,15,1652644800,0.4309,0.4383,0.4299,0.437,2606539,5990456.48401085
XRPUSD,15,1652645700,0.437,0.4392,0.435,0.4361,2851802,6530739.31562378
XRPUSD,15,1652646600,0.4361,0.4382,0.4342,0.4369,2478568,5675819.35144834
XRPUSD,15,1652647500,0.4369,0.4412,0.4362,0.4406,1944919,4430334.94732543
XRPUSD,15,1652648400,0.4406,0.4422,0.4386,0.4391,2056908,4672712.02198965
XRPUSD,15,1652649300,0.4391,0.4391,0.4373,0.4374,831697,1897564.84398778
XRPUSD,15,1652650200,0.4374,0.4404,0.4361,0.4386,890003,2031541.70064048
XRPUSD,15,1652651100,0.4386,0.4418,0.4383,0.4411,733625,1668400.4541051
