symbol,period,start_at,open,high,low,close
EGLDUSDT,15,1652565600,87.15,87.46,87.09,87.46
EGLDUSDT,15,1652566500,87.46,87.66,87.22,87.27
EGLDUSDT,15,1652567400,87.27,87.59,87.02,87.59
EGLDUSDT,15,1652568300,87.59,88.74,87.59,88.15
EGLDUSDT,15,1652569200,88.15,88.35,87.88,88.32
EGLDUSDT,15,1652570100,88.32,88.99,87.7,87.82
EGLDUSDT,15,1652571000,87.82,88.45,87.64,88.34
EGLDUSDT,15,1652571900,88.34,88.82,88.18,88.42
EGLDUSDT,15,1652572800,88.42,88.8,88.09,88.34
EGLDUSDT,15,1652573700,88.34,89.4,88.34,89.27
EGLDUSDT,15,1652574600,89.27,89.45,88.54,88.68
EGLDUSDT,15,1652575500,88.68,88.69,87.99,88.17
EGLDUSDT,15,1652576400,88.17,88.31,87.65,87.65
EGLDUSDT,15,1652577300,87.65,88.0,87.46,87.47
EGLDUSDT,15,1652578200,87.47,88.17,87.34,88.05
EGLDUSDT,15,1652579100,88.05,88.3,87.69,87.77
EGLDUSDT,15,1652580000,87.77,88.35,87.36,87.4
EGLDUSDT,15,1652580900,87.4,87.51,87.01,87.07
EGLDUSDT,15,1652581800,87.07,87.28,86.83,86.89
EGLDUSDT,15,1652582700,86.89,87.27,86.7,86.99
EGLDUSDT,15,1652583600,86.99,87.15,86.67,86.69
EGLDUSDT,15,1652584500,86.69,86.71,85.61,85.83
EGLDUSDT,15,1652585400,85.83,86.43,85.67,86.4
EGLDUSDT,15,1652586300,86.4,86.55,86.31,86.48
EGLDUSDT,15,1652587200,86.48,87.39,86.17,87.31
EGLDUSDT,15,1652588100,87.31,87.56,87.03,87.49
EGLDUSDT,15,1652589000,87.49,87.49,86.62,86.99
EGLDUSDT,15,1652589900,86.99,87.32,86.87,87.09
EGLDUSDT,15,1652590800,87.09,87.3,86.7,87.09
EGLDUSDT,15,1652591700,87.09,87.66,87.01,87.61
EGLDUSDT,15,1652592600,87.61,87.9,87.23,87.87
EGLDUSDT,15,1652593500,87.87,88.8,87.87,88.55
EGLDUSDT,15,1652594400,88.55,88.88,88.32,88.33
EGLDUSDT,15,1652595300,88.33,89.17,88.17,89.09
EGLDUSDT,15,1652596200,89.09,89.21,88.81,88.87
EGLDUSDT,15,1652597100,88.87,89.68,88.87,89.59
EGLDUSDT,15,1652598000,89.59,90.01,89.45,89.68
EGLDUSDT,15,1652598900,89.68,89.89,89.44,89.52
EGLDUSDT,15,1652599800,89.52,89.65,89.02,89.52
EGLDUSDT,15,1652600700,89.52,89.59,88.41,88.57
EGLDUSDT,15,1652601600,88.57,88.95,88.1,88.1
EGLDUSDT,15,1652602500,88.1,88.64,87.88,88.34
EGLDUSDT,15,1652603400,88.34,88.59,87.99,88.31
EGLDUSDT,15,1652604300,88.31,88.32,87.71,87.84
EGLDUSDT,15,1652605200,87.84,88.19,87.69,87.71
EGLDUSDT,15,1652606100,87.71,88.52,87.66,88.41
EGLDUSDT,15,1652607000,88.41,88.49,87.81,88.29
EGLDUSDT,15,1652607900,88.29,88.56,88.27,88.42
EGLDUSDT,15,1652608800,88.42,88.67,88.02,88.26
EGLDUSDT,15,1652609700,88.26,88.52,88.03,88.41
EGLDUSDT,15,1652610600,88.41,88.67,88.16,88.62
EGLDUSDT,15,1652611500,88.62,89.27,88.54,89.2
EGLDUSDT,15,1652612400,89.2,89.52,88.94,89.18
EGLDUSDT,15,1652613300,89.18,89.75,88.83,89.66
EGLDUSDT,15,1652614200,89.66,90.74,89.66,90.57
EGLDUSDT,15,1652615100,90.57,90.95,90.39,90.85
EGLDUSDT,15,1652616000,90.85,92.13,90.84,92.06
EGLDUSDT,15,1652616900,92.06,92.72,91.69,92.21
EGLDUSDT,15,1652617800,92.21,92.32,91.61,92.2
EGLDUSDT,15,1652618700,92.2,93.34,92.08,93.21
EGLDUSDT,15,1652619600,93.21,93.38,92.15,92.99
EGLDUSDT,15,1652620500,92.99,93.26,92.43,92.72
EGLDUSDT,15,1652621400,92.72,93.85,92.5,93.16
EGLDUSDT,15,1652622300,93.16,93.28,92.67,92.87
EGLDUSDT,15,1652623200,92.87,93.16,91.81,93.13
EGLDUSDT,15,1652624100,93.13,93.16,92.39,92.9
EGLDUSDT,15,1652625000,92.9,93.46,92.55,93.44
EGLDUSDT,15,1652625900,93.44,94.35,93.32,94.06
EGLDUSDT,15,1652626800,94.06,94.39,93.43,94.03
EGLDUSDT,15,1652627700,94.03,94.03,92.62,93.04
EGLDUSDT,15,1652628600,93.04,93.54,92.37,93.48
EGLDUSDT,15,1652629500,93.48,93.92,92.99,93.49
EGLDUSDT,15,1652630400,93.49,94.23,93.1,93.67
EGLDUSDT,15,1652631300,93.67,94.23,93.59,94.12
EGLDUSDT,15,1652632200,94.12,94.75,93.75,94.71
EGLDUSDT,15,1652633100,94.71,94.94,94.14,94.7
EGLDUSDT,15,1652634000,94.7,95.08,94.42,94.84
EGLDUSDT,15,1652634900,94.84,94.98,94.16,94.56
EGLDUSDT,15,1652635800,94.56,94.56,94.08,94.33
EGLDUSDT,15,1652636700,94.33,94.57,94.09,94.12
EGLDUSDT,15,1652637600,94.12,94.61,94.12,94.46
EGLDUSDT,15,1652638500,94.46,94.88,94.37,94.63
EGLDUSDT,15,1652639400,94.63,95.58,94.62,95.4
EGLDUSDT,15,1652640300,95.4,95.47,94.82,94.88
EGLDUSDT,15,1652641200,94.88,94.96,94.39,94.53
EGLDUSDT,15,1652642100,94.53,94.89,94.39,94.43
EGLDUSDT,15,1652643000,94.43,95.03,94.43,94.84
EGLDUSDT,15,1652643900,94.84,95.54,94.84,95.51
EGLDUSDT,15,1652644800,95.51,95.96,94.85,95.64
EGLDUSDT,15,1652645700,95.64,95.94,95.21,95.87
EGLDUSDT,15,1652646600,95.87,96.15,94.95,95.23
EGLDUSDT,15,1652647500,95.23,95.45,95.02,95.38
EGLDUSDT,15,1652648400,95.38,95.64,94.78,95.05
EGLDUSDT,15,1652649300,95.05,95.19,94.36,94.37
EGLDUSDT,15,1652650200,94.37,94.61,93.89,94.43
EGLDUSDT,15,1652651100,94.43,95.18,94.41,95.11
EGLDUSDT,15,1669935600,43.37,43.42,43.37,43.42
EGLDUSDT,15,1669935600,43.37,43.45,43.37,43.43
EGLDUSDT,1,1669935600,43.37,43.41,43.37,43.41
EGLDUSDT,1,1669935660,43.41,43.44,43.41,43.44
EGLDUSDT,1,1669935720,43.44,43.45,43.43,43.43
EGLDUSDT,1,1669935780,43.43,43.43,43.4,43.41
EGLDUSDT,1,1669935840,43.41,43.42,43.4,43.42
EGLDUSDT,1,1669935900,43.42,43.43,43.4,43.4
