symbol,period,start_at,open,high,low,close
TLMUSDT,15,1652565600,0.0324,0.0326,0.0322,0.0325
TLMUSDT,15,1652566500,0.0325,0.0326,0.0323,0.0323
TLMUSDT,15,1652567400,0.0323,0.0325,0.0323,0.0325
TLMUSDT,15,1652568300,0.0325,0.0336,0.0325,0.0334
TLMUSDT,15,1652569200,0.0334,0.0335,0.0331,0.0332
TLMUSDT,15,1652570100,0.0332,0.0335,0.0331,0.0333
TLMUSDT,15,1652571000,0.0333,0.0338,0.0333,0.0337
TLMUSDT,15,1652571900,0.0337,0.034,0.0335,0.0337
TLMUSDT,15,1652572800,0.0337,0.0339,0.0331,0.0331
TLMUSDT,15,1652573700,0.0331,0.034,0.0331,0.0338
TLMUSDT,15,1652574600,0.0338,0.034,0.0334,0.0334
TLMUSDT,15,1652575500,0.0334,0.0334,0.0332,0.0333
TLMUSDT,15,1652576400,0.0333,0.0334,0.0329,0.033
TLMUSDT,15,1652577300,0.033,0.0332,0.0329,0.0329
TLMUSDT,15,1652578200,0.0329,0.0329,0.0326,0.0328
TLMUSDT,15,1652579100,0.0328,0.033,0.0327,0.0329
TLMUSDT,15,1652580000,0.0329,0.0333,0.0324,0.0324
TLMUSDT,15,1652580900,0.0324,0.0327,0.0323,0.0325
TLMUSDT,15,1652581800,0.0325,0.0325,0.0322,0.0322
TLMUSDT,15,1652582700,0.0322,0.0324,0.0321,0.0324
TLMUSDT,15,1652583600,0.0324,0.0325,0.032,0.032
TLMUSDT,15,1652584500,0.032,0.032,0.0316,0.0316
TLMUSDT,15,1652585400,0.0316,0.0319,0.0315,0.0317
TLMUSDT,15,1652586300,0.0317,0.0319,0.0317,0.0319
TLMUSDT,15,1652587200,0.0319,0.0323,0.0318,0.0323
TLMUSDT,15,1652588100,0.0323,0.0325,0.0322,0.0323
TLMUSDT,15,1652589000,0.0323,0.0323,0.0317,0.0319
TLMUSDT,15,1652589900,0.0319,0.0321,0.0318,0.0319
TLMUSDT,15,1652590800,0.0319,0.0319,0.0316,0.0317
TLMUSDT,15,1652591700,0.0317,0.0321,0.0317,0.032
TLMUSDT,15,1652592600,0.032,0.0326,0.032,0.0326
TLMUSDT,15,1652593500,0.0326,0.033,0.0326,0.0329
TLMUSDT,15,1652594400,0.0329,0.033,0.0328,0.0328
TLMUSDT,15,1652595300,0.0328,0.0333,0.0327,0.0333
TLMUSDT,15,1652596200,0.0333,0.0334,0.033,0.033
TLMUSDT,15,1652597100,0.033,0.0335,0.033,0.0335
TLMUSDT,15,1652598000,0.0335,0.0336,0.0333,0.0335
TLMUSDT,15,1652598900,0.0335,0.0335,0.0332,0.0333
TLMUSDT,15,1652599800,0.0333,0.0335,0.0332,0.0334
TLMUSDT,15,1652600700,0.0334,0.0334,0.033,0.033
TLMUSDT,15,1652601600,0.033,0.0332,0.0326,0.0326
TLMUSDT,15,1652602500,0.0326,0.0328,0.0324,0.0326
TLMUSDT,15,1652603400,0.0326,0.0328,0.0326,0.0327
TLMUSDT,15,1652604300,0.0327,0.0327,0.0323,0.0324
TLMUSDT,15,1652605200,0.0324,0.0326,0.0323,0.0323
TLMUSDT,15,1652606100,0.0323,0.033,0.0323,0.0328
TLMUSDT,15,1652607000,0.0328,0.033,0.0327,0.033
TLMUSDT,15,1652607900,0.033,0.0334,0.033,0.0334
TLMUSDT,15,1652608800,0.0334,0.0336,0.0331,0.0331
TLMUSDT,15,1652609700,0.0331,0.0332,0.0331,0.0332
TLMUSDT,15,1652610600,0.0332,0.0334,0.033,0.0334
TLMUSDT,15,1652611500,0.0334,0.0341,0.0334,0.0341
TLMUSDT,15,1652612400,0.0341,0.0341,0.0338,0.0338
TLMUSDT,15,1652613300,0.0338,0.0339,0.0336,0.0339
TLMUSDT,15,1652614200,0.0339,0.0344,0.0339,0.0342
TLMUSDT,15,1652615100,0.0342,0.0347,0.0342,0.0343
TLMUSDT,15,1652616000,0.0343,0.0347,0.0343,0.0345
TLMUSDT,15,1652616900,0.0345,0.0347,0.0341,0.0341
TLMUSDT,15,1652617800,0.0341,0.0341,0.0338,0.0341
TLMUSDT,15,1652618700,0.0341,0.0344,0.034,0.034
TLMUSDT,15,1652619600,0.034,0.0342,0.0338,0.0342
TLMUSDT,15,1652620500,0.0342,0.0344,0.0339,0.0339
TLMUSDT,15,1652621400,0.0339,0.0339,0.0337,0.0337
TLMUSDT,15,1652622300,0.0337,0.0338,0.0336,0.0337
TLMUSDT,15,1652623200,0.0337,0.0339,0.0331,0.0332
TLMUSDT,15,1652624100,0.0332,0.0334,0.0329,0.0331
TLMUSDT,15,1652625000,0.0331,0.0334,0.0328,0.0333
TLMUSDT,15,1652625900,0.0333,0.0335,0.0333,0.0334
TLMUSDT,15,1652626800,0.0334,0.0338,0.0334,0.0338
TLMUSDT,15,1652627700,0.0338,0.0338,0.0335,0.0336
TLMUSDT,15,1652628600,0.0336,0.0336,0.033,0.0331
TLMUSDT,15,1652629500,0.0331,0.0332,0.0328,0.0331
TLMUSDT,15,1652630400,0.0331,0.0334,0.033,0.0331
TLMUSDT,15,1652631300,0.0331,0.0335,0.0331,0.0334
TLMUSDT,15,1652632200,0.0334,0.0339,0.0334,0.0339
TLMUSDT,15,1652633100,0.0339,0.034,0.0338,0.0339
TLMUSDT,15,1652634000,0.0339,0.0341,0.0338,0.034
TLMUSDT,15,1652634900,0.034,0.0341,0.0339,0.034
TLMUSDT,15,1652635800,0.034,0.034,0.0335,0.0335
TLMUSDT,15,1652636700,0.0335,0.0335,0.0329,0.0329
TLMUSDT,15,1652637600,0.0329,0.033,0.0328,0.033
TLMUSDT,15,1652638500,0.033,0.0333,0.033,0.0332
TLMUSDT,15,1652639400,0.0332,0.0338,0.0331,0.0338
TLMUSDT,15,1652640300,0.0338,0.0338,0.0334,0.0334
TLMUSDT,15,1652641200,0.0334,0.0335,0.0332,0.0332
TLMUSDT,15,1652642100,0.0332,0.0335,0.0332,0.0334
TLMUSDT,15,1652643000,0.0334,0.0338,0.0333,0.0337
TLMUSDT,15,1652643900,0.0337,0.0342,0.0337,0.0342
TLMUSDT,15,1652644800,0.0342,0.0346,0.034,0.0346
TLMUSDT,15,1652645700,0.0346,0.0348,0.0344,0.0346
TLMUSDT,15,1652646600,0.0346,0.0347,0.0344,0.0345
TLMUSDT,15,1652647500,0.0345,0.035,0.0344,0.035
TLMUSDT,15,1652648400,0.035,0.0353,0.0348,0.0349
TLMUSDT,15,1652649300,0.0349,0.035,0.0346,0.0347
TLMUSDT,15,1652650200,0.0347,0.0349,0.0346,0.0349
TLMUSDT,15,1652651100,0.0349,0.035,0.0348,0.0349
TLMUSDT,15,1669935600,0.015875,0.015887,0.015865,0.015887
TLMUSDT,15,1669935600,0.015875,0.015916,0.015865,0.015887
TLMUSDT,1,1669935600,0.015875,0.015875,0.015865,0.015865
TLMUSDT,1,1669935660,0.015865,0.015878,0.015865,0.015878
TLMUSDT,1,1669935720,0.015878,0.015895,0.015878,0.015895
TLMUSDT,1,1669935780,0.015895,0.015906,0.015895,0.015896
TLMUSDT,1,1669935840,0.015896,0.015916,0.015896,0.015916
TLMUSDT,1,1669935900,0.015916,0.015916,0.015869,0.015869
