symbol,period,start_at,open,high,low,close
LPTUSDT,15,1652565600,14.98,15.05,14.93,15.05
LPTUSDT,15,1652566500,15.05,15.06,14.89,14.89
LPTUSDT,15,1652567400,14.89,14.89,14.84,14.86
LPTUSDT,15,1652568300,14.86,15.25,14.86,15.17
LPTUSDT,15,1652569200,15.17,15.19,15.04,15.05
LPTUSDT,15,1652570100,15.05,15.21,15.04,15.2
LPTUSDT,15,1652571000,15.2,15.2,15.03,15.18
LPTUSDT,15,1652571900,15.18,15.26,14.93,14.95
LPTUSDT,15,1652572800,14.95,15.16,14.95,15.07
LPTUSDT,15,1652573700,15.07,15.17,15.05,15.06
LPTUSDT,15,1652574600,15.06,15.11,14.83,14.87
LPTUSDT,15,1652575500,14.87,14.97,14.87,14.97
LPTUSDT,15,1652576400,14.97,15.0,14.8,14.82
LPTUSDT,15,1652577300,14.82,14.92,14.82,14.9
LPTUSDT,15,1652578200,14.9,14.91,14.77,14.81
LPTUSDT,15,1652579100,14.81,14.91,14.8,14.89
LPTUSDT,15,1652580000,14.89,14.91,14.74,14.77
LPTUSDT,15,1652580900,14.77,14.8,14.45,14.45
LPTUSDT,15,1652581800,14.45,14.45,14.19,14.19
LPTUSDT,15,1652582700,14.19,14.8,14.12,14.39
LPTUSDT,15,1652583600,14.39,14.47,14.35,14.38
LPTUSDT,15,1652584500,14.38,14.39,14.2,14.23
LPTUSDT,15,1652585400,14.23,14.32,14.08,14.29
LPTUSDT,15,1652586300,14.29,14.38,14.29,14.38
LPTUSDT,15,1652587200,14.38,14.54,14.35,14.52
LPTUSDT,15,1652588100,14.52,14.55,14.44,14.49
LPTUSDT,15,1652589000,14.49,14.49,14.35,14.44
LPTUSDT,15,1652589900,14.44,14.45,14.4,14.4
LPTUSDT,15,1652590800,14.4,14.42,14.34,14.4
LPTUSDT,15,1652591700,14.4,14.56,14.38,14.52
LPTUSDT,15,1652592600,14.52,14.65,14.47,14.65
LPTUSDT,15,1652593500,14.65,14.67,14.59,14.61
LPTUSDT,15,1652594400,14.61,14.67,14.58,14.62
LPTUSDT,15,1652595300,14.62,14.71,14.54,14.7
LPTUSDT,15,1652596200,14.7,14.7,14.6,14.61
LPTUSDT,15,1652597100,14.61,14.63,14.47,14.63
LPTUSDT,15,1652598000,14.63,14.95,14.63,14.91
LPTUSDT,15,1652598900,14.91,14.97,14.86,14.86
LPTUSDT,15,1652599800,14.86,14.98,14.85,14.98
LPTUSDT,15,1652600700,14.98,14.99,14.75,14.77
LPTUSDT,15,1652601600,14.77,14.8,14.64,14.69
LPTUSDT,15,1652602500,14.69,14.94,14.64,14.74
LPTUSDT,15,1652603400,14.74,14.82,14.63,14.72
LPTUSDT,15,1652604300,14.72,14.72,14.62,14.69
LPTUSDT,15,1652605200,14.69,14.73,14.59,14.59
LPTUSDT,15,1652606100,14.59,14.86,14.58,14.8
LPTUSDT,15,1652607000,14.8,14.9,14.8,14.9
LPTUSDT,15,1652607900,14.9,14.9,14.81,14.88
LPTUSDT,15,1652608800,14.88,14.94,14.77,14.8
LPTUSDT,15,1652609700,14.8,14.87,14.8,14.84
LPTUSDT,15,1652610600,14.84,14.91,14.82,14.9
LPTUSDT,15,1652611500,14.9,15.11,14.9,15.06
LPTUSDT,15,1652612400,15.06,15.11,15.01,15.06
LPTUSDT,15,1652613300,15.06,15.21,15.03,15.19
LPTUSDT,15,1652614200,15.19,15.38,15.17,15.3
LPTUSDT,15,1652615100,15.3,15.39,15.26,15.27
LPTUSDT,15,1652616000,15.27,15.36,15.25,15.25
LPTUSDT,15,1652616900,15.25,15.34,15.16,15.16
LPTUSDT,15,1652617800,15.16,15.16,15.05,15.13
LPTUSDT,15,1652618700,15.13,15.17,15.08,15.13
LPTUSDT,15,1652619600,15.13,15.13,15.02,15.07
LPTUSDT,15,1652620500,15.07,15.11,14.89,14.92
LPTUSDT,15,1652621400,14.92,15.0,14.91,14.95
LPTUSDT,15,1652622300,14.95,14.99,14.94,14.99
LPTUSDT,15,1652623200,14.99,14.99,14.82,14.84
LPTUSDT,15,1652624100,14.84,14.86,14.74,14.8
LPTUSDT,15,1652625000,14.8,14.89,14.71,14.88
LPTUSDT,15,1652625900,14.88,15.0,14.88,14.97
LPTUSDT,15,1652626800,14.97,15.12,14.97,15.1
LPTUSDT,15,1652627700,15.1,15.1,15.01,15.04
LPTUSDT,15,1652628600,15.04,15.05,14.91,14.94
LPTUSDT,15,1652629500,14.94,14.98,14.85,14.95
LPTUSDT,15,1652630400,14.95,15.01,14.92,14.92
LPTUSDT,15,1652631300,14.92,15.06,14.92,15.05
LPTUSDT,15,1652632200,15.05,15.3,15.05,15.27
LPTUSDT,15,1652633100,15.27,15.31,15.17,15.17
LPTUSDT,15,1652634000,15.17,15.21,15.16,15.17
LPTUSDT,15,1652634900,15.17,15.22,15.15,15.16
LPTUSDT,15,1652635800,15.16,15.16,15.05,15.05
LPTUSDT,15,1652636700,15.05,15.06,14.96,15.01
LPTUSDT,15,1652637600,15.01,15.07,14.96,14.99
LPTUSDT,15,1652638500,14.99,15.08,14.99,15.05
LPTUSDT,15,1652639400,15.05,15.13,15.04,15.11
LPTUSDT,15,1652640300,15.11,15.12,15.02,15.05
LPTUSDT,15,1652641200,15.05,15.13,15.04,15.08
LPTUSDT,15,1652642100,15.08,15.1,15.05,15.07
LPTUSDT,15,1652643000,15.07,15.17,15.07,15.17
LPTUSDT,15,1652643900,15.17,15.28,15.17,15.28
LPTUSDT,15,1652644800,15.28,15.51,15.22,15.46
LPTUSDT,15,1652645700,15.46,15.6,15.41,15.57
LPTUSDT,15,1652646600,15.57,15.64,15.51,15.63
LPTUSDT,15,1652647500,15.63,15.76,15.61,15.62
LPTUSDT,15,1652648400,15.62,15.62,15.48,15.49
LPTUSDT,15,1652649300,15.49,15.52,15.45,15.45
LPTUSDT,15,1652650200,15.45,15.46,15.36,15.45
LPTUSDT,15,1652651100,15.45,15.55,15.42,15.54
LPTUSDT,15,1669935600,7.496,7.509,7.496,7.509
LPTUSDT,15,1669935600,7.496,7.523,7.496,7.513
LPTUSDT,1,1669935600,7.496,7.509,7.496,7.509
LPTUSDT,1,1669935660,7.509,7.509,7.508,7.509
LPTUSDT,1,1669935720,7.509,7.523,7.508,7.523
LPTUSDT,1,1669935780,7.523,7.523,7.508,7.509
LPTUSDT,1,1669935840,7.509,7.513,7.503,7.513
LPTUSDT,1,1669935900,7.513,7.513,7.513,7.513
