symbol,period,start_at,open,high,low,close
CELOUSDT,15,1652652000,1.561,1.581,1.561,1.571
CELOUSDT,15,1652652900,1.571,1.589,1.57,1.582
CELOUSDT,15,1652653800,1.582,1.593,1.575,1.582
CELOUSDT,15,1652654700,1.582,1.587,1.571,1.572
CELOUSDT,15,1652655600,1.572,1.581,1.562,1.58
CELOUSDT,15,1652656500,1.58,1.591,1.568,1.589
CELOUSDT,15,1652657400,1.589,1.598,1.582,1.596
CELOUSDT,15,1652658300,1.596,1.605,1.594,1.605
CELOUSDT,15,1652659200,1.605,1.606,1.568,1.568
CELOUSDT,15,1652660100,1.568,1.572,1.558,1.567
CELOUSDT,15,1652661000,1.567,1.568,1.545,1.552
CELOUSDT,15,1652661900,1.552,1.559,1.548,1.555
CELOUSDT,15,1652662800,1.555,1.565,1.537,1.541
CELOUSDT,15,1652663700,1.541,1.559,1.538,1.54
CELOUSDT,15,1652664600,1.54,1.541,1.523,1.527
CELOUSDT,15,1652665500,1.527,1.532,1.524,1.531
CELOUSDT,15,1652666400,1.531,1.537,1.522,1.527
CELOUSDT,15,1652667300,1.527,1.529,1.522,1.527
CELOUSDT,15,1652668200,1.527,1.54,1.524,1.531
CELOUSDT,15,1652669100,1.531,1.542,1.524,1.54
CELOUSDT,15,1652670000,1.54,1.547,1.529,1.536
CELOUSDT,15,1652670900,1.536,1.537,1.525,1.529
CELOUSDT,15,1652671800,1.529,1.533,1.524,1.525
CELOUSDT,15,1652672700,1.525,1.532,1.524,1.528
CELOUSDT,15,1652673600,1.528,1.528,1.506,1.51
CELOUSDT,15,1652674500,1.51,1.522,1.508,1.516
CELOUSDT,15,1652675400,1.516,1.52,1.503,1.519
CELOUSDT,15,1652676300,1.519,1.521,1.514,1.514
CELOUSDT,15,1652677200,1.514,1.518,1.51,1.517
CELOUSDT,15,1652678100,1.517,1.525,1.515,1.522
CELOUSDT,15,1652679000,1.522,1.526,1.519,1.522
CELOUSDT,15,1652679900,1.522,1.523,1.507,1.511
CELOUSDT,15,1652680800,1.511,1.511,1.459,1.469
CELOUSDT,15,1652681700,1.469,1.471,1.435,1.439
CELOUSDT,15,1652682600,1.439,1.449,1.435,1.447
CELOUSDT,15,1652683500,1.447,1.448,1.421,1.435
CELOUSDT,15,1652684400,1.435,1.435,1.415,1.42
CELOUSDT,15,1652685300,1.42,1.432,1.414,1.429
CELOUSDT,15,1652686200,1.429,1.432,1.424,1.431
CELOUSDT,15,1652687100,1.431,1.441,1.428,1.431
CELOUSDT,15,1652688000,1.431,1.448,1.431,1.447
CELOUSDT,15,1652688900,1.447,1.458,1.447,1.449
CELOUSDT,15,1652689800,1.449,1.46,1.447,1.46
CELOUSDT,15,1652690700,1.46,1.46,1.451,1.452
CELOUSDT,15,1652691600,1.452,1.453,1.441,1.445
CELOUSDT,15,1652692500,1.445,1.445,1.417,1.421
CELOUSDT,15,1652693400,1.421,1.432,1.417,1.424
CELOUSDT,15,1652694300,1.424,1.438,1.421,1.422
CELOUSDT,15,1652695200,1.422,1.433,1.402,1.431
CELOUSDT,15,1652696100,1.431,1.447,1.431,1.439
CELOUSDT,15,1652697000,1.439,1.454,1.437,1.449
CELOUSDT,15,1652697900,1.449,1.466,1.449,1.464
CELOUSDT,15,1652698800,1.464,1.464,1.441,1.443
CELOUSDT,15,1652699700,1.443,1.447,1.434,1.442
CELOUSDT,15,1652700600,1.442,1.444,1.432,1.439
CELOUSDT,15,1652701500,1.439,1.439,1.429,1.431
CELOUSDT,15,1652702400,1.431,1.433,1.419,1.431
CELOUSDT,15,1652703300,1.431,1.448,1.417,1.447
CELOUSDT,15,1652704200,1.447,1.458,1.435,1.442
CELOUSDT,15,1652705100,1.442,1.444,1.432,1.435
CELOUSDT,15,1652706000,1.435,1.448,1.432,1.436
CELOUSDT,15,1652706900,1.436,1.437,1.424,1.427
CELOUSDT,15,1652707800,1.427,1.441,1.417,1.432
CELOUSDT,15,1652708700,1.432,1.434,1.41,1.411
CELOUSDT,15,1652709600,1.411,1.434,1.407,1.429
CELOUSDT,15,1652710500,1.429,1.437,1.426,1.433
CELOUSDT,15,1652711400,1.433,1.436,1.415,1.419
CELOUSDT,15,1652712300,1.419,1.419,1.408,1.408
CELOUSDT,15,1652713200,1.408,1.416,1.402,1.406
CELOUSDT,15,1652714100,1.406,1.417,1.406,1.41
CELOUSDT,15,1652715000,1.41,1.432,1.386,1.391
CELOUSDT,15,1652715900,1.391,1.419,1.391,1.414
CELOUSDT,15,1652716800,1.414,1.425,1.403,1.407
CELOUSDT,15,1652717700,1.407,1.42,1.403,1.41
CELOUSDT,15,1652718600,1.41,1.422,1.402,1.402
CELOUSDT,15,1652719500,1.402,1.409,1.397,1.399
CELOUSDT,15,1652720400,1.399,1.412,1.397,1.405
CELOUSDT,15,1652721300,1.405,1.421,1.403,1.418
CELOUSDT,15,1652722200,1.418,1.429,1.418,1.426
CELOUSDT,15,1652723100,1.426,1.427,1.418,1.419
CELOUSDT,15,1652724000,1.419,1.435,1.412,1.434
CELOUSDT,15,1652724900,1.434,1.437,1.431,1.433
CELOUSDT,15,1652725800,1.433,1.437,1.429,1.431
CELOUSDT,15,1652726700,1.431,1.434,1.427,1.432
CELOUSDT,15,1652727600,1.432,1.439,1.427,1.428
CELOUSDT,15,1652728500,1.428,1.431,1.424,1.426
CELOUSDT,15,1652729400,1.426,1.426,1.416,1.42
CELOUSDT,15,1652730300,1.42,1.424,1.405,1.412
CELOUSDT,15,1652731200,1.412,1.429,1.412,1.428
CELOUSDT,15,1652732100,1.428,1.432,1.419,1.424
CELOUSDT,15,1652733000,1.424,1.424,1.417,1.42
CELOUSDT,15,1652733900,1.42,1.43,1.419,1.43
CELOUSDT,15,1652734800,1.43,1.439,1.423,1.431
CELOUSDT,15,1652735700,1.431,1.436,1.428,1.428
CELOUSDT,15,1652736600,1.428,1.442,1.426,1.442
CELOUSDT,15,1652737500,1.442,1.442,1.431,1.44
