symbol,period,start_at,open,high,low,close
LDOUSDT,15,1658300400,1.6893,1.6921,1.6656,1.6673
LDOUSDT,15,1658301300,1.6673,1.68,1.6549,1.6763
LDOUSDT,15,1658302200,1.6763,1.6793,1.648,1.6525
LDOUSDT,15,1658303100,1.6525,1.6575,1.6305,1.6305
LDOUSDT,15,1658304000,1.6305,1.6476,1.612,1.6457
LDOUSDT,15,1658304900,1.6457,1.6475,1.6196,1.6245
LDOUSDT,15,1658305800,1.6245,1.6866,1.6221,1.6866
LDOUSDT,15,1658306700,1.6866,1.7098,1.6707,1.6707
LDOUSDT,15,1658307600,1.6707,1.6954,1.6568,1.6939
LDOUSDT,15,1658308500,1.6939,1.6988,1.6889,1.6988
LDOUSDT,15,1658309400,1.6988,1.742,1.6977,1.6982
LDOUSDT,15,1658310300,1.6982,1.7012,1.688,1.695
LDOUSDT,15,1658311200,1.695,1.7168,1.677,1.7125
LDOUSDT,15,1658312100,1.7125,1.7557,1.7072,1.7557
LDOUSDT,15,1658313000,1.7557,1.7601,1.722,1.7438
LDOUSDT,15,1658313900,1.7438,1.7453,1.7104,1.725
LDOUSDT,15,1658314800,1.725,1.7776,1.723,1.7758
LDOUSDT,15,1658315700,1.7758,1.7956,1.7527,1.7637
LDOUSDT,15,1658316600,1.7637,1.7805,1.7636,1.7685
LDOUSDT,15,1658317500,1.7685,1.7979,1.7544,1.794
LDOUSDT,15,1658318400,1.794,1.839,1.794,1.8323
LDOUSDT,15,1658319300,1.8323,1.8972,1.8302,1.843
LDOUSDT,15,1658320200,1.843,1.8645,1.7701,1.7722
LDOUSDT,15,1658321100,1.7722,1.7754,1.7333,1.7333
LDOUSDT,15,1658322000,1.7333,1.7619,1.721,1.7596
LDOUSDT,15,1658322900,1.7596,1.7659,1.7324,1.7369
LDOUSDT,15,1658323800,1.7369,1.7424,1.7097,1.7113
LDOUSDT,15,1658324700,1.7113,1.7261,1.7098,1.7166
LDOUSDT,15,1658325600,1.7166,1.717,1.6839,1.688
LDOUSDT,15,1658326500,1.688,1.7562,1.6875,1.7543
LDOUSDT,15,1658327400,1.7543,1.7844,1.7137,1.7247
LDOUSDT,15,1658328300,1.7247,1.7565,1.7246,1.7527
LDOUSDT,15,1658329200,1.7527,1.7741,1.6837,1.6837
LDOUSDT,15,1658330100,1.6837,1.7181,1.6832,1.7074
LDOUSDT,15,1658331000,1.7074,1.717,1.6969,1.7125
LDOUSDT,15,1658331900,1.7125,1.7144,1.6991,1.7117
LDOUSDT,15,1658332800,1.7117,1.7278,1.6891,1.7265
LDOUSDT,15,1658333700,1.7265,1.7338,1.6813,1.6866
LDOUSDT,15,1658334600,1.6866,1.689,1.5896,1.5896
LDOUSDT,15,1658335500,1.5896,1.5965,1.5635,1.5884
LDOUSDT,15,1658336400,1.5884,1.5989,1.554,1.5585
LDOUSDT,15,1658337300,1.5585,1.5829,1.5488,1.575
LDOUSDT,15,1658338200,1.575,1.6174,1.575,1.5943
LDOUSDT,15,1658339100,1.5943,1.619,1.5928,1.6053
LDOUSDT,15,1658340000,1.6053,1.6148,1.6045,1.6132
LDOUSDT,15,1658340900,1.6132,1.6592,1.6131,1.6494
LDOUSDT,15,1658341800,1.6494,1.65,1.6291,1.6304
LDOUSDT,15,1658342700,1.6304,1.6538,1.6177,1.62
LDOUSDT,15,1658343600,1.62,1.632,1.6194,1.6255
LDOUSDT,15,1658344500,1.6255,1.6255,1.6035,1.6085
LDOUSDT,15,1658345400,1.6085,1.6085,1.5578,1.5591
LDOUSDT,15,1658346300,1.5591,1.5885,1.5549,1.5885
LDOUSDT,15,1658347200,1.5885,1.5964,1.4935,1.4935
LDOUSDT,15,1658348100,1.4935,1.4942,1.424,1.4581
LDOUSDT,15,1658349000,1.4581,1.5018,1.456,1.5018
LDOUSDT,15,1658349900,1.5018,1.5639,1.4989,1.5494
LDOUSDT,15,1658350800,1.5494,1.5811,1.5417,1.5779
LDOUSDT,15,1658351700,1.5779,1.5973,1.57,1.5705
LDOUSDT,15,1658352600,1.5705,1.5939,1.558,1.5939
LDOUSDT,15,1658353500,1.5939,1.651,1.5938,1.5945
LDOUSDT,15,1658354400,1.5945,1.6315,1.5826,1.6257
LDOUSDT,15,1658355300,1.6257,1.6509,1.6222,1.6494
LDOUSDT,15,1658356200,1.6494,1.6528,1.6215,1.6233
LDOUSDT,15,1658357100,1.6233,1.6412,1.5954,1.5954
LDOUSDT,15,1658358000,1.5954,1.6009,1.575,1.577
LDOUSDT,15,1658358900,1.577,1.5775,1.5515,1.5525
LDOUSDT,15,1658359800,1.5525,1.5895,1.5482,1.5895
LDOUSDT,15,1658360700,1.5895,1.5948,1.5676,1.5695
LDOUSDT,15,1658361600,1.5695,1.5832,1.556,1.5832
LDOUSDT,15,1658362500,1.5832,1.6314,1.5811,1.5947
LDOUSDT,15,1658363400,1.5947,1.5947,1.5716,1.5726
LDOUSDT,15,1658364300,1.5726,1.5929,1.5636,1.5929
LDOUSDT,15,1658365200,1.5929,1.5943,1.5722,1.5892
LDOUSDT,15,1658366100,1.5892,1.5917,1.5662,1.5698
LDOUSDT,15,1658367000,1.5698,1.5714,1.5667,1.5695
LDOUSDT,15,1658367900,1.5695,1.5695,1.5327,1.5384
LDOUSDT,15,1658368800,1.5384,1.5455,1.5049,1.5061
LDOUSDT,15,1658369700,1.5061,1.5193,1.5059,1.5166
LDOUSDT,15,1658370600,1.5166,1.5212,1.4759,1.4759
LDOUSDT,15,1658371500,1.4759,1.4833,1.4495,1.4504
LDOUSDT,15,1658372400,1.4504,1.4594,1.4353,1.4538
LDOUSDT,15,1658373300,1.4538,1.4571,1.4323,1.4325
LDOUSDT,15,1658374200,1.4325,1.4353,1.4082,1.4205
LDOUSDT,15,1658375100,1.4205,1.4408,1.4205,1.4227
LDOUSDT,15,1658376000,1.4227,1.4261,1.4,1.4163
LDOUSDT,15,1658376900,1.4163,1.4435,1.4162,1.4261
LDOUSDT,15,1658377800,1.4261,1.444,1.4255,1.444
LDOUSDT,15,1658378700,1.444,1.4665,1.4391,1.466
LDOUSDT,15,1658379600,1.466,1.4965,1.4655,1.4763
LDOUSDT,15,1658380500,1.4763,1.5038,1.4761,1.5026
LDOUSDT,15,1658381400,1.5026,1.5036,1.433,1.4528
LDOUSDT,15,1658382300,1.4528,1.4688,1.4516,1.4655
LDOUSDT,15,1658383200,1.4655,1.4705,1.4621,1.4679
LDOUSDT,15,1658384100,1.4679,1.4927,1.4679,1.484
LDOUSDT,15,1658385000,1.484,1.4877,1.4628,1.4647
LDOUSDT,15,1658385900,1.4647,1.4695,1.457,1.4694
LDOUSDT,15,1669935600,1.1039,1.1049,1.103,1.1049
LDOUSDT,15,1669935600,1.1039,1.1068,1.103,1.1058
LDOUSDT,1,1669935600,1.1039,1.1047,1.103,1.1047
LDOUSDT,1,1669935660,1.1047,1.1057,1.1047,1.1057
LDOUSDT,1,1669935720,1.1057,1.1068,1.1057,1.1068
LDOUSDT,1,1669935780,1.1068,1.1068,1.1058,1.1058
LDOUSDT,1,1669935840,1.1058,1.1058,1.1058,1.1058
LDOUSDT,1,1669935900,1.1058,1.1058,1.1058,1.1058
